1000
14
19
263
76
20
366
864
153
85
184
145
414
455
937
1078
377
161
239
464
1129
302
346
464
1357
2760
821
717
1000
1385
2391
1161
3399
760
221
711
433
2271
692
2621
2710
3474
1654
637
1796
1231
1048
1033
1608
3538
2761
4928
4589
2135
754
791
2953
1132
3965
2097
2547
3368
1430
3175
4234
10718
1489
1821
1411
3876
1440
1362
5487
1861
2768
3060
3781
5184
3823
10591
4372
2763
6225
4709
3961
2620
1556
4544
2875
2385
1839
3604
2880
4432
2242
3611
3884
3037
6441
4406
5437
4215
5701
7255
5775
5327
2897
4239
3262
2157
943
3137
3431
6000
1373
2322
4720
5130
4402
6180
3726
3459
3707
5142
3581
4896
4722
5086
4324
10715
18554
11096
2091
5155
6627
4486
5020
6116
6100
4927
3473
5775
1734
7749
9590
7858
6055
20621
6401
2887
4883
7212
5479
6052
7090
6606
18209
7088
15215
13844
4622
5656
4811
4634
11006
8133
6244
10227
4234
8162
3116
3803
7469
8142
12430
15055
4634
12316
2783
5954
2843
2479
9788
8303
4888
7282
7611
7463
4735
6322
4163
6219
4502
5196
9753
5879
11637
9265
6862
8058
6811
8858
12567
12175
5874
8186
7651
7365
6151
5970
8734
5487
6665
6216
8347
6485
7532
4897
7874
9304
5996
3061
3469
6757
3512
3663
8593
13536
5182
2952
14490
7821
7497
5776
7212
14668
8662
9995
8832
7180
5414
8048
4657
6580
7247
7104
8869
12234
5342
12917
4966
9789
10312
4938
8036
22710
6679
13861
14238
23126
20252
20598
20256
13057
20967
2974
10750
18388
9396
9051
5644
4599
17340
6922
30967
8772
7528
19757
4947
7799
3867
7362
7137
18614
7569
14450
11957
19014
10185
10469
9337
10219
11489
20843
21704
23943
9676
13045
4237
12601
11928
7693
8710
15778
8900
5626
11250
21686
17310
17265
29310
13328
19682
27521
15340
12891
17100
23615
17857
15516
4744
14258
8515
8561
7129
22019
5543
13661
19187
13534
12635
11893
20977
8574
12674
10558
7669
16467
10887
9290
7262
3945
4740
5466
9193
18209
13261
24809
13801
16093
18061
28710
11061
26784
15382
18364
10029
3240
6760
8613
10936
8578
16893
4259
15675
23207
18092
11085
9893
6892
16551
18426
19177
9928
19647
8596
16108
9060
22436
15182
10001
7932
16519
14240
7588
9172
7156
22574
11526
11151
23828
11023
24040
19721
30361
18234
14061
13443
18117
13329
14519
20692
17029
16668
16024
15814
14638
23991
10080
8658
12320
16605
22078
24866
23057
8113
11950
7964
8788
13263
16592
14782
7172
15326
17302
8138
18104
8325
20281
9795
18825
25868
7568
17318
7944
12822
11869
9838
10522
11944
17565
9413
3155
5618
8382
9806
14650
6784
7975
17067
17555
14475
15692
20790
19351
20100
10472
12989
11066
5493
14848
27837
16568
15648
12515
15199
19704
8529
17862
11166
23681
16483
11303
10377
10880
11792
17449
16152
8826
8464
12539
8115
13103
8106
12943
15302
13850
10741
17128
8981
22746
14742
15761
24463
19916
13646
17339
12366
18389
18823
16287
26448
22690
19734
11424
27121
6567
21816
25968
9590
23201
28795
9751
15121
23052
30463
17520
25994
31599
31064
22927
20348
25913
24173
28097
23040
16687
30664
24577
21112
6193
27902
26961
26453
31208
25746
32296
9506
24010
20648
24265
29432
29208
7059
30004
30359
18276
10788
32426
32091
18334
29009
25438
28519
26352
29926
9869
10600
21869
17506
17421
26961
21390
8530
19079
18451
31887
23122
15447
31600
21007
28365
15145
24031
31022
27928
32055
16991
31682
25129
13494
26249
15307
25487
23492
23429
28650
29901
31053
31963
30802
26434
25466
26264
28758
30952
10748
14271
18559
21273
13985
24936
7974
23480
29705
26118
22827
29156
32122
31420
10671
29021
15431
29625
22266
23031
23981
21845
23800
31338
30997
31052
29753
23069
31840
21787
27693
32527
18910
25213
18044
32361
27326
29013
28748
31618
20204
31970
20215
30826
12212
8126
20826
31297
10178
30303
21574
14406
10438
29632
22493
22262
18684
7644
21924
32728
23491
26691
23335
14026
31275
23028
25533
21606
29715
22503
27348
25267
28449
13351
30044
23083
15569
15344
28321
28966
21964
16402
19022
10981
28306
22265
22563
11562
8839
13672
29433
21186
26276
16985
28376
24239
15646
23311
26012
31811
25053
31457
29668
26751
25288
18589
31828
30977
16500
21337
31623
28626
17058
26746
19619
25523
22889
16726
28086
8578
21692
8592
29463
29849
30182
21132
28713
17681
17532
26518
14209
21852
24421
18914
32018
30662
21118
27453
28337
23201
21958
24307
12176
15799
18893
26184
27167
31579
28431
21149
19184
31910
31589
25564
28606
23109
23456
23044
18351
14558
28789
31043
18646
29176
11251
24308
12463
25162
17418
20220
25742
30297
20753
13166
20284
22649
26842
18444
25546
27581
27930
15678
12423
14912
32715
27335
18651
29479
29634
27676
23036
26363
30899
30605
18748
20405
27644
14486
21026
14213
30439
29777
32164
30727
28284
27076
23462
25537
32422
32535
28333
24584
28308
24702
23846
22995
29390
31606
30044
30718
17863
23218
16421
27639
18694
16560
27395
26634
23472
26778
30732
24871
26568
28687
25621
12702
25266
25001
29527
24588
20186
24672
21824
32648
26879
30731
25259
22229
11230
26581
24892
26185
22520
29229
13612
20378
19387
32444
21186
30502
21313
25925
14471
27446
27033
22284
28753
26914
27230
20579
26838
32331
28886
30063
20536
14305
13576
31552
29953
26865
18978
17335
13703
30680
18578
20654
18091
31563
5736
5538
6392
22220
8708
22926
18838
19766
21987
19370
19108
25674
21239
23940
18197
30915
22963
24292
21745
15261
30859
30825
27730
23974
21440
28443
21030
21139
14846
31958
28537
18631
29015
20102
19232
26848
27367
20782
30133
31562
22968
23745
29994
21648
20247
24066
29524
15817
20131
27218
18177
29362
19616
30558
26344
27881
29306
29316
23725
29460
31330
16228
10703
21742
29584
18399
20564
17656
31406
28860
17921
26871
12213
17609
13235
29538
23012
25871
16761
25320
13619
15367
26527
31351
16341
25587
25391
25227
19501
21707
15825
12078
23571
26866
17968
16734
24518
23684
27373
26407
26354
16503
31929
26412
24578
32037
15932
25379
26326
18396
30593
13692
19056
30042
19271
31029
28119
