1000
22473
22967
31936
2842
25565
20367
26167
8691
2259
31339
5546
3021
18930
1349
11189
16925
26861
24788
29894
17388
31672
21006
19853
14461
5273
18924
11181
9520
12418
27245
7864
15014
24478
23773
23898
32038
23594
23895
13012
19519
902
8073
24748
3503
25996
28855
18595
32644
24096
15106
29416
30081
27912
19947
17547
1475
16383
4115
31284
26789
8964
32324
15125
4064
19192
7093
22557
14583
11880
14218
2927
32466
24744
11163
19474
11944
8993
30838
2538
25635
8427
25255
26087
12479
2207
30007
14972
21108
30822
3442
2131
15764
28758
21485
6975
32246
16127
18120
31602
13140
7232
14641
32496
11506
26208
27689
3907
26752
13657
9355
30576
30786
14455
25162
20011
5230
4642
7418
20551
23510
9720
10642
16240
1990
3360
11632
6428
5936
9434
17053
14783
13574
27482
12627
16446
24040
7894
25276
17831
2303
21214
28925
15647
22569
28652
30835
4124
4950
20796
3644
19156
29490
29917
32762
27893
32516
29193
16595
12950
469
10674
10173
26989
23254
25949
25336
9795
11516
22579
17627
28326
12781
13909
19924
10974
13343
22129
6059
29730
29758
4499
1542
4875
32207
21821
24626
16968
12052
7097
14368
2452
30767
16046
17070
17637
5513
22514
1320
11238
18805
9375
31759
28072
22801
7785
7961
13460
20589
16174
26232
9893
20976
8911
13663
13780
29943
31551
19907
21715
30654
2777
12639
25597
18564
6391
5114
27278
10730
5312
17132
28687
30365
23105
9695
2581
18484
19904
15571
29227
1372
16716
16229
14349
6962
22681
16720
25623
26096
24331
52
7676
3276
17425
16022
11195
21789
12724
20520
23759
12480
29040
15179
13734
3002
4930
5075
28501
7454
2818
29450
8074
16178
14323
12535
7362
4813
2713
17120
29372
29187
15562
25357
31533
30212
20488
26063
28341
5186
17934
24513
530
5842
18345
334
25492
29717
11721
19315
11472
18839
8408
454
7321
32311
16970
32184
11564
20361
5238
18199
23211
20088
5284
5591
11725
3888
15207
8465
24275
4155
22317
24396
9406
7401
29972
7164
1215
12022
19455
1608
13807
4967
24042
7440
27968
22197
17274
7215
9651
15405
21976
20221
14540
17559
10944
27672
23364
2070
5845
24165
20989
26447
10808
8017
29499
22477
23384
1629
18448
20388
21516
12761
25112
5205
5343
27887
14695
28914
25258
14052
9920
6019
12905
20379
19975
12711
1863
27995
3321
25727
30459
32721
16923
19399
18519
9305
32752
12358
24606
12153
111
32105
28695
28590
27828
14891
7263
3436
19702
2359
2819
11360
13497
29777
4558
12792
32581
1778
30304
21797
12374
31794
29824
23392
19733
1003
32436
9963
16711
25372
27918
31321
9413
29579
3656
5456
29996
18095
20244
3726
6101
28620
27565
3882
14344
14688
24498
21276
21868
18878
2100
4864
5826
31481
11278
15127
13523
27139
24180
5007
4519
278
28623
15876
20472
339
24776
11334
32486
20394
2979
29789
11757
2297
30671
9674
32019
8568
3003
1040
32102
4948
4331
19059
30117
24730
15946
23808
24382
27735
15554
2765
12152
28414
23050
17794
16626
2569
23999
29208
29004
16099
13495
14049
18212
19718
26258
27337
13380
15200
2449
2523
18457
4348
10412
21255
26216
222
20446
29474
22076
3375
12996
24878
15651
26010
8550
20444
23193
1269
16213
22607
6085
21028
12534
16931
16227
18490
13085
3246
29186
27106
20701
7557
10863
1022
11167
14402
26225
909
2418
9093
18358
25298
7586
7993
16654
29107
16268
4121
9175
32095
944
1138
8632
6963
27400
30250
5779
6879
7321
28161
11956
25540
23879
27671
15695
16801
14829
14767
22313
25711
6061
2098
1429
6025
7813
375
9634
29712
12835
11585
18323
4750
27899
20489
8847
32729
20886
9982
28826
31035
9773
9547
18116
13263
11894
5784
15776
13102
14270
19155
32248
29515
11064
12080
1471
27036
6805
30830
14663
8571
31444
16989
5301
30667
348
18589
4529
14814
22344
7336
5474
11158
5890
32018
31385
14539
18451
12816
3148
21997
19769
4920
1095
21483
30906
6791
25118
11091
15097
10408
11878
698
8007
24179
32292
29790
2811
12213
19078
22282
29381
4911
28881
3642
31295
29665
28315
9600
12741
18312
11834
15142
26247
28261
30588
32277
14556
16448
22681
17141
27866
27309
7013
29846
10531
1166
6858
25487
6145
31449
3190
14629
7862
15003
4817
4462
7949
15421
11058
182
30517
21510
19538
2081
13263
27618
18689
15762
10310
2658
19223
10956
24927
19203
31406
10199
9745
11187
9614
13478
31382
21393
31465
5622
22978
14069
12105
14713
6292
15536
7366
9524
10251
18581
13180
30245
10554
20280
20028
12842
1951
22261
16258
28958
3505
2612
10919
8517
10168
16108
32088
27370
18657
5990
7495
30534
9874
8260
7712
7844
15867
4033
5055
16835
22510
2618
21664
21116
32496
4078
16535
20388
7056
30722
24513
14388
10999
7368
28090
14759
17345
7488
9488
7588
23819
22495
24312
15069
3021
656
23360
27959
10859
1017
17541
22827
7814
29183
17574
32364
12568
22924
15736
24010
11456
13199
31164
13910
13914
11077
27214
7623
5075
6584
17311
30748
21819
23173
3940
4739
5148
24033
1680
25978
15627
7134
18304
16948
6012
19691
15478
28478
32731
2970
17993
30818
2008
17319
32603
13772
28930
4661
10954
20075
13719
31578
9195
14746
5018
6366
25076
1024
20007
9792
25592
23476
6404
3578
6425
10149
25208
23558
6393
11834
28512
14753
16497
3893
32127
22095
1670
5341
24598
25119
7576
8284
19124
32048
13533
13670
15952
16500
28174
26907
19605
17332
23392
14383
9597
17621
6582
2120
8993
21593
23317
22695
18384
11049
30040
26123
25182
3473
18725
17874
19646
24460
5407
15458
30931
20034
2397
21191
16260
13007
12060
28573
9743
4678
30896
30513
3487
24309
3521
14051
288
24299
10163
8143
5458
23480
4710
5292
3868
32628
9504
20211
17444
771
18375
8004
27036
4502
22612
3335
17759
1397
1156
6479
30012
25085
27600
10499
16529
12004
7584
23103
10268
6341
18364
18680
10255
31448
10499
1759
24674
13824
7263
19080
5997
30988
20472
6604
19126
24118
31912
29548
16904
496
12720
15350
22725
30433
2217
29165
29052
15146
21949
27940
18366
4845
10262
11627
5166
27664
11927
31853
14040
12094
21706
26329
23492
8751
11290
20672
19914
16170
30019
10559
