1000
41
43
48
64
88
94
94
117
141
171
192
223
316
431
468
489
499
512
550
615
672
691
721
765
766
771
786
816
820
880
907
910
971
989
1033
1061
1092
1137
1151
1194
1211
1289
1315
1337
1364
1442
1498
1600
1608
1617
1630
1658
1670
1735
1781
1795
1848
1851
1860
1877
1912
1925
1939
1949
1961
2025
2034
2062
2091
2107
2177
2311
2335
2338
2357
2394
2407
2413
2420
2439
2474
2492
2499
2501
2518
2536
2581
2697
2719
2724
2772
2841
2917
2925
2953
2981
3069
3077
3169
3169
3207
3262
3288
3303
3366
3391
3392
3412
3426
3470
3474
3510
3547
3587
3608
3613
3616
3639
3654
3670
3671
3753
3793
3819
3841
3863
3887
3993
3998
4016
4123
4162
4221
4235
4253
4254
4327
4329
4354
4419
4436
4447
4557
4570
4576
4627
4630
4657
4884
4898
4906
4946
4990
4991
5013
5054
5065
5083
5089
5160
5167
5192
5207
5276
5292
5296
5341
5356
5377
5424
5445
5567
5627
5665
5730
5733
5745
5747
5765
5795
5812
5824
5849
5882
5909
5922
6001
6022
6023
6113
6122
6139
6153
6197
6277
6292
6293
6306
6367
6368
6378
6415
6455
6487
6544
6588
6699
6708
6744
6756
6779
6982
7001
7012
7044
7086
7114
7174
7215
7255
7359
7359
7366
7380
7410
7422
7427
7453
7481
7526
7580
7583
7585
7596
7684
7690
7726
7764
7866
7878
7891
7896
7981
8027
8041
8058
8119
8190
8320
8362
8375
8400
8417
8424
8432
8448
8469
8469
8470
8501
8578
8718
8725
8802
8807
8826
8859
8872
8895
8958
9032
9075
9133
9223
9315
9369
9398
9414
9435
9445
9463
9508
9539
9545
9573
9592
9597
9637
9638
9644
9657
9769
9810
9821
9838
9894
9895
9917
9929
9963
10014
10025
10183
10191
10203
10206
10216
10251
10267
10306
10339
10373
10418
10436
10485
10515
10556
10580
10618
10657
10662
10678
10680
10725
10739
10822
10882
10945
11082
11243
11255
11283
11309
11321
11337
11401
11445
11451
11517
11541
11582
11694
11712
11746
11796
11857
11873
11928
11953
12000
12012
12028
12040
12041
12056
12093
12122
12124
12142
12152
12177
12218
12307
12323
12360
12404
12455
12494
12589
12609
12709
12725
12727
12792
12805
12831
12842
12862
12873
12875
12876
12906
12947
12952
12977
12979
13069
13103
13127
13184
13200
13204
13231
13244
13244
13260
13277
13290
13291
13365
13445
13478
13481
13504
13523
13534
13633
13634
13635
13659
13771
13779
13797
13839
13856
13867
13914
13932
13971
13976
14059
14063
14087
14100
14162
14170
14195
14198
14309
14428
14461
14497
14545
14564
14610
14631
14648
14698
14704
14732
14734
14735
14758
14799
14806
14908
14920
14943
14949
14987
15001
15044
15048
15059
15078
15087
15116
15130
15151
15155
15155
15156
15178
15201
15258
15417
15435
15477
15518
15530
15531
15535
15562
15596
15629
15634
15743
15760
15768
15842
15942
16008
16038
16044
16097
16111
16112
16181
16230
16252
16266
16291
16301
16307
16309
16312
16316
16367
16374
16379
16411
16459
16464
16516
16551
16557
16569
16716
16718
16719
16723
16772
16774
16816
16990
17039
17259
17322
17331
17408
17450
17455
17483
17494
17512
17514
17523
17540
17556
17573
17602
17606
17607
17611
17640
17654
17665
17744
17810
17838
17847
17853
17921
17926
17978
17996
18010
18034
18034
18042
18046
18067
18089
18096
18153
18168
18238
18239
18267
18299
18312
18343
18375
18405
18411
18466
18483
18490
18526
18544
18595
18696
18770
18770
18800
18819
18844
18977
19026
19084
19121
19139
19157
19213
19305
19335
19351
19369
19416
19430
19431
19435
19445
19457
19472
19473
19530
19638
19838
19841
19878
20022
20068
20076
20093
20133
20150
20164
20188
20339
20377
20384
20384
20386
20406
20441
20466
20615
20665
20749
20829
20854
20854
20883
20888
20936
20988
20998
21030
21051
21088
21134
21134
21159
21253
21325
21343
21371
21375
21388
21444
21457
21467
21484
21585
21636
21658
21721
21734
21740
21747
21792
21823
21839
21874
21877
21998
22008
22020
22038
22055
22153
22222
22240
22244
22248
22285
22341
22393
22411
22411
22429
22437
22477
22485
22506
22523
22544
22569
22614
22618
22626
22733
22733
22770
22832
22836
22848
22882
22920
22943
22953
22976
22986
22991
23019
23075
23085
23102
23138
23175
23199
23228
23240
23285
23495
23500
23513
23665
23689
23702
23812
23812
23928
24018
24066
24075
24085
24129
24164
24195
24203
24219
24228
24286
24288
24353
24395
24469
24497
24511
24521
24580
24644
24689
24700
24709
24752
24761
24765
24787
24795
24824
24871
24918
24938
24951
24986
24988
25075
25078
25105
25107
25158
25165
25205
25211
25235
25272
25282
25290
25346
25363
25415
25521
25550
25580
25591
25592
25606
25624
25635
25708
25764
25848
25882
25892
25898
25901
25963
25970
25980
25997
26002
26021
26026
26057
26081
26102
26134
26136
26177
26185
26211
26396
26400
26477
26485
26528
26529
26597
26603
26610
26639
26653
26683
26714
26719
26740
26742
26746
26775
26827
26842
26915
26977
26987
26990
27054
27111
27140
27165
27181
27286
27315
27318
27454
27459
27475
27483
27497
27521
27561
27584
27680
27691
27701
27708
27722
27727
27737
27738
27748
27777
27780
27799
27818
27878
27914
27932
27984
27987
28037
28117
28133
28151
28215
28310
28320
28334
28386
28438
28451
28480
28487
28557
28565
28569
28614
28615
28634
28637
28645
28666
28668
28706
28723
28745
28778
28900
28908
28977
29006
29022
29077
29098
29146
29190
29213
29238
29258
29262
29276
29305
29306
29312
29439
29444
29444
29449
29449
29499
29538
29579
29620
29690
29703
29706
29717
29724
29759
29846
29863
29904
29909
29941
29953
29964
29999
30100
30107
30138
30265
30268
30297
30306
30392
30403
30456
30480
30605
30626
30666
30687
30713
30777
30843
30852
30868
30907
30964
30965
30967
30984
30989
30990
31008
31029
31081
31113
31113
31131
31158
31230
31289
31309
31368
31398
31442
31445
31509
31522
31575
31657
31727
31728
31736
31739
31772
31786
31791
31828
31850
31923
31943
31970
32012
32071
32077
32110
32128
32136
32162
32169
32227
32241
32257
32276
32298
32354
32356
32394
32451
32468
32472
32542
32572
32578
32637
32756
