10000
1000
5769
1000
5770
9626
7578
7579
5771
5772
10138
9627
8602
8603
8090
7580
7066
6554
6042
5773
10394
10139
9882
9628
9370
9114
8858
8604
8346
8091
7834
7581
7322
7067
6810
6555
6298
6043
5786
5774
10522
10395
10266
10140
10010
9883
9754
9629
9498
9371
9115
9116
8986
8859
8730
8605
8474
8347
8218
8092
7962
7835
7706
7582
7450
7323
7194
7068
6938
6811
6682
6556
6426
6299
6170
6044
5914
5787
5775
10650
10586
10523
10458
10396
10330
10267
10202
10141
10074
10011
9946
9884
9818
9755
9690
9630
9562
9499
9434
9372
9242
9243
9178
9117
9050
8987
8922
8860
8794
8731
8666
8606
8538
8475
8410
8348
8282
8219
8154
8093
8026
7963
7898
7836
7770
7707
7642
7583
7514
7451
7386
7324
7258
7195
7130
7069
7002
6939
6874
6812
6746
6683
6557
6558
6490
6427
6362
6300
6234
6171
6106
6045
5978
5915
5850
5788
5776
10714
10682
10651
10618
10587
10554
10524
10490
10459
10426
10397
10362
10331
10298
10268
10234
10203
10170
10142
10106
10075
10042
10012
9978
9947
9914
9885
9850
9819
9786
9756
9722
9691
9658
9631
9594
9563
9530
9500
9466
9435
9402
9373
9306
9307
9274
9244
9210
9179
9146
9118
9082
9051
9018
8988
8954
8923
8890
8861
8826
8795
8762
8732
8698
8667
8634
8607
8570
8539
8506
8476
8442
8411
8378
8349
8314
8283
8250
8220
8186
8155
8122
8094
8058
8027
7994
7964
7930
7899
7866
7837
7802
7771
7738
7708
7674
7643
7610
7584
7546
7515
7482
7452
7418
7387
7354
7325
7290
7259
7226
7196
7162
7131
7098
7070
7034
7003
6970
6940
6906
6875
6842
6813
6778
6747
6714
6684
6650
6618
6586
6559
6522
6491
6458
6428
6394
6363
6330
6301
6266
6235
6202
6172
6138
6107
6074
6046
6010
5979
5946
5916
5882
5851
5818
5789
5777
10746
10730
10715
10698
10683
10666
10652
10634
10619
10602
10588
10570
10555
10538
10525
10506
10491
10474
10460
10442
10427
10410
10398
10378
10363
10346
10332
10314
10299
10282
10269
10250
10235
10218
10204
10186
10171
10154
10143
10122
10107
10090
10076
10058
10043
10026
10013
9994
9979
9962
9948
9930
9915
9898
9886
9866
9851
9834
9820
9802
9787
9770
9757
9738
9723
9706
9692
9674
9659
9642
9632
9610
9595
9578
9564
9546
9531
9514
9501
9482
9467
9450
9436
9418
9403
9386
9374
9354
9338
9322
9308
9290
9275
9258
9245
9226
9211
9194
9180
9162
9147
9130
9119
9098
9083
9066
9052
9034
9019
9002
8989
8970
8955
8938
8924
8906
8891
8874
8862
8842
8827
8810
8796
8778
8763
8746
8733
8714
8699
8682
8668
8650
8635
8618
8608
8586
8571
8554
8540
8522
8507
8490
8477
8458
8443
8426
8412
8394
8379
8362
8350
8330
8315
8298
8284
8266
8251
8234
8221
8202
8187
8170
8156
8138
8123
8106
8095
8074
8059
8042
8028
8010
7995
7978
7965
7946
7931
7914
7900
7882
7867
7850
7838
7818
7803
7786
7772
7754
7739
7722
7709
7690
7675
7658
7644
7626
7611
7594
7585
7562
7547
7530
7516
7498
7483
7466
7453
7434
7419
7402
7388
7370
7355
7338
7326
7306
7291
7274
7260
7242
7227
7210
7197
7178
7163
7146
7132
7114
7099
7082
7071
7050
7035
7018
7004
6986
6971
6954
6941
6922
6907
6890
6876
6858
6843
6826
6814
6794
6779
6762
6748
6730
6715
6698
6685
6666
6651
6634
6619
6602
6587
6570
6560
6538
6523
6506
6492
6474
6459
6442
6429
6410
6395
6378
6364
6346
6331
6314
6302
6282
6267
6250
6236
6218
6203
6186
6173
6154
6139
6122
6108
6090
6075
6058
6047
6026
6011
5994
5980
5962
5947
5930
5917
5898
5883
5866
5852
5834
5819
5802
5790
5778
10762
10754
10747
10738
10731
10722
10716
10706
10699
10690
10684
10674
10667
10658
10653
10642
10635
10626
10620
10610
10603
10594
10589
10578
10571
10562
10556
10546
10539
10530
10526
10514
10507
10498
10492
10482
10475
10466
10461
10450
10443
10434
10428
10418
10411
10402
10399
10386
10379
10370
10364
10354
10347
10338
10333
10322
10315
10306
10300
10290
10283
10274
10270
10258
10251
10242
10236
10226
10219
10210
10205
10194
10187
10178
10172
10162
10155
10146
10144
10130
10123
10114
10108
10098
10091
10082
10077
10066
10059
10050
10044
10034
10027
10018
10014
10002
9995
9986
9980
9970
9963
9954
9949
9938
9931
9922
9916
9906
9899
9890
9887
9874
9867
9858
9852
9842
9835
9826
9821
9810
9803
9794
9788
9778
9771
9762
9758
9746
9739
9730
9724
9714
9707
9698
9693
9682
9675
9666
9660
9650
9643
9634
9633
9618
9611
9602
9596
9586
9579
9570
9565
9554
9547
9538
9532
9522
9515
9506
9502
9490
9483
9474
9468
9458
9451
9442
9437
9426
9419
9410
9404
9394
9387
9378
9375
9362
9355
9346
9339
9330
9323
9314
9309
9298
9291
9282
9276
9266
9259
9250
9246
9234
9227
9218
9212
9202
9195
9186
9181
9170
9163
9154
9148
9138
9131
9122
9120
9106
9099
9090
9084
9074
9067
9058
9053
9042
9035
9026
9020
9010
9003
8994
8990
8978
8971
8962
8956
8946
8939
8930
8925
8914
8907
8898
8892
8882
8875
8866
8863
8850
8843
8834
8828
8818
8811
8802
8797
8786
8779
8770
8764
8754
8747
8738
8734
8722
8715
8706
8700
8690
8683
8674
8669
8658
8651
8642
8636
8626
8619
8610
8609
8594
8587
8578
8572
8562
8555
8546
8541
8530
8523
8514
8508
8498
8491
8482
8478
8466
8459
8450
8444
8434
8427
8418
8413
8402
8395
8386
8380
8370
8363
8354
8351
8338
8331
8322
8316
8306
8299
8290
8285
8274
8267
8258
8252
8242
8235
8226
8222
8210
8203
8194
8188
8178
8171
8162
8157
8146
8139
8130
8124
8114
8107
8098
8096
8082
8075
8066
8060
8050
8043
8034
8029
8018
8011
8002
7996
7986
7979
7970
7966
7954
7947
7938
7932
7922
7915
7906
7901
7890
7883
7874
7868
7858
7851
7842
7839
7826
7819
7810
7804
7794
7787
7778
7773
7762
7755
7746
7740
7730
7723
7714
7710
7698
7691
7682
7676
7666
7659
7650
7645
7634
7627
7618
7612
7602
7595
7586
11674
7570
7563
7554
7548
7538
7531
7522
7517
7506
7499
7490
7484
7474
7467
7458
7454
7442
7435
7426
7420
7410
7403
7394
7389
7378
7371
7362
7356
7346
7339
7330
7327
7314
7307
7298
7292
7282
7275
7266
7261
7250
7243
7234
7228
7218
7211
7202
7198
7186
7179
7170
7164
7154
7147
7138
7133
7122
7115
7106
7100
7090
7083
7074
7072
7058
7051
7042
7036
7026
7019
7010
7005
6994
6987
6978
6972
6962
6955
6946
6942
6930
6923
6914
6908
6898
6891
6882
6877
6866
6859
6850
6844
6834
6827
6818
6815
6802
6795
6786
6780
6770
6763
6754
6749
6738
6731
6722
6716
6706
6699
6690
6686
6674
6667
6658
6652
6642
6635
6620
6621
6610
6603
6594
6588
6578
6571
6562
6561
6546
6539
6530
6524
6514
6507
6498
6493
6482
6475
6466
6460
6450
6443
6434
6430
6418
6411
6402
6396
6386
6379
6370
6365
6354
6347
6338
6332
6322
6315
6306
6303
6290
6283
6274
6268
6258
6251
6242
6237
6226
6219
6210
6204
6194
6187
6178
6174
6162
6155
6146
6140
6130
6123
6114
6109
6098
6091
6082
6076
6066
6059
6050
6048
6034
6027
6018
6012
6002
5995
5986
5981
5970
5963
5954
5948
5938
5931
5922
5918
5906
5899
5890
5884
5874
5867
5858
5853
5842
5835
5826
5820
5810
5803
5794
5791
5779
10770
10766
10763
10758
10755
10750
10748
10742
10739
10734
10732
10726
10723
10718
10717
10710
10707
10702
10700
10694
10691
10686
10685
10678
10675
10670
10668
10662
10659
10654
13210
10646
10643
10638
10636
10630
10627
10622
10621
10614
10611
10606
10604
10598
10595
10590
13178
10582
10579
10574
10572
10566
10563
10558
10557
10550
10547
10542
10540
10534
10531
10527
13146
10518
10515
10510
10508
10502
10499
10494
10493
10486
10483
10478
10476
10470
10467
10462
13114
10454
10451
10446
10444
10438
10435
10430
10429
10422
10419
10414
10412
10406
10403
10400
13082
10390
10387
10382
10380
10374
10371
10366
10365
10358
10355
10350
10348
10342
10339
10334
13050
10326
10323
10318
10316
10310
10307
10302
10301
10294
10291
10286
10284
10278
10275
10271
13018
10262
10259
10254
10252
10246
10243
10238
10237
10230
10227
10222
10220
10214
10211
10206
12986
10198
10195
10190
10188
10182
10179
10174
10173
10166
10163
10158
10156
10150
10147
10145
12954
10134
10131
10126
10124
10118
10115
10110
10109
10102
10099
10094
10092
10086
10083
10078
12922
10070
10067
10062
10060
10054
10051
10046
10045
10038
10035
10030
10028
10022
10019
10015
12890
10006
10003
9998
9996
9990
9987
9982
9981
9974
9971
9966
9964
9958
9955
9950
12858
9942
9939
9934
9932
9926
9923
9918
9917
9910
9907
9902
9900
9894
9891
9888
12826
9878
9875
9870
9868
9862
9859
9854
9853
9846
9843
9838
9836
9830
9827
9822
12794
9814
9811
9806
9804
9798
9795
9790
9789
9782
9779
9774
9772
9766
9763
9759
12762
9750
9747
9742
9740
9734
9731
9726
9725
9718
9715
9710
9708
9702
9699
9694
12730
9686
9683
9678
9676
9670
9667
9662
9661
9654
9651
9646
9644
9638
9635
12700
12698
9622
9619
9614
9612
9606
9603
9598
9597
9590
9587
9582
9580
9574
9571
9566
12666
9558
9555
9550
9548
9542
9539
9534
9533
9526
9523
9518
9516
9510
9507
9503
12634
9494
9491
9486
9484
9478
9475
9470
9469
9462
9459
9454
9452
9446
9443
9438
12602
9430
9427
9422
9420
9414
9411
9406
9405
9398
9395
9390
9388
9382
9379
9376
12570
9366
9363
9358
9356
9350
9347
9340
9341
9334
9331
9326
9324
9318
9315
9310
12538
9302
9299
9294
9292
9286
9283
9278
9277
9270
9267
9262
9260
9254
9251
9247
12506
9238
9235
9230
9228
9222
9219
9214
9213
9206
9203
9198
9196
9190
9187
9182
12474
9174
9171
9166
9164
9158
9155
9150
9149
9142
9139
9134
9132
9126
9123
9121
12442
9110
9107
9102
9100
9094
9091
9086
9085
9078
9075
9070
9068
9062
9059
9054
12410
9046
9043
9038
9036
9030
9027
9022
9021
9014
9011
9006
9004
8998
8995
8991
12378
8982
8979
8974
8972
8966
8963
8958
8957
8950
8947
8942
8940
8934
8931
8926
12346
8918
8915
8910
8908
8902
8899
8894
8893
8886
8883
8878
8876
8870
8867
8864
12314
8854
8851
8846
8844
8838
8835
8830
8829
8822
8819
8814
8812
8806
8803
8798
12282
8790
8787
8782
8780
8774
8771
8766
8765
8758
8755
8750
8748
8742
8739
8735
12250
8726
8723
8718
8716
8710
8707
8702
8701
8694
8691
8686
8684
8678
8675
8670
12218
8662
8659
8654
8652
8646
8643
8638
8637
8630
8627
8622
8620
8614
8611
12188
12186
8598
8595
8590
8588
8582
8579
8574
8573
8566
8563
8558
8556
8550
8547
8542
12154
8534
8531
8526
8524
8518
8515
8510
8509
8502
8499
8494
8492
8486
8483
8479
12122
8470
8467
8462
8460
8454
8451
8446
8445
8438
8435
8430
8428
8422
8419
8414
12090
8406
8403
8398
8396
8390
8387
8382
8381
8374
8371
8366
8364
8358
8355
8352
12058
8342
8339
8334
8332
8326
8323
8318
8317
8310
8307
8302
8300
8294
8291
8286
12026
8278
8275
8270
8268
8262
8259
8254
8253
8246
8243
8238
8236
8230
8227
8223
11994
8214
8211
8206
8204
8198
8195
8190
8189
8182
8179
8174
8172
8166
8163
8158
11962
8150
8147
8142
8140
8134
8131
8126
8125
8118
8115
8110
8108
8102
8099
8097
11930
8086
8083
8078
8076
8070
8067
8062
8061
8054
8051
8046
8044
8038
8035
8030
11898
8022
8019
8014
8012
8006
8003
7998
7997
7990
7987
7982
7980
7974
7971
7967
11866
7958
7955
7950
7948
7942
7939
7934
7933
7926
7923
7918
7916
7910
7907
7902
11834
7894
7891
7886
7884
7878
7875
7870
7869
7862
7859
7854
7852
7846
7843
7840
11802
7830
7827
7822
7820
7814
7811
7806
7805
7798
7795
7790
7788
7782
7779
7774
11770
7766
7763
7758
7756
7750
7747
7742
7741
7734
7731
7726
7724
7718
7715
7711
11738
7702
7699
7694
7692
7686
7683
7678
7677
7670
7667
7662
7660
7654
7651
7646
11706
7638
7635
7630
7628
7622
7619
7614
7613
7606
7603
7598
7596
7590
7587
11676
11675
7574
7571
7566
7564
7558
7555
7550
7549
7542
7539
7534
7532
7526
7523
7518
11642
7510
7507
7502
7500
7494
7491
7486
7485
7478
7475
7470
7468
7462
7459
7455
11610
7446
7443
7438
7436
7430
7427
7422
7421
7414
7411
7406
7404
7398
7395
7390
11578
7382
7379
7374
7372
7366
7363
7358
7357
7350
7347
7342
7340
7334
7331
7328
11546
7318
7315
7310
7308
7302
7299
7294
7293
7286
7283
7278
7276
7270
7267
7262
11514
7254
7251
7246
7244
7238
7235
7230
7229
7222
7219
7214
7212
7206
7203
7199
11482
7190
7187
7182
7180
7174
7171
7166
7165
7158
7155
7150
7148
7142
7139
7134
11450
7126
7123
7118
7116
7110
7107
7102
7101
7094
7091
7086
7084
7078
7075
7073
11418
7062
7059
7054
7052
7046
7043
7038
7037
7030
7027
7022
7020
7014
7011
7006
11386
6998
6995
6990
6988
6982
6979
6974
6973
6966
6963
6958
6956
6950
6947
6943
11354
6934
6931
6926
6924
6918
6915
6910
6909
6902
6899
6894
6892
6886
6883
6878
11322
6870
6867
6862
6860
6854
6851
6846
6845
6838
6835
6830
6828
6822
6819
6816
11290
6806
6803
6798
6796
6790
6787
6782
6781
6774
6771
6766
6764
6758
6755
6750
11258
6742
6739
6734
6732
6726
6723
6718
6717
6710
6707
6702
6700
6694
6691
6687
11226
6678
6675
6670
6668
6662
6659
6654
6653
6646
6643
6638
6636
6626
6627
6622
11194
6614
6611
6606
6604
6598
6595
6590
6589
6582
6579
6574
6572
6566
6563
11164
11162
6550
6547
6542
6540
6534
6531
6526
6525
6518
6515
6510
6508
6502
6499
6494
11130
6486
6483
6478
6476
6470
6467
6462
6461
6454
6451
6446
6444
6438
6435
6431
11098
6422
6419
6414
6412
6406
6403
6398
6397
6390
6387
6382
6380
6374
6371
6366
11066
6358
6355
6350
6348
6342
6339
6334
6333
6326
6323
6318
6316
6310
6307
6304
11034
6294
6291
6286
6284
6278
6275
6270
6269
6262
6259
6254
6252
6246
6243
6238
11002
6230
6227
6222
6220
6214
6211
6206
6205
6198
6195
6190
6188
6182
6179
6175
10970
6166
6163
6158
6156
6150
6147
6142
6141
6134
6131
6126
6124
6118
6115
6110
10938
6102
6099
6094
6092
6086
6083
6078
6077
6070
6067
6062
6060
6054
6051
6049
10906
6038
6035
6030
6028
6022
6019
6014
6013
6006
6003
5998
5996
5990
5987
5982
10874
5974
5971
5966
5964
5958
5955
5950
5949
5942
5939
5934
5932
5926
5923
5919
10842
5910
5907
5902
5900
5894
5891
5886
5885
5878
5875
5870
5868
5862
5859
5854
10810
5846
5843
5838
5836
5830
5827
5822
5821
5814
5811
5806
5804
5798
5795
5792
10778
5782
5780
10772
10771
10768
10767
10764
13266
10760
10759
10756
13262
10752
10751
10749
13258
10744
10743
10740
13254
10736
10735
10733
13250
10728
10727
10724
13246
10720
10719
13243
13242
10712
10711
10708
13238
10704
10703
10701
13234
10696
10695
10692
13230
10688
10687
13227
13226
10680
10679
10676
13222
10672
10671
10669
13218
10664
10663
10660
13214
10656
10655
13211
14490
10648
10647
10644
13206
10640
10639
10637
13202
10632
10631
10628
13198
10624
10623
13195
13194
10616
10615
10612
13190
10608
10607
10605
13186
10600
10599
10596
13182
10592
10591
13179
14474
10584
10583
10580
13174
10576
10575
10573
13170
10568
10567
10564
13166
10560
10559
13163
13162
10552
10551
10548
13158
10544
10543
10541
13154
10536
10535
10532
13150
10528
13148
13147
14458
10520
10519
10516
13142
10512
10511
10509
13138
10504
10503
10500
13134
10496
10495
13131
13130
10488
10487
10484
13126
10480
10479
10477
13122
10472
10471
10468
13118
10464
10463
13115
14442
10456
10455
10452
13110
10448
10447
10445
13106
10440
10439
10436
13102
10432
10431
13099
13098
10424
10423
10420
13094
10416
10415
10413
13090
10408
10407
10404
13086
10401
13084
13083
14426
10392
10391
10388
13078
10384
10383
10381
13074
10376
10375
10372
13070
10368
10367
13067
13066
10360
10359
10356
13062
10352
10351
10349
13058
10344
10343
10340
13054
10336
10335
13051
14410
10328
10327
10324
13046
10320
10319
10317
13042
10312
10311
10308
13038
10304
10303
13035
13034
10296
10295
10292
13030
10288
10287
10285
13026
10280
10279
10276
13022
10272
13020
13019
14394
10264
10263
10260
13014
10256
10255
10253
13010
10248
10247
10244
13006
10240
10239
13003
13002
10232
10231
10228
12998
10224
10223
10221
12994
10216
10215
10212
12990
10208
10207
12987
14378
10200
10199
10196
12982
10192
10191
10189
12978
10184
10183
10180
12974
10176
10175
12971
12970
10168
10167
10164
12966
10160
10159
10157
12962
10152
10151
10148
12958
12957
12956
12955
14362
10136
10135
10132
12950
10128
10127
10125
12946
10120
10119
10116
12942
10112
10111
12939
12938
10104
10103
10100
12934
10096
10095
10093
12930
10088
10087
10084
12926
10080
10079
12923
14346
10072
10071
10068
12918
10064
10063
10061
12914
10056
10055
10052
12910
10048
10047
12907
12906
10040
10039
10036
12902
10032
10031
10029
12898
10024
10023
10020
12894
10016
12892
12891
14330
10008
10007
10004
12886
10000
9999
9997
12882
9992
9991
9988
12878
9984
9983
12875
12874
9976
9975
9972
12870
9968
9967
9965
12866
9960
9959
9956
12862
9952
9951
12859
14314
9944
9943
9940
12854
9936
9935
9933
12850
9928
9927
9924
12846
9920
9919
12843
12842
9912
9911
9908
12838
9904
9903
9901
12834
9896
9895
9892
12830
9889
12828
12827
14298
9880
9879
9876
12822
9872
9871
9869
12818
9864
9863
9860
12814
9856
9855
12811
12810
9848
9847
9844
12806
9840
9839
9837
12802
9832
9831
9828
12798
9824
9823
12795
14282
9816
9815
9812
12790
9808
9807
9805
12786
9800
9799
9796
12782
9792
9791
12779
12778
9784
9783
9780
12774
9776
9775
9773
12770
9768
9767
9764
12766
9760
12764
12763
14266
9752
9751
9748
12758
9744
9743
9741
12754
9736
9735
9732
12750
9728
9727
12747
12746
9720
9719
9716
12742
9712
9711
9709
12738
9704
9703
9700
12734
9696
9695
12731
14250
9688
9687
9684
12726
9680
9679
9677
12722
9672
9671
9668
12718
9664
9663
12715
12714
9656
9655
9652
12710
9648
9647
9645
12706
9640
9639
9636
12702
12701
14235
12699
14234
9624
9623
9620
12694
9616
9615
9613
12690
9608
9607
9604
12686
9600
9599
12683
12682
9592
9591
9588
12678
9584
9583
9581
12674
9576
9575
9572
12670
9568
9567
12667
14218
9560
9559
9556
12662
9552
9551
9549
12658
9544
9543
9540
12654
9536
9535
12651
12650
9528
9527
9524
12646
9520
9519
9517
12642
9512
9511
9508
12638
9504
12636
12635
14202
9496
9495
9492
12630
9488
9487
9485
12626
9480
9479
9476
12622
9472
9471
12619
12618
9464
9463
9460
12614
9456
9455
9453
12610
9448
9447
9444
12606
9440
9439
12603
14186
9432
9431
9428
12598
9424
9423
9421
12594
9416
9415
9412
12590
9408
9407
12587
12586
9400
9399
9396
12582
9392
9391
9389
12578
9384
9383
9380
12574
9377
12572
12571
14170
9368
9367
9364
12566
9360
9359
9357
12562
9352
9351
9348
12558
9342
9343
12555
12554
9336
9335
9332
12550
9328
9327
9325
12546
9320
9319
9316
12542
9312
9311
12539
14154
9304
9303
9300
12534
9296
9295
9293
12530
9288
9287
9284
12526
9280
9279
12523
12522
9272
9271
9268
12518
9264
9263
9261
12514
9256
9255
9252
12510
9248
12508
12507
14138
9240
9239
9236
12502
9232
9231
9229
12498
9224
9223
9220
12494
9216
9215
12491
12490
9208
9207
9204
12486
9200
9199
9197
12482
9192
9191
9188
12478
9184
9183
12475
14122
9176
9175
9172
12470
9168
9167
9165
12466
9160
9159
9156
12462
9152
9151
12459
12458
9144
9143
9140
12454
9136
9135
9133
12450
9128
9127
9124
12446
12445
12444
12443
14106
9112
9111
9108
12438
9104
9103
9101
12434
9096
9095
9092
12430
9088
9087
12427
12426
9080
9079
9076
12422
9072
9071
9069
12418
9064
9063
9060
12414
9056
9055
12411
14090
9048
9047
9044
12406
9040
9039
9037
12402
9032
9031
9028
12398
9024
9023
12395
12394
9016
9015
9012
12390
9008
9007
9005
12386
9000
8999
8996
12382
8992
12380
12379
14074
8984
8983
8980
12374
8976
8975
8973
12370
8968
8967
8964
12366
8960
8959
12363
12362
8952
8951
8948
12358
8944
8943
8941
12354
8936
8935
8932
12350
8928
8927
12347
14058
8920
8919
8916
12342
8912
8911
8909
12338
8904
8903
8900
12334
8896
8895
12331
12330
8888
8887
8884
12326
8880
8879
8877
12322
8872
8871
8868
12318
8865
12316
12315
14042
8856
8855
8852
12310
8848
8847
8845
12306
8840
8839
8836
12302
8832
8831
12299
12298
8824
8823
8820
12294
8816
8815
8813
12290
8808
8807
8804
12286
8800
8799
12283
14026
8792
8791
8788
12278
8784
8783
8781
12274
8776
8775
8772
12270
8768
8767
12267
12266
8760
8759
8756
12262
8752
8751
8749
12258
8744
8743
8740
12254
8736
12252
12251
14010
8728
8727
8724
12246
8720
8719
8717
12242
8712
8711
8708
12238
8704
8703
12235
12234
8696
8695
8692
12230
8688
8687
8685
12226
8680
8679
8676
12222
8672
8671
12219
13994
8664
8663
8660
12214
8656
8655
8653
12210
8648
8647
8644
12206
8640
8639
12203
12202
8632
8631
8628
12198
8624
8623
8621
12194
8616
8615
8612
12190
12189
13979
12187
13978
8600
8599
8596
12182
8592
8591
8589
12178
8584
8583
8580
12174
8576
8575
12171
12170
8568
8567
8564
12166
8560
8559
8557
12162
8552
8551
8548
12158
8544
8543
12155
13962
8536
8535
8532
12150
8528
8527
8525
12146
8520
8519
8516
12142
8512
8511
12139
12138
8504
8503
8500
12134
8496
8495
8493
12130
8488
8487
8484
12126
8480
12124
12123
13946
8472
8471
8468
12118
8464
8463
8461
12114
8456
8455
8452
12110
8448
8447
12107
12106
8440
8439
8436
12102
8432
8431
8429
12098
8424
8423
8420
12094
8416
8415
12091
13930
8408
8407
8404
12086
8400
8399
8397
12082
8392
8391
8388
12078
8384
8383
12075
12074
8376
8375
8372
12070
8368
8367
8365
12066
8360
8359
8356
12062
8353
12060
12059
13914
8344
8343
8340
12054
8336
8335
8333
12050
8328
8327
8324
12046
8320
8319
12043
12042
8312
8311
8308
12038
8304
8303
8301
12034
8296
8295
8292
12030
8288
8287
12027
13898
8280
8279
8276
12022
8272
8271
8269
12018
8264
8263
8260
12014
8256
8255
12011
12010
8248
8247
8244
12006
8240
8239
8237
12002
8232
8231
8228
11998
8224
11996
11995
13882
8216
8215
8212
11990
8208
8207
8205
11986
8200
8199
8196
11982
8192
8191
11979
11978
8184
8183
8180
11974
8176
8175
8173
11970
8168
8167
8164
11966
8160
8159
11963
13866
8152
8151
8148
11958
8144
8143
8141
11954
8136
8135
8132
11950
8128
8127
11947
11946
8120
8119
8116
11942
8112
8111
8109
11938
8104
8103
8100
11934
11933
11932
11931
13850
8088
8087
8084
11926
8080
8079
8077
11922
8072
8071
8068
11918
8064
8063
11915
11914
8056
8055
8052
11910
8048
8047
8045
11906
8040
8039
8036
11902
8032
8031
11899
13834
8024
8023
8020
11894
8016
8015
8013
11890
8008
8007
8004
11886
8000
7999
11883
11882
7992
7991
7988
11878
7984
7983
7981
11874
7976
7975
7972
11870
7968
11868
11867
13818
7960
7959
7956
11862
7952
7951
7949
11858
7944
7943
7940
11854
7936
7935
11851
11850
7928
7927
7924
11846
7920
7919
7917
11842
7912
7911
7908
11838
7904
7903
11835
13802
7896
7895
7892
11830
7888
7887
7885
11826
7880
7879
7876
11822
7872
7871
11819
11818
7864
7863
7860
11814
7856
7855
7853
11810
7848
7847
7844
11806
7841
11804
11803
13786
7832
7831
7828
11798
7824
7823
7821
11794
7816
7815
7812
11790
7808
7807
11787
11786
7800
7799
7796
11782
7792
7791
7789
11778
7784
7783
7780
11774
7776
7775
11771
13770
7768
7767
7764
11766
7760
7759
7757
11762
7752
7751
7748
11758
7744
7743
11755
11754
7736
7735
7732
11750
7728
7727
7725
11746
7720
7719
7716
11742
7712
11740
11739
13754
7704
7703
7700
11734
7696
7695
7693
11730
7688
7687
7684
11726
7680
7679
11723
11722
7672
7671
7668
11718
7664
7663
7661
11714
7656
7655
7652
11710
7648
7647
11707
13738
7640
7639
7636
11702
7632
7631
7629
11698
7624
7623
7620
11694
7616
7615
11691
11690
7608
7607
7604
11686
7600
7599
7597
11682
7592
7591
7588
11678
11677
13723
15258
13722
7576
7575
7572
11670
7568
7567
7565
11666
7560
7559
7556
11662
7552
7551
11659
11658
7544
7543
7540
11654
7536
7535
7533
11650
7528
7527
7524
11646
7520
7519
11643
13706
7512
7511
7508
11638
7504
7503
7501
11634
7496
7495
7492
11630
7488
7487
11627
11626
7480
7479
7476
11622
7472
7471
7469
11618
7464
7463
7460
11614
7456
11612
11611
13690
7448
7447
7444
11606
7440
7439
7437
11602
7432
7431
7428
11598
7424
7423
11595
11594
7416
7415
7412
11590
7408
7407
7405
11586
7400
7399
7396
11582
7392
7391
11579
13674
7384
7383
7380
11574
7376
7375
7373
11570
7368
7367
7364
11566
7360
7359
11563
11562
7352
7351
7348
11558
7344
7343
7341
11554
7336
7335
7332
11550
7329
11548
11547
13658
7320
7319
7316
11542
7312
7311
7309
11538
7304
7303
7300
11534
7296
7295
11531
11530
7288
7287
7284
11526
7280
7279
7277
11522
7272
7271
7268
11518
7264
7263
11515
13642
7256
7255
7252
11510
7248
7247
7245
11506
7240
7239
7236
11502
7232
7231
11499
11498
7224
7223
7220
11494
7216
7215
7213
11490
7208
7207
7204
11486
7200
11484
11483
13626
7192
7191
7188
11478
7184
7183
7181
11474
7176
7175
7172
11470
7168
7167
11467
11466
7160
7159
7156
11462
7152
7151
7149
11458
7144
7143
7140
11454
7136
7135
11451
13610
7128
7127
7124
11446
7120
7119
7117
11442
7112
7111
7108
11438
7104
7103
11435
11434
7096
7095
7092
11430
7088
7087
7085
11426
7080
7079
7076
11422
11421
11420
11419
13594
7064
7063
7060
11414
7056
7055
7053
11410
7048
7047
7044
11406
7040
7039
11403
11402
7032
7031
7028
11398
7024
7023
7021
11394
7016
7015
7012
11390
7008
7007
11387
13578
7000
6999
6996
11382
6992
6991
6989
11378
6984
6983
6980
11374
6976
6975
11371
11370
6968
6967
6964
11366
6960
6959
6957
11362
6952
6951
6948
11358
6944
11356
11355
13562
6936
6935
6932
11350
6928
6927
6925
11346
6920
6919
6916
11342
6912
6911
11339
11338
6904
6903
6900
11334
6896
6895
6893
11330
6888
6887
6884
11326
6880
6879
11323
13546
6872
6871
6868
11318
6864
6863
6861
11314
6856
6855
6852
11310
6848
6847
11307
11306
6840
6839
6836
11302
6832
6831
6829
11298
6824
6823
6820
11294
6817
11292
11291
13530
6808
6807
6804
11286
6800
6799
6797
11282
6792
6791
6788
11278
6784
6783
11275
11274
6776
6775
6772
11270
6768
6767
6765
11266
6760
6759
6756
11262
6752
6751
11259
13514
6744
6743
6740
11254
6736
6735
6733
11250
6728
6727
6724
11246
6720
6719
11243
11242
6712
6711
6708
11238
6704
6703
6701
11234
6696
6695
6692
11230
6688
11228
11227
13498
6680
6679
6676
11222
6672
6671
6669
11218
6664
6663
6660
11214
6656
6655
11211
11210
6648
6647
6644
11206
6640
6639
6637
11202
6632
6630
6628
11198
6624
6623
11195
13482
6616
6615
6612
11190
6608
6607
6605
11186
6600
6599
6596
11182
6592
6591
11179
11178
6584
6583
6580
11174
6576
6575
6573
11170
6568
6567
6564
11166
11165
13467
11163
13466
6552
6551
6548
11158
6544
6543
6541
11154
6536
6535
6532
11150
6528
6527
11147
11146
6520
6519
6516
11142
6512
6511
6509
11138
6504
6503
6500
11134
6496
6495
11131
13450
6488
6487
6484
11126
6480
6479
6477
11122
6472
6471
6468
11118
6464
6463
11115
11114
6456
6455
6452
11110
6448
6447
6445
11106
6440
6439
6436
11102
6432
11100
11099
13434
6424
6423
6420
11094
6416
6415
6413
11090
6408
6407
6404
11086
6400
6399
11083
11082
6392
6391
6388
11078
6384
6383
6381
11074
6376
6375
6372
11070
6368
6367
11067
13418
6360
6359
6356
11062
6352
6351
6349
11058
6344
6343
6340
11054
6336
6335
11051
11050
6328
6327
6324
11046
6320
6319
6317
11042
6312
6311
6308
11038
6305
11036
11035
13402
6296
6295
6292
11030
6288
6287
6285
11026
6280
6279
6276
11022
6272
6271
11019
11018
6264
6263
6260
11014
6256
6255
6253
11010
6248
6247
6244
11006
6240
6239
11003
13386
6232
6231
6228
10998
6224
6223
6221
10994
6216
6215
6212
10990
6208
6207
10987
10986
6200
6199
6196
10982
6192
6191
6189
10978
6184
6183
6180
10974
6176
10972
10971
13370
6168
6167
6164
10966
6160
6159
6157
10962
6152
6151
6148
10958
6144
6143
10955
10954
6136
6135
6132
10950
6128
6127
6125
10946
6120
6119
6116
10942
6112
6111
10939
13354
6104
6103
6100
10934
6096
6095
6093
10930
6088
6087
6084
10926
6080
6079
10923
10922
6072
6071
6068
10918
6064
6063
6061
10914
6056
6055
6052
10910
10909
10908
10907
13338
6040
6039
6036
10902
6032
6031
6029
10898
6024
6023
6020
10894
6016
6015
10891
10890
6008
6007
6004
10886
6000
5999
5997
10882
5992
5991
5988
10878
5984
5983
10875
13322
5976
5975
5972
10870
5968
5967
5965
10866
5960
5959
5956
10862
5952
5951
10859
10858
5944
5943
5940
10854
5936
5935
5933
10850
5928
5927
5924
10846
5920
10844
10843
13306
5912
5911
5908
10838
5904
5903
5901
10834
5896
5895
5892
10830
5888
5887
10827
10826
5880
5879
5876
10822
5872
5871
5869
10818
5864
5863
5860
10814
5856
5855
10811
13290
5848
5847
5844
10806
5840
5839
5837
10802
5832
5831
5828
10798
5824
5823
10795
10794
5816
5815
5812
10790
5808
5807
5805
10786
5800
5799
5796
10782
5793
10780
10779
13274
5784
5783
5781
10774
10773
13271
15145
13270
10769
14519
15144
13268
10765
13267
14518
15457
10761
13265
14517
13264
10757
13263
14516
15143
10753
13261
14515
13260
15456
13259
14514
15142
10745
13257
14513
13256
10741
13255
14512
15141
10737
13253
14511
13252
15455
13251
14510
15140
10729
13249
14509
13248
10725
13247
14508
15139
10721
13245
14507
13244
15454
15612
14506
15138
10713
13241
14505
13240
10709
13239
14504
15137
10705
13237
14503
13236
15453
13235
14502
15136
10697
13233
14501
13232
10693
13231
14500
15135
10689
13229
14499
13228
15452
15611
14498
15134
10681
13225
14497
13224
10677
13223
14496
15133
10673
13221
14495
13220
15451
13219
14494
15132
10665
13217
14493
13216
10661
13215
14492
15131
10657
13213
14491
13212
15450
15610
15690
15130
10649
13209
14489
13208
10645
13207
14488
15129
10641
13205
14487
13204
15449
13203
14486
15128
10633
13201
14485
13200
10629
13199
14484
15127
10625
13197
14483
13196
15448
15609
14482
15126
10617
13193
14481
13192
10613
13191
14480
15125
10609
13189
14479
13188
15447
13187
14478
15124
10601
13185
14477
13184
10597
13183
14476
15123
10593
13181
14475
13180
15446
15608
15689
15122
10585
13177
14473
13176
10581
13175
14472
15121
10577
13173
14471
13172
15445
13171
14470
15120
10569
13169
14469
13168
10565
13167
14468
15119
10561
13165
14467
13164
15444
15607
14466
15118
10553
13161
14465
13160
10549
13159
14464
15117
10545
13157
14463
13156
15443
13155
14462
15116
10537
13153
14461
13152
10533
13151
14460
15115
10529
13149
14459
15729
15442
15606
15688
15114
10521
13145
14457
13144
10517
13143
14456
15113
10513
13141
14455
13140
15441
13139
14454
15112
10505
13137
14453
13136
10501
13135
14452
15111
10497
13133
14451
13132
15440
15605
14450
15110
10489
13129
14449
13128
10485
13127
14448
15109
10481
13125
14447
13124
15439
13123
14446
15108
10473
13121
14445
13120
10469
13119
14444
15107
10465
13117
14443
13116
15438
15604
15687
15106
10457
13113
14441
13112
10453
13111
14440
15105
10449
13109
14439
13108
15437
13107
14438
15104
10441
13105
14437
13104
10437
13103
14436
15103
10433
13101
14435
13100
15436
15603
14434
15102
10425
13097
14433
13096
10421
13095
14432
15101
10417
13093
14431
13092
15435
13091
14430
15100
10409
13089
14429
13088
10405
13087
14428
15099
15749
13085
14427
15728
15434
15602
15686
15098
10393
13081
14425
13080
10389
13079
14424
15097
10385
13077
14423
13076
15433
13075
14422
15096
10377
13073
14421
13072
10373
13071
14420
15095
10369
13069
14419
13068
15432
15601
14418
15094
10361
13065
14417
13064
10357
13063
14416
15093
10353
13061
14415
13060
15431
13059
14414
15092
10345
13057
14413
13056
10341
13055
14412
15091
10337
13053
14411
13052
15430
15600
15685
15090
10329
13049
14409
13048
10325
13047
14408
15089
10321
13045
14407
13044
15429
13043
14406
15088
10313
13041
14405
13040
10309
13039
14404
15087
10305
13037
14403
13036
15428
15599
14402
15086
10297
13033
14401
13032
10293
13031
14400
15085
10289
13029
14399
13028
15427
13027
14398
15084
10281
13025
14397
13024
10277
13023
14396
15083
10273
13021
14395
15727
15426
15598
15684
15082
10265
13017
14393
13016
10261
13015
14392
15081
10257
13013
14391
13012
15425
13011
14390
15080
10249
13009
14389
13008
10245
13007
14388
15079
10241
13005
14387
13004
15424
15597
14386
15078
10233
13001
14385
13000
10229
12999
14384
15077
10225
12997
14383
12996
15423
12995
14382
15076
10217
12993
14381
12992
10213
12991
14380
15075
10209
12989
14379
12988
15422
15596
15683
15074
10201
12985
14377
12984
10197
12983
14376
15073
10193
12981
14375
12980
15421
12979
14374
15072
10185
12977
14373
12976
10181
12975
14372
15071
10177
12973
14371
12972
15420
15595
14370
15070
10169
12969
14369
12968
10165
12967
14368
15069
10161
12965
14367
12964
15419
12963
14366
15068
10153
12961
14365
12960
10149
12959
14364
15067
15748
15759
14363
15726
15418
15594
15682
15066
10137
12953
14361
12952
10133
12951
14360
15065
10129
12949
14359
12948
15417
12947
14358
15064
10121
12945
14357
12944
10117
12943
14356
15063
10113
12941
14355
12940
15416
15593
14354
15062
10105
12937
14353
12936
10101
12935
14352
15061
10097
12933
14351
12932
15415
12931
14350
15060
10089
12929
14349
12928
10085
12927
14348
15059
10081
12925
14347
12924
15414
15592
15681
15058
10073
12921
14345
12920
10069
12919
14344
15057
10065
12917
14343
12916
15413
12915
14342
15056
10057
12913
14341
12912
10053
12911
14340
15055
10049
12909
14339
12908
15412
15591
14338
15054
10041
12905
14337
12904
10037
12903
14336
15053
10033
12901
14335
12900
15411
12899
14334
15052
10025
12897
14333
12896
10021
12895
14332
15051
10017
12893
14331
15725
15410
15590
15680
15050
10009
12889
14329
12888
10005
12887
14328
15049
10001
12885
14327
12884
15409
12883
14326
15048
9993
12881
14325
12880
9989
12879
14324
15047
9985
12877
14323
12876
15408
15589
14322
15046
9977
12873
14321
12872
9973
12871
14320
15045
9969
12869
14319
12868
15407
12867
14318
15044
9961
12865
14317
12864
9957
12863
14316
15043
9953
12861
14315
12860
15406
15588
15679
15042
9945
12857
14313
12856
9941
12855
14312
15041
9937
12853
14311
12852
15405
12851
14310
15040
9929
12849
14309
12848
9925
12847
14308
15039
9921
12845
14307
12844
15404
15587
14306
15038
9913
12841
14305
12840
9909
12839
14304
15037
9905
12837
14303
12836
15403
12835
14302
15036
9897
12833
14301
12832
9893
12831
14300
15035
15747
12829
14299
15724
15402
15586
15678
15034
9881
12825
14297
12824
9877
12823
14296
15033
9873
12821
14295
12820
15401
12819
14294
15032
9865
12817
14293
12816
9861
12815
14292
15031
9857
12813
14291
12812
15400
15585
14290
15030
9849
12809
14289
12808
9845
12807
14288
15029
9841
12805
14287
12804
15399
12803
14286
15028
9833
12801
14285
12800
9829
12799
14284
15027
9825
12797
14283
12796
15398
15584
15677
15026
9817
12793
14281
12792
9813
12791
14280
15025
9809
12789
14279
12788
15397
12787
14278
15024
9801
12785
14277
12784
9797
12783
14276
15023
9793
12781
14275
12780
15396
15583
14274
15022
9785
12777
14273
12776
9781
12775
14272
15021
9777
12773
14271
12772
15395
12771
14270
15020
9769
12769
14269
12768
9765
12767
14268
15019
9761
12765
14267
15723
15394
15582
15676
15018
9753
12761
14265
12760
9749
12759
14264
15017
9745
12757
14263
12756
15393
12755
14262
15016
9737
12753
14261
12752
9733
12751
14260
15015
9729
12749
14259
12748
15392
15581
14258
15014
9721
12745
14257
12744
9717
12743
14256
15013
9713
12741
14255
12740
15391
12739
14254
15012
9705
12737
14253
12736
9701
12735
14252
15011
9697
12733
14251
12732
15390
15580
15675
15010
9689
12729
14249
12728
9685
12727
14248
15009
9681
12725
14247
12724
15389
12723
14246
15008
9673
12721
14245
12720
9669
12719
14244
15007
9665
12717
14243
12716
15388
15579
14242
15006
9657
12713
14241
12712
9653
12711
14240
15005
9649
12709
14239
12708
15387
12707
14238
15004
9641
12705
14237
12704
9637
12703
14236
15003
15746
15758
15764
15722
15386
15578
15674
15002
9625
12697
14233
12696
9621
12695
14232
15001
9617
12693
14231
12692
15385
12691
14230
15000
9609
12689
14229
12688
9605
12687
14228
14999
9601
12685
14227
12684
15384
15577
14226
14998
9593
12681
14225
12680
9589
12679
14224
14997
9585
12677
14223
12676
15383
12675
14222
14996
9577
12673
14221
12672
9573
12671
14220
14995
9569
12669
14219
12668
15382
15576
15673
14994
9561
12665
14217
12664
9557
12663
14216
14993
9553
12661
14215
12660
15381
12659
14214
14992
9545
12657
14213
12656
9541
12655
14212
14991
9537
12653
14211
12652
15380
15575
14210
14990
9529
12649
14209
12648
9525
12647
14208
14989
9521
12645
14207
12644
15379
12643
14206
14988
9513
12641
14205
12640
9509
12639
14204
14987
9505
12637
14203
15721
15378
15574
15672
14986
9497
12633
14201
12632
9493
12631
14200
14985
9489
12629
14199
12628
15377
12627
14198
14984
9481
12625
14197
12624
9477
12623
14196
14983
9473
12621
14195
12620
15376
15573
14194
14982
9465
12617
14193
12616
9461
12615
14192
14981
9457
12613
14191
12612
15375
12611
14190
14980
9449
12609
14189
12608
9445
12607
14188
14979
9441
12605
14187
12604
15374
15572
15671
14978
9433
12601
14185
12600
9429
12599
14184
14977
9425
12597
14183
12596
15373
12595
14182
14976
9417
12593
14181
12592
9413
12591
14180
14975
9409
12589
14179
12588
15372
15571
14178
14974
9401
12585
14177
12584
9397
12583
14176
14973
9393
12581
14175
12580
15371
12579
14174
14972
9385
12577
14173
12576
9381
12575
14172
14971
15745
12573
14171
15720
15370
15570
15670
14970
9369
12569
14169
12568
9365
12567
14168
14969
9361
12565
14167
12564
15369
12563
14166
14968
9353
12561
14165
12560
9349
12559
14164
14967
9344
12557
14163
12556
15368
15569
14162
14966
9337
12553
14161
12552
9333
12551
14160
14965
9329
12549
14159
12548
15367
12547
14158
14964
9321
12545
14157
12544
9317
12543
14156
14963
9313
12541
14155
12540
15366
15568
15669
14962
9305
12537
14153
12536
9301
12535
14152
14961
9297
12533
14151
12532
15365
12531
14150
14960
9289
12529
14149
12528
9285
12527
14148
14959
9281
12525
14147
12524
15364
15567
14146
14958
9273
12521
14145
12520
9269
12519
14144
14957
9265
12517
14143
12516
15363
12515
14142
14956
9257
12513
14141
12512
9253
12511
14140
14955
9249
12509
14139
15719
15362
15566
15668
14954
9241
12505
14137
12504
9237
12503
14136
14953
9233
12501
14135
12500
15361
12499
14134
14952
9225
12497
14133
12496
9221
12495
14132
14951
9217
12493
14131
12492
15360
15565
14130
14950
9209
12489
14129
12488
9205
12487
14128
14949
9201
12485
14127
12484
15359
12483
14126
14948
9193
12481
14125
12480
9189
12479
14124
14947
9185
12477
14123
12476
15358
15564
15667
14946
9177
12473
14121
12472
9173
12471
14120
14945
9169
12469
14119
12468
15357
12467
14118
14944
9161
12465
14117
12464
9157
12463
14116
14943
9153
12461
14115
12460
15356
15563
14114
14942
9145
12457
14113
12456
9141
12455
14112
14941
9137
12453
14111
12452
15355
12451
14110
14940
9129
12449
14109
12448
9125
12447
14108
14939
15744
15757
14107
15718
15354
15562
15666
14938
9113
12441
14105
12440
9109
12439
14104
14937
9105
12437
14103
12436
15353
12435
14102
14936
9097
12433
14101
12432
9093
12431
14100
14935
9089
12429
14099
12428
15352
15561
14098
14934
9081
12425
14097
12424
9077
12423
14096
14933
9073
12421
14095
12420
15351
12419
14094
14932
9065
12417
14093
12416
9061
12415
14092
14931
9057
12413
14091
12412
15350
15560
15665
14930
9049
12409
14089
12408
9045
12407
14088
14929
9041
12405
14087
12404
15349
12403
14086
14928
9033
12401
14085
12400
9029
12399
14084
14927
9025
12397
14083
12396
15348
15559
14082
14926
9017
12393
14081
12392
9013
12391
14080
14925
9009
12389
14079
12388
15347
12387
14078
14924
9001
12385
14077
12384
8997
12383
14076
14923
8993
12381
14075
15717
15346
15558
15664
14922
8985
12377
14073
12376
8981
12375
14072
14921
8977
12373
14071
12372
15345
12371
14070
14920
8969
12369
14069
12368
8965
12367
14068
14919
8961
12365
14067
12364
15344
15557
14066
14918
8953
12361
14065
12360
8949
12359
14064
14917
8945
12357
14063
12356
15343
12355
14062
14916
8937
12353
14061
12352
8933
12351
14060
14915
8929
12349
14059
12348
15342
15556
15663
14914
8921
12345
14057
12344
8917
12343
14056
14913
8913
12341
14055
12340
15341
12339
14054
14912
8905
12337
14053
12336
8901
12335
14052
14911
8897
12333
14051
12332
15340
15555
14050
14910
8889
12329
14049
12328
8885
12327
14048
14909
8881
12325
14047
12324
15339
12323
14046
14908
8873
12321
14045
12320
8869
12319
14044
14907
15743
12317
14043
15716
15338
15554
15662
14906
8857
12313
14041
12312
8853
12311
14040
14905
8849
12309
14039
12308
15337
12307
14038
14904
8841
12305
14037
12304
8837
12303
14036
14903
8833
12301
14035
12300
15336
15553
14034
14902
8825
12297
14033
12296
8821
12295
14032
14901
8817
12293
14031
12292
15335
12291
14030
14900
8809
12289
14029
12288
8805
12287
14028
14899
8801
12285
14027
12284
15334
15552
15661
14898
8793
12281
14025
12280
8789
12279
14024
14897
8785
12277
14023
12276
15333
12275
14022
14896
8777
12273
14021
12272
8773
12271
14020
14895
8769
12269
14019
12268
15332
15551
14018
14894
8761
12265
14017
12264
8757
12263
14016
14893
8753
12261
14015
12260
15331
12259
14014
14892
8745
12257
14013
12256
8741
12255
14012
14891
8737
12253
14011
15715
15330
15550
15660
14890
8729
12249
14009
12248
8725
12247
14008
14889
8721
12245
14007
12244
15329
12243
14006
14888
8713
12241
14005
12240
8709
12239
14004
14887
8705
12237
14003
12236
15328
15549
14002
14886
8697
12233
14001
12232
8693
12231
14000
14885
8689
12229
13999
12228
15327
12227
13998
14884
8681
12225
13997
12224
8677
12223
13996
14883
8673
12221
13995
12220
15326
15548
15659
14882
8665
12217
13993
12216
8661
12215
13992
14881
8657
12213
13991
12212
15325
12211
13990
14880
8649
12209
13989
12208
8645
12207
13988
14879
8641
12205
13987
12204
15324
15547
13986
14878
8633
12201
13985
12200
8629
12199
13984
14877
8625
12197
13983
12196
15323
12195
13982
14876
8617
12193
13981
12192
8613
12191
13980
14875
15742
15756
15763
15714
15322
15546
15658
14874
8601
12185
13977
12184
8597
12183
13976
14873
8593
12181
13975
12180
15321
12179
13974
14872
8585
12177
13973
12176
8581
12175
13972
14871
8577
12173
13971
12172
15320
15545
13970
14870
8569
12169
13969
12168
8565
12167
13968
14869
8561
12165
13967
12164
15319
12163
13966
14868
8553
12161
13965
12160
8549
12159
13964
14867
8545
12157
13963
12156
15318
15544
15657
14866
8537
12153
13961
12152
8533
12151
13960
14865
8529
12149
13959
12148
15317
12147
13958
14864
8521
12145
13957
12144
8517
12143
13956
14863
8513
12141
13955
12140
15316
15543
13954
14862
8505
12137
13953
12136
8501
12135
13952
14861
8497
12133
13951
12132
15315
12131
13950
14860
8489
12129
13949
12128
8485
12127
13948
14859
8481
12125
13947
15713
15314
15542
15656
14858
8473
12121
13945
12120
8469
12119
13944
14857
8465
12117
13943
12116
15313
12115
13942
14856
8457
12113
13941
12112
8453
12111
13940
14855
8449
12109
13939
12108
15312
15541
13938
14854
8441
12105
13937
12104
8437
12103
13936
14853
8433
12101
13935
12100
15311
12099
13934
14852
8425
12097
13933
12096
8421
12095
13932
14851
8417
12093
13931
12092
15310
15540
15655
14850
8409
12089
13929
12088
8405
12087
13928
14849
8401
12085
13927
12084
15309
12083
13926
14848
8393
12081
13925
12080
8389
12079
13924
14847
8385
12077
13923
12076
15308
15539
13922
14846
8377
12073
13921
12072
8373
12071
13920
14845
8369
12069
13919
12068
15307
12067
13918
14844
8361
12065
13917
12064
8357
12063
13916
14843
15741
12061
13915
15712
15306
15538
15654
14842
8345
12057
13913
12056
8341
12055
13912
14841
8337
12053
13911
12052
15305
12051
13910
14840
8329
12049
13909
12048
8325
12047
13908
14839
8321
12045
13907
12044
15304
15537
13906
14838
8313
12041
13905
12040
8309
12039
13904
14837
8305
12037
13903
12036
15303
12035
13902
14836
8297
12033
13901
12032
8293
12031
13900
14835
8289
12029
13899
12028
15302
15536
15653
14834
8281
12025
13897
12024
8277
12023
13896
14833
8273
12021
13895
12020
15301
12019
13894
14832
8265
12017
13893
12016
8261
12015
13892
14831
8257
12013
13891
12012
15300
15535
13890
14830
8249
12009
13889
12008
8245
12007
13888
14829
8241
12005
13887
12004
15299
12003
13886
14828
8233
12001
13885
12000
8229
11999
13884
14827
8225
11997
13883
15711
15298
15534
15652
14826
8217
11993
13881
11992
8213
11991
13880
14825
8209
11989
13879
11988
15297
11987
13878
14824
8201
11985
13877
11984
8197
11983
13876
14823
8193
11981
13875
11980
15296
15533
13874
14822
8185
11977
13873
11976
8181
11975
13872
14821
8177
11973
13871
11972
15295
11971
13870
14820
8169
11969
13869
11968
8165
11967
13868
14819
8161
11965
13867
11964
15294
15532
15651
14818
8153
11961
13865
11960
8149
11959
13864
14817
8145
11957
13863
11956
15293
11955
13862
14816
8137
11953
13861
11952
8133
11951
13860
14815
8129
11949
13859
11948
15292
15531
13858
14814
8121
11945
13857
11944
8117
11943
13856
14813
8113
11941
13855
11940
15291
11939
13854
14812
8105
11937
13853
11936
8101
11935
13852
14811
15740
15755
13851
15710
15290
15530
15650
14810
8089
11929
13849
11928
8085
11927
13848
14809
8081
11925
13847
11924
15289
11923
13846
14808
8073
11921
13845
11920
8069
11919
13844
14807
8065
11917
13843
11916
15288
15529
13842
14806
8057
11913
13841
11912
8053
11911
13840
14805
8049
11909
13839
11908
15287
11907
13838
14804
8041
11905
13837
11904
8037
11903
13836
14803
8033
11901
13835
11900
15286
15528
15649
14802
8025
11897
13833
11896
8021
11895
13832
14801
8017
11893
13831
11892
15285
11891
13830
14800
8009
11889
13829
11888
8005
11887
13828
14799
8001
11885
13827
11884
15284
15527
13826
14798
7993
11881
13825
11880
7989
11879
13824
14797
7985
11877
13823
11876
15283
11875
13822
14796
7977
11873
13821
11872
7973
11871
13820
14795
7969
11869
13819
15709
15282
15526
15648
14794
7961
11865
13817
11864
7957
11863
13816
14793
7953
11861
13815
11860
15281
11859
13814
14792
7945
11857
13813
11856
7941
11855
13812
14791
7937
11853
13811
11852
15280
15525
13810
14790
7929
11849
13809
11848
7925
11847
13808
14789
7921
11845
13807
11844
15279
11843
13806
14788
7913
11841
13805
11840
7909
11839
13804
14787
7905
11837
13803
11836
15278
15524
15647
14786
7897
11833
13801
11832
7893
11831
13800
14785
7889
11829
13799
11828
15277
11827
13798
14784
7881
11825
13797
11824
7877
11823
13796
14783
7873
11821
13795
11820
15276
15523
13794
14782
7865
11817
13793
11816
7861
11815
13792
14781
7857
11813
13791
11812
15275
11811
13790
14780
7849
11809
13789
11808
7845
11807
13788
14779
15739
11805
13787
15708
15274
15522
15646
14778
7833
11801
13785
11800
7829
11799
13784
14777
7825
11797
13783
11796
15273
11795
13782
14776
7817
11793
13781
11792
7813
11791
13780
14775
7809
11789
13779
11788
15272
15521
13778
14774
7801
11785
13777
11784
7797
11783
13776
14773
7793
11781
13775
11780
15271
11779
13774
14772
7785
11777
13773
11776
7781
11775
13772
14771
7777
11773
13771
11772
15270
15520
15645
14770
7769
11769
13769
11768
7765
11767
13768
14769
7761
11765
13767
11764
15269
11763
13766
14768
7753
11761
13765
11760
7749
11759
13764
14767
7745
11757
13763
11756
15268
15519
13762
14766
7737
11753
13761
11752
7733
11751
13760
14765
7729
11749
13759
11748
15267
11747
13758
14764
7721
11745
13757
11744
7717
11743
13756
14763
7713
11741
13755
15707
15266
15518
15644
14762
7705
11737
13753
11736
7701
11735
13752
14761
7697
11733
13751
11732
15265
11731
13750
14760
7689
11729
13749
11728
7685
11727
13748
14759
7681
11725
13747
11724
15264
15517
13746
14758
7673
11721
13745
11720
7669
11719
13744
14757
7665
11717
13743
11716
15263
11715
13742
14756
7657
11713
13741
11712
7653
11711
13740
14755
7649
11709
13739
11708
15262
15516
15643
14754
7641
11705
13737
11704
7637
11703
13736
14753
7633
11701
13735
11700
15261
11699
13734
14752
7625
11697
13733
11696
7621
11695
13732
14751
7617
11693
13731
11692
15260
15515
13730
14750
7609
11689
13729
11688
7605
11687
13728
14749
7601
11685
13727
11684
15259
11683
13726
14748
7593
11681
13725
11680
7589
11679
13724
14747
15738
15754
15762
15706
15766
15514
15642
14746
7577
11673
13721
11672
7573
11671
13720
14745
7569
11669
13719
11668
15257
11667
13718
14744
7561
11665
13717
11664
7557
11663
13716
14743
7553
11661
13715
11660
15256
15513
13714
14742
7545
11657
13713
11656
7541
11655
13712
14741
7537
11653
13711
11652
15255
11651
13710
14740
7529
11649
13709
11648
7525
11647
13708
14739
7521
11645
13707
11644
15254
15512
15641
14738
7513
11641
13705
11640
7509
11639
13704
14737
7505
11637
13703
11636
15253
11635
13702
14736
7497
11633
13701
11632
7493
11631
13700
14735
7489
11629
13699
11628
15252
15511
13698
14734
7481
11625
13697
11624
7477
11623
13696
14733
7473
11621
13695
11620
15251
11619
13694
14732
7465
11617
13693
11616
7461
11615
13692
14731
7457
11613
13691
15705
15250
15510
15640
14730
7449
11609
13689
11608
7445
11607
13688
14729
7441
11605
13687
11604
15249
11603
13686
14728
7433
11601
13685
11600
7429
11599
13684
14727
7425
11597
13683
11596
15248
15509
13682
14726
7417
11593
13681
11592
7413
11591
13680
14725
7409
11589
13679
11588
15247
11587
13678
14724
7401
11585
13677
11584
7397
11583
13676
14723
7393
11581
13675
11580
15246
15508
15639
14722
7385
11577
13673
11576
7381
11575
13672
14721
7377
11573
13671
11572
15245
11571
13670
14720
7369
11569
13669
11568
7365
11567
13668
14719
7361
11565
13667
11564
15244
15507
13666
14718
7353
11561
13665
11560
7349
11559
13664
14717
7345
11557
13663
11556
15243
11555
13662
14716
7337
11553
13661
11552
7333
11551
13660
14715
15737
11549
13659
15704
15242
15506
15638
14714
7321
11545
13657
11544
7317
11543
13656
14713
7313
11541
13655
11540
15241
11539
13654
14712
7305
11537
13653
11536
7301
11535
13652
14711
7297
11533
13651
11532
15240
15505
13650
14710
7289
11529
13649
11528
7285
11527
13648
14709
7281
11525
13647
11524
15239
11523
13646
14708
7273
11521
13645
11520
7269
11519
13644
14707
7265
11517
13643
11516
15238
15504
15637
14706
7257
11513
13641
11512
7253
11511
13640
14705
7249
11509
13639
11508
15237
11507
13638
14704
7241
11505
13637
11504
7237
11503
13636
14703
7233
11501
13635
11500
15236
15503
13634
14702
7225
11497
13633
11496
7221
11495
13632
14701
7217
11493
13631
11492
15235
11491
13630
14700
7209
11489
13629
11488
7205
11487
13628
14699
7201
11485
13627
15703
15234
15502
15636
14698
7193
11481
13625
11480
7189
11479
13624
14697
7185
11477
13623
11476
15233
11475
13622
14696
7177
11473
13621
11472
7173
11471
13620
14695
7169
11469
13619
11468
15232
15501
13618
14694
7161
11465
13617
11464
7157
11463
13616
14693
7153
11461
13615
11460
15231
11459
13614
14692
7145
11457
13613
11456
7141
11455
13612
14691
7137
11453
13611
11452
15230
15500
15635
14690
7129
11449
13609
11448
7125
11447
13608
14689
7121
11445
13607
11444
15229
11443
13606
14688
7113
11441
13605
11440
7109
11439
13604
14687
7105
11437
13603
11436
15228
15499
13602
14686
7097
11433
13601
11432
7093
11431
13600
14685
7089
11429
13599
11428
15227
11427
13598
14684
7081
11425
13597
11424
7077
11423
13596
14683
15736
15753
13595
15702
15226
15498
15634
14682
7065
11417
13593
11416
7061
11415
13592
14681
7057
11413
13591
11412
15225
11411
13590
14680
7049
11409
13589
11408
7045
11407
13588
14679
7041
11405
13587
11404
15224
15497
13586
14678
7033
11401
13585
11400
7029
11399
13584
14677
7025
11397
13583
11396
15223
11395
13582
14676
7017
11393
13581
11392
7013
11391
13580
14675
7009
11389
13579
11388
15222
15496
15633
14674
7001
11385
13577
11384
6997
11383
13576
14673
6993
11381
13575
11380
15221
11379
13574
14672
6985
11377
13573
11376
6981
11375
13572
14671
6977
11373
13571
11372
15220
15495
13570
14670
6969
11369
13569
11368
6965
11367
13568
14669
6961
11365
13567
11364
15219
11363
13566
14668
6953
11361
13565
11360
6949
11359
13564
14667
6945
11357
13563
15701
15218
15494
15632
14666
6937
11353
13561
11352
6933
11351
13560
14665
6929
11349
13559
11348
15217
11347
13558
14664
6921
11345
13557
11344
6917
11343
13556
14663
6913
11341
13555
11340
15216
15493
13554
14662
6905
11337
13553
11336
6901
11335
13552
14661
6897
11333
13551
11332
15215
11331
13550
14660
6889
11329
13549
11328
6885
11327
13548
14659
6881
11325
13547
11324
15214
15492
15631
14658
6873
11321
13545
11320
6869
11319
13544
14657
6865
11317
13543
11316
15213
11315
13542
14656
6857
11313
13541
11312
6853
11311
13540
14655
6849
11309
13539
11308
15212
15491
13538
14654
6841
11305
13537
11304
6837
11303
13536
14653
6833
11301
13535
11300
15211
11299
13534
14652
6825
11297
13533
11296
6821
11295
13532
14651
15735
11293
13531
15700
15210
15490
15630
14650
6809
11289
13529
11288
6805
11287
13528
14649
6801
11285
13527
11284
15209
11283
13526
14648
6793
11281
13525
11280
6789
11279
13524
14647
6785
11277
13523
11276
15208
15489
13522
14646
6777
11273
13521
11272
6773
11271
13520
14645
6769
11269
13519
11268
15207
11267
13518
14644
6761
11265
13517
11264
6757
11263
13516
14643
6753
11261
13515
11260
15206
15488
15629
14642
6745
11257
13513
11256
6741
11255
13512
14641
6737
11253
13511
11252
15205
11251
13510
14640
6729
11249
13509
11248
6725
11247
13508
14639
6721
11245
13507
11244
15204
15487
13506
14638
6713
11241
13505
11240
6709
11239
13504
14637
6705
11237
13503
11236
15203
11235
13502
14636
6697
11233
13501
11232
6693
11231
13500
14635
6689
11229
13499
15699
15202
15486
15628
14634
6681
11225
13497
11224
6677
11223
13496
14633
6673
11221
13495
11220
15201
11219
13494
14632
6665
11217
13493
11216
6661
11215
13492
14631
6657
11213
13491
11212
15200
15485
13490
14630
6649
11209
13489
11208
6645
11207
13488
14629
6641
11205
13487
11204
15199
11203
13486
14628
6633
11201
13485
11200
6629
11199
13484
14627
6625
11197
13483
11196
15198
15484
15627
14626
6617
11193
13481
11192
6613
11191
13480
14625
6609
11189
13479
11188
15197
11187
13478
14624
6601
11185
13477
11184
6597
11183
13476
14623
6593
11181
13475
11180
15196
15483
13474
14622
6585
11177
13473
11176
6581
11175
13472
14621
6577
11173
13471
11172
15195
11171
13470
14620
6569
11169
13469
11168
6565
11167
13468
14619
15734
15752
15761
15698
15194
15482
15626
14618
6553
11161
13465
11160
6549
11159
13464
14617
6545
11157
13463
11156
15193
11155
13462
14616
6537
11153
13461
11152
6533
11151
13460
14615
6529
11149
13459
11148
15192
15481
13458
14614
6521
11145
13457
11144
6517
11143
13456
14613
6513
11141
13455
11140
15191
11139
13454
14612
6505
11137
13453
11136
6501
11135
13452
14611
6497
11133
13451
11132
15190
15480
15625
14610
6489
11129
13449
11128
6485
11127
13448
14609
6481
11125
13447
11124
15189
11123
13446
14608
6473
11121
13445
11120
6469
11119
13444
14607
6465
11117
13443
11116
15188
15479
13442
14606
6457
11113
13441
11112
6453
11111
13440
14605
6449
11109
13439
11108
15187
11107
13438
14604
6441
11105
13437
11104
6437
11103
13436
14603
6433
11101
13435
15697
15186
15478
15624
14602
6425
11097
13433
11096
6421
11095
13432
14601
6417
11093
13431
11092
15185
11091
13430
14600
6409
11089
13429
11088
6405
11087
13428
14599
6401
11085
13427
11084
15184
15477
13426
14598
6393
11081
13425
11080
6389
11079
13424
14597
6385
11077
13423
11076
15183
11075
13422
14596
6377
11073
13421
11072
6373
11071
13420
14595
6369
11069
13419
11068
15182
15476
15623
14594
6361
11065
13417
11064
6357
11063
13416
14593
6353
11061
13415
11060
15181
11059
13414
14592
6345
11057
13413
11056
6341
11055
13412
14591
6337
11053
13411
11052
15180
15475
13410
14590
6329
11049
13409
11048
6325
11047
13408
14589
6321
11045
13407
11044
15179
11043
13406
14588
6313
11041
13405
11040
6309
11039
13404
14587
15733
11037
13403
15696
15178
15474
15622
14586
6297
11033
13401
11032
6293
11031
13400
14585
6289
11029
13399
11028
15177
11027
13398
14584
6281
11025
13397
11024
6277
11023
13396
14583
6273
11021
13395
11020
15176
15473
13394
14582
6265
11017
13393
11016
6261
11015
13392
14581
6257
11013
13391
11012
15175
11011
13390
14580
6249
11009
13389
11008
6245
11007
13388
14579
6241
11005
13387
11004
15174
15472
15621
14578
6233
11001
13385
11000
6229
10999
13384
14577
6225
10997
13383
10996
15173
10995
13382
14576
6217
10993
13381
10992
6213
10991
13380
14575
6209
10989
13379
10988
15172
15471
13378
14574
6201
10985
13377
10984
6197
10983
13376
14573
6193
10981
13375
10980
15171
10979
13374
14572
6185
10977
13373
10976
6181
10975
13372
14571
6177
10973
13371
15695
15170
15470
15620
14570
6169
10969
13369
10968
6165
10967
13368
14569
6161
10965
13367
10964
15169
10963
13366
14568
6153
10961
13365
10960
6149
10959
13364
14567
6145
10957
13363
10956
15168
15469
13362
14566
6137
10953
13361
10952
6133
10951
13360
14565
6129
10949
13359
10948
15167
10947
13358
14564
6121
10945
13357
10944
6117
10943
13356
14563
6113
10941
13355
10940
15166
15468
15619
14562
6105
10937
13353
10936
6101
10935
13352
14561
6097
10933
13351
10932
15165
10931
13350
14560
6089
10929
13349
10928
6085
10927
13348
14559
6081
10925
13347
10924
15164
15467
13346
14558
6073
10921
13345
10920
6069
10919
13344
14557
6065
10917
13343
10916
15163
10915
13342
14556
6057
10913
13341
10912
6053
10911
13340
14555
15732
15751
13339
15694
15162
15466
15618
14554
6041
10905
13337
10904
6037
10903
13336
14553
6033
10901
13335
10900
15161
10899
13334
14552
6025
10897
13333
10896
6021
10895
13332
14551
6017
10893
13331
10892
15160
15465
13330
14550
6009
10889
13329
10888
6005
10887
13328
14549
6001
10885
13327
10884
15159
10883
13326
14548
5993
10881
13325
10880
5989
10879
13324
14547
5985
10877
13323
10876
15158
15464
15617
14546
5977
10873
13321
10872
5973
10871
13320
14545
5969
10869
13319
10868
15157
10867
13318
14544
5961
10865
13317
10864
5957
10863
13316
14543
5953
10861
13315
10860
15156
15463
13314
14542
5945
10857
13313
10856
5941
10855
13312
14541
5937
10853
13311
10852
15155
10851
13310
14540
5929
10849
13309
10848
5925
10847
13308
14539
5921
10845
13307
15693
15154
15462
15616
14538
5913
10841
13305
10840
5909
10839
13304
14537
5905
10837
13303
10836
15153
10835
13302
14536
5897
10833
13301
10832
5893
10831
13300
14535
5889
10829
13299
10828
15152
15461
13298
14534
5881
10825
13297
10824
5877
10823
13296
14533
5873
10821
13295
10820
15151
10819
13294
14532
5865
10817
13293
10816
5861
10815
13292
14531
5857
10813
13291
10812
15150
15460
15615
14530
5849
10809
13289
10808
5845
10807
13288
14529
5841
10805
13287
10804
15149
10803
13286
14528
5833
10801
13285
10800
5829
10799
13284
14527
5825
10797
13283
10796
15148
15459
13282
14526
5817
10793
13281
10792
5813
10791
13280
14525
5809
10789
13279
10788
15147
10787
13278
14524
5801
10785
13277
10784
5797
10783
13276
14523
15731
10781
13275
15692
15146
15458
15614
14522
5785
10777
13273
10776
15768
10775
13272
14521
15750
15760
15765
15730
15767
15613
15691
14520
13269
