10000
9058
7009
13471
11805
22317
11217
19739
8080
2406
23473
23320
18685
3629
22641
6362
29680
24562
28049
13171
10875
27785
28001
8319
1568
14464
5900
31762
26096
19632
7636
751
20469
8722
13727
31995
462
32724
18611
11249
29849
32684
15038
4694
22550
11373
23833
9904
18696
28376
30797
18163
18143
15540
3799
60
11413
15905
15656
32449
12502
23849
23280
14856
12643
29592
16796
12632
19896
2829
23581
19566
5357
25426
25580
13424
19162
13033
28491
14631
2174
21991
13517
5736
15266
24326
10264
11731
18873
16117
21482
2241
23051
30194
5466
13943
2834
923
7265
23200
5924
2305
21912
32762
11347
20735
8515
847
31634
13002
31631
10919
17177
712
31256
15548
22538
1446
17070
11438
29524
6565
24409
11768
17879
2612
5018
17571
6090
16836
5876
9657
30554
19928
22699
31741
14996
26971
12492
25817
22661
311
8813
14744
23968
26403
4918
30933
32608
9916
7201
25651
4910
12504
22397
9807
27780
20759
20537
5363
26195
8635
30303
25485
7074
29113
15583
23007
4984
20751
17550
25335
25597
14169
14446
2146
4316
30879
16176
11677
10475
31858
9719
8140
26382
27447
10335
19886
23129
17858
31166
15313
22900
6951
29610
2306
17732
20684
3515
5896
24263
12483
657
11154
13376
12887
17945
7533
27029
12517
12557
25082
24565
1262
1466
3808
189
13161
12806
9214
12189
10078
29361
12708
10231
10672
15323
12034
18823
2875
2759
5344
6217
13598
1246
4240
29591
4954
2039
25377
18578
3485
4053
16598
17348
600
5361
17622
17924
30743
18554
19749
8345
30994
20891
21203
23714
19711
28668
4724
4533
1323
10123
6352
4038
3785
22908
2011
24650
16266
28302
10215
25245
4206
30353
6424
1953
31449
24869
14616
28841
11241
13252
4365
30101
519
24835
24520
22078
2236
9492
5183
6932
26310
2960
19518
26885
29292
627
11097
19617
24590
7785
7717
16508
16128
29768
23976
29396
14489
11229
18189
3700
17798
12267
23452
2776
19812
8049
31978
18322
25743
25644
14669
30445
7220
4701
15507
7119
6318
30156
14580
7908
25103
28685
23620
16120
8956
3074
9582
24741
18879
27297
11805
303
16279
27895
15548
20652
10834
16237
12961
14184
27678
10827
10885
19079
21917
19322
23352
29676
15927
7566
4754
20826
30388
28676
23725
3801
18954
13511
11089
16476
115
18169
4528
32416
6339
3825
26708
19287
11257
10112
27989
134
12052
26745
13519
20268
1832
31344
32147
4388
9136
22465
15901
29260
4902
24277
32199
13543
17873
22944
20028
5440
29407
7790
31022
4241
21427
11744
13900
4898
10624
29233
32110
20917
16663
958
18707
21026
26877
5830
23822
26431
3521
30318
25980
9218
28812
12552
505
2538
11258
22932
4372
30362
31528
647
20480
5320
30479
21964
8844
21589
15888
28169
5972
11709
14799
21795
31801
13490
30533
19460
5904
15876
17681
16284
22167
7364
3087
3877
4013
15017
5676
1964
6850
4018
14201
14541
25996
15629
3454
1726
19707
20280
18640
7567
21360
27494
13542
10671
1834
27684
29224
31155
11520
12604
5705
27987
854
9946
9943
21941
12618
18413
8720
10991
13870
8144
2552
15047
27963
3882
9640
13500
31107
22547
27881
14155
11816
13688
20993
17003
18124
448
24013
13146
1096
12463
21008
11675
417
8331
17931
5440
21816
1662
29006
32357
21056
31292
6349
13821
32373
25829
21046
18385
4107
22317
4482
9669
2021
2746
13515
21597
15368
4814
605
16513
26191
37
19727
8829
2912
31777
13012
4684
19934
7972
10637
12566
481
1597
20001
3063
5283
27656
10704
7170
7292
18639
25028
1926
9488
15861
1257
2191
3015
20629
27647
7344
125
14182
24558
25088
32379
16354
31321
17763
20902
3751
29813
26123
31735
16157
22556
21054
3883
9817
18205
345
20156
15681
19671
12053
11791
30193
28166
31753
32495
94
27356
30576
25658
16953
26452
30253
23770
1559
28099
23308
31479
9678
32687
13387
7019
13346
10469
21081
12663
27041
18630
15325
31412
22731
1506
8954
12108
11638
8136
16337
617
31601
4891
13384
1774
24680
17385
23818
19558
32007
8761
13264
18489
2402
31971
9950
24358
2197
30373
2512
8941
24487
20850
918
6220
21429
1037
7614
6445
13132
19927
22769
10014
12054
15590
27329
16897
9657
23126
2210
5893
26364
28900
25653
7125
12844
8632
15565
27151
29630
15235
10796
28407
1589
1994
1165
17261
31302
642
3560
16412
10810
12252
16497
8693
7317
1122
26209
21212
31221
4931
24314
10912
6716
30443
13509
15409
27889
10199
26911
781
16612
13736
6387
1276
12049
5750
24265
15357
11463
102
5632
23680
2314
383
25431
19413
22837
18873
9907
23269
6372
23383
14876
6432
272
5495
8712
21430
23164
19688
4828
5386
20304
26427
28592
14436
4
11293
9810
26085
24448
16612
3214
2753
6786
615
8877
8616
3647
12563
24380
24453
4685
9019
26639
6251
6592
29104
23685
28876
28564
21138
5388
12013
4683
5733
31720
16534
29398
31591
25393
18702
6841
19233
31771
19271
32107
30269
21371
17493
30971
8855
30598
18980
18937
24471
10971
619
30356
29885
18628
1500
29952
32381
16056
926
4379
19790
16165
14588
21839
15102
4461
4447
31418
27208
9006
633
9356
9384
16071
30916
27313
19054
2840
26667
30641
2322
14473
21766
15828
19399
32589
26956
1929
6738
21224
27140
26376
23069
28398
8445
18743
9607
8462
3775
12234
11647
29776
30913
22191
22865
8603
10205
18601
6335
27002
27392
10043
7252
15135
12838
10695
26613
19625
21894
6135
29625
2210
23817
17244
20219
29900
23553
17493
31149
30237
13592
32307
26606
5640
23174
11930
25567
11518
24200
3114
16819
5685
26637
14431
6662
20648
24498
2230
32368
12639
26864
27410
23641
2800
31636
26973
527
28230
12656
4210
31253
26785
7249
15931
12479
25310
14385
6934
6139
1529
19885
17022
15730
18640
22713
24295
1744
2857
18322
15593
2143
25079
9716
6561
10715
30937
2190
12373
3458
11492
19635
19286
28010
17570
82
23595
25367
26970
1576
24299
19789
17810
18996
3307
18467
27859
6763
8857
27481
28844
30638
15528
17131
18169
29433
4206
13798
25958
27357
906
20347
13870
15664
26313
7762
18985
16643
22603
7713
27653
7380
4321
24444
30931
19717
8378
25071
8646
28301
24383
21578
31544
8686
4667
12092
31982
6759
4159
24099
22429
11626
25157
27171
17325
30288
10387
23413
11580
25164
18146
17666
24934
14493
7104
11825
8388
29448
18227
20221
15154
31366
17567
21066
6358
7226
23529
4729
21598
19109
11741
1082
19080
32541
24525
17313
17128
20347
10875
30589
5606
3093
20538
32485
29702
31212
15951
7443
12908
32038
23965
6006
16543
18366
22146
31234
11149
24698
19452
30155
20943
5661
21008
3538
11567
13022
9068
1566
21863
1050
23115
18703
8236
2630
12441
14064
619
25895
2903
5067
5843
20549
21826
1921
28051
17309
27823
25625
2405
3222
10426
9817
11723
29494
14751
25747
25240
16278
26728
8130
20659
13203
31177
10966
23576
19655
14408
7243
7967
25272
27040
32256
11009
30030
13160
12103
12696
16267
13040
11576
31846
25206
19564
13644
21721
15448
30036
30247
16845
16427
32266
17076
15955
24912
7870
31607
19889
26496
19343
8735
4266
16133
5106
19291
16383
6442
4440
25327
12341
28912
10507
30215
17049
18434
9561
30667
26498
12267
27125
13363
5590
29575
18330
25885
23503
29879
13041
7581
27903
4697
25269
32660
20882
10872
6421
28548
6868
3263
7258
15010
16627
28980
8905
25389
3589
18211
13771
1791
14924
28759
20555
5218
7609
15504
15456
16676
6832
14642
29740
30702
9739
10555
2564
12241
4193
14711
23504
25122
29832
17655
5557
4744
28504
15807
18418
7507
1202
3519
5128
16399
21953
1029
13598
4185
3200
8752
26531
21746
8317
24104
29749
29970
22748
11276
25026
29183
12190
25708
4845
7901
31268
23225
21171
2760
31470
14329
5198
20768
16553
28095
27225
17444
30313
21851
31030
9667
2355
20302
26797
25262
18110
30465
6357
946
22906
16054
7736
18757
17874
1982
18738
9567
19630
2796
15514
1931
22333
9547
22436
12093
20465
23820
30470
30822
3275
12994
20826
22086
11992
4818
29380
28801
6908
31524
7124
5750
28654
10527
1966
31948
7556
25557
23912
31053
305
13946
20659
12536
11212
12059
13758
27729
13458
30092
3159
1532
15727
20131
18004
10122
3193
24483
19761
18579
24253
17915
2810
9221
22591
22321
31339
6075
13628
7449
599
8786
8370
25162
8262
29496
21539
25298
9826
16645
25749
29993
4244
23055
24797
16228
13546
9016
9501
19627
21308
30987
1932
5869
18447
9992
17013
22738
26297
26939
16259
15346
16070
11284
10299
14148
20635
32370
24522
12761
30041
27137
18945
15818
32260
9670
926
32623
19941
22264
28621
5329
29740
21522
16110
4450
2266
7718
21145
25068
20702
1140
8927
11464
28030
9787
2259
592
6905
18127
4682
29078
17003
10220
17118
21847
25328
24138
26169
27946
5644
21617
22416
5885
13131
28623
25197
15554
22308
3080
8370
19046
20771
16525
31195
16387
15688
9328
10115
13398
19626
1143
25385
23411
351
16239
8501
26039
24992
15554
32054
19199
26153
12620
15214
22039
10207
9835
912
1142
4277
30549
14536
3624
5072
14511
4860
10763
12522
15963
23890
25150
18164
13201
32242
3287
31231
31025
11021
15572
12380
15959
28958
16213
27394
1840
28271
30984
32049
5645
26591
14308
26453
27318
6884
19738
22829
19457
28876
840
7980
4003
30536
17648
32544
5189
16938
1834
18449
8667
6766
19605
6508
9265
7799
21651
9569
29638
14236
19126
29321
8414
2275
2677
24780
29907
15116
19236
30082
7596
18898
18467
13016
14320
13933
14677
32373
10941
17243
12243
23390
2580
7520
10978
31511
29559
5580
31011
27148
6326
20988
14858
23343
27910
5155
5009
22241
10323
331
28718
20758
5335
2198
22786
27316
23276
20426
16467
25149
16158
18700
20540
30638
1669
21996
4515
18343
30034
7074
32620
25035
7079
27799
23020
7786
25772
27432
20129
30558
7135
18854
18464
26674
23723
19361
31310
6538
8253
27750
32467
23486
23955
20166
5580
13513
28629
23065
24256
1378
14057
10371
7638
2408
9794
10870
24901
14211
13816
9080
6923
17417
27166
25639
738
19230
25680
25978
21616
26144
13195
10569
15806
12354
22081
1040
4587
32374
8877
13296
5154
20113
2405
26870
28361
12713
26158
8864
11003
13762
21267
1693
15417
4778
12729
5333
29788
7714
24301
23721
29646
19262
17535
6012
27130
14607
15699
19570
14849
5247
32693
24951
22447
20859
493
15748
28845
32600
3347
24605
13816
15471
29221
4639
22929
3339
5463
5048
5239
6534
17322
27575
18642
6062
1728
15366
5233
25453
27375
16244
26486
2730
27540
21688
29520
20586
31146
15027
1514
27451
20635
25078
9506
722
3413
30596
32381
12531
15265
3289
32537
2449
19888
299
10211
28215
12791
4079
29193
12454
31550
10399
22451
18624
20211
29627
21742
8612
3523
10510
29928
16923
27244
6962
16227
21555
25292
7254
6756
20521
20286
8255
29739
20108
31783
16269
18792
17824
460
64
23468
13825
20071
1914
11294
2696
5753
6278
3695
12146
8033
1306
26640
9407
6190
29401
28578
4057
29874
6684
174
4214
32471
25074
22422
23743
4663
32102
18891
26802
13798
28160
20033
7365
2194
3982
27168
24524
13007
4387
21949
30748
21420
32609
28104
2033
7050
17396
17607
10509
2350
15967
26818
27554
32020
23035
12608
15474
5894
17724
10611
30261
4590
11831
27312
8763
4585
10337
31522
11346
6300
8090
1214
3562
5067
31850
30841
13431
14887
23946
29113
10007
10856
2726
28170
12149
156
1121
11539
2541
21951
21914
19656
24817
23947
2541
30177
6059
5777
28029
11402
10211
16521
31217
6492
5924
3303
5309
24204
18202
15791
675
19810
9535
9865
13433
4077
32183
17432
20780
6902
30071
23944
8453
31794
28589
25702
15915
22715
25180
1717
11882
12225
24135
10046
18994
13693
19985
12327
5347
23143
12450
29639
27207
21161
21197
4025
9568
12755
19503
1583
9317
28368
17242
393
19975
25625
15667
30247
31736
8232
31640
5755
28334
6704
12102
19810
11877
7947
250
12980
32099
2676
13783
11801
16255
8310
29448
15391
31460
6948
25766
2442
22035
16523
19420
22764
14119
5349
14409
26229
26717
32016
28837
15883
26067
25918
20136
14237
14480
16365
4647
3509
709
28954
28545
16973
8530
31153
23865
17892
1676
30537
25828
5329
12862
19470
31558
16086
27374
766
9144
3320
7265
17497
25292
14734
32609
28242
17460
28313
28349
9739
30688
32339
3474
29888
19047
2571
8905
17731
31912
2863
19937
21928
16049
29355
30958
28993
20960
21105
11234
1741
5703
17753
9484
28396
1877
2348
23262
30422
27571
32507
19187
845
15469
1462
14929
24528
1874
25338
19179
3602
20637
11817
2666
10666
14293
29120
24108
13324
25585
30437
28813
23736
31424
28480
870
6577
10120
28940
19412
9265
29934
31086
15163
11675
32277
26885
22922
24753
15114
11970
5312
775
27744
5370
10671
19127
27159
25785
2559
15447
22979
21338
25463
9512
4073
28244
11384
1424
8365
31063
22986
32715
25514
29336
8604
7901
28450
12649
28613
2507
20055
21260
28496
30474
30520
27081
19768
29752
17216
8766
6256
22026
28572
21239
25382
25734
26764
10814
2377
6002
25611
28212
16457
30476
4018
801
21534
29947
21978
11273
13707
20870
32257
14720
15780
24836
11375
6846
19086
17811
1304
1270
6534
28941
30149
9444
548
824
27503
3750
30433
22589
30443
24524
28376
23388
9421
18354
7369
29149
3206
27150
5987
4682
23247
20421
22211
23515
23371
23043
11064
16946
17767
27530
4425
8520
20614
15434
1785
19880
21339
2866
17993
29915
29333
8775
2303
25123
8898
24819
14758
31596
365
16543
13782
2687
18826
1924
1461
9849
26389
7613
11454
20859
28149
14497
30657
7844
30758
20561
27691
29756
12055
5005
15496
15922
1105
19916
26182
9417
23898
29579
23740
7054
14041
18661
25963
23693
762
22116
2435
9156
18196
8215
16553
16088
15498
21220
14583
17671
30959
23584
24644
2910
24941
8029
4774
10540
28007
16003
4662
8374
31837
10275
11283
44
17168
24583
11946
3804
5095
13838
5428
23206
1682
24375
3199
14768
17133
9467
13554
5211
29479
7904
17868
2933
8483
10827
30124
20144
798
5269
19542
14162
31635
11106
16820
31535
20571
10030
19995
3028
23833
9257
20432
30214
17621
7493
27083
21867
26343
7565
16314
12422
6935
7096
13129
20713
30978
13310
1697
27557
11968
13354
2094
11782
10947
11761
11174
637
7426
898
13383
8670
4951
8798
21600
17611
13606
24682
26130
2416
25152
12098
8536
24946
14599
6609
29509
7201
18386
16415
23181
24821
28051
17769
27975
11832
11703
25719
27633
12288
31565
7722
1461
864
16235
13909
12778
14815
7885
29389
17118
12585
17088
20676
5587
4869
10558
9298
1095
4487
16475
22101
31353
13191
20704
13435
22312
17746
31797
1949
30878
16798
20868
25679
6893
18116
15899
27061
27513
27689
23826
25240
30134
3069
27182
31928
19763
21801
23558
2660
6360
14722
26980
585
25452
3139
32238
12680
21849
25786
25094
21515
15284
6465
6638
1816
120
26224
16432
18982
30738
5777
24381
496
10275
15700
3668
12745
27521
23493
21925
24367
6015
122
7607
21410
1646
14353
11783
12471
11107
25050
32498
2664
4923
15568
25300
31662
30429
16590
19058
26962
17087
6143
10389
26367
14252
19607
14584
29341
2244
32448
11876
31194
6852
14039
3098
24073
18567
10201
11889
27184
20685
30232
18112
28508
20796
22067
20094
31544
29348
6212
13736
23774
10887
29531
20579
27629
13785
9516
18403
17884
12548
14852
4747
30094
28975
4354
14166
14630
704
28803
24693
23068
28959
16094
314
19345
15293
13138
4916
735
7254
4924
11932
15989
627
20365
495
12002
26674
5756
27869
13871
25673
11640
16994
12658
7497
10081
30259
160
544
19191
14683
16547
27618
15763
18982
27564
3273
17941
31550
21451
20602
15389
13844
11197
4489
30590
31873
4613
18496
21487
11694
21054
5788
7428
4657
20655
21913
30301
29560
21536
1967
5150
17003
8684
21661
22430
4429
8280
29285
9316
25827
29475
8088
335
8409
18014
4819
23060
4961
15230
906
29934
25629
11440
12292
28816
27199
14956
1191
24159
11759
22349
18550
19678
6381
17952
29400
22121
6775
15931
3739
2087
17005
10768
20024
13626
6067
13313
13657
2616
11735
5494
31640
29919
15859
23597
3210
13316
18133
6610
18684
9165
30814
12752
28028
6688
28200
14694
16924
26459
32107
7677
30578
20294
6690
1465
21731
3654
5993
7758
7202
16083
18218
19989
17907
13099
15608
31583
31797
5960
14395
24073
29983
28432
31118
3920
5066
17613
1893
19431
29167
7132
9715
7239
14067
31657
1611
22343
24608
9947
28869
13036
24118
21195
28323
22402
11298
29499
14068
10475
17165
28229
25273
14904
3992
19601
11335
8054
19558
14795
15852
4554
26076
26964
21461
6593
19236
13112
13615
13281
20600
32097
18573
9092
1693
17674
18314
26598
11181
23670
21935
1916
6426
12513
32407
9607
21232
11447
24400
5610
7258
2564
32517
25400
13672
10539
6874
31506
9743
16348
26904
29872
14962
29760
6026
9661
5215
14454
2343
31080
30237
31299
5872
15800
10853
31493
22556
23327
11694
25577
13683
10835
31918
27230
19448
23641
11293
6346
25290
10466
11708
3963
30796
14043
26262
20960
10884
29504
31365
29689
32449
18993
28921
15372
19585
30279
5877
3226
20369
23080
16986
10897
9590
6233
23144
13251
14860
23892
18818
22935
26477
4059
15409
13310
19732
23435
20844
16553
8771
18868
8215
25210
1953
23656
13769
30008
7208
24530
29394
18822
22846
26057
26493
7446
31266
8101
5778
25370
29322
2642
16671
28923
14475
8355
8056
25422
26040
2024
11133
20228
29582
27330
24603
4832
5904
30262
4630
23855
32686
11521
17925
14771
32107
1323
10142
15328
21055
991
1587
6475
12986
19322
31357
18527
14827
20450
6553
30545
21632
9497
22864
28503
26414
7186
2459
14357
13396
8643
1894
3928
17627
5243
3221
2311
22624
886
16709
27479
8341
3247
29268
6973
19428
19701
4387
11561
9046
5697
24730
28145
16308
24647
29549
30731
6636
10059
24478
10496
31413
11574
19268
2845
3446
20713
13962
1900
6756
28625
9978
29667
11243
1467
6140
20954
9040
32490
21657
20675
148
28775
7813
26901
24987
10905
18013
9097
31886
23061
6445
24713
6525
10935
18229
13285
20297
8434
10221
10441
1985
7524
32582
492
3851
16046
10291
18953
12870
5506
18536
18579
12653
24318
29025
11941
2174
14648
21159
4152
21468
1562
24911
32152
21490
28784
6339
20761
21530
18239
14533
1285
30909
9048
9392
9690
14523
2862
18433
13490
1549
2277
9239
3587
27049
26283
27447
10376
5797
1355
19667
16511
14496
255
22284
17173
350
6278
4469
3615
14770
2679
13594
22538
22945
23765
9665
21525
27588
17123
4207
26301
16366
5434
21294
32377
12559
4120
4622
25768
600
19451
7530
6856
6048
9327
3436
6120
3335
292
14035
31328
29145
13635
23796
447
10933
26882
17663
25861
16110
16759
3716
22803
5425
15017
30006
23391
25448
26605
24558
5356
21983
3696
24819
27002
12709
19984
2936
1786
30262
19568
16998
2372
16982
5707
25692
1548
64
11016
30964
5394
7424
26255
17225
10394
20254
15708
23990
18972
12412
32465
17120
3900
12161
4561
26614
23292
7031
24458
19511
16177
20530
24722
8629
4660
17651
54
29529
3289
652
18959
27688
1189
17604
5590
9156
5691
19196
9592
5174
21528
7187
26989
7402
19840
16776
24390
14075
440
15838
16006
16050
4982
16965
26547
30281
20630
26486
18861
9716
25102
28127
12606
32034
14372
18688
14065
6399
1759
31253
16168
21566
26299
32245
16489
17431
28064
21050
17401
1675
21525
21922
21676
17903
31410
1973
20475
5544
25555
27560
19799
3124
30100
4738
4029
15978
6137
4221
13707
2
876
25007
6802
3415
21357
489
8300
620
12677
15328
20751
17197
11387
29578
4003
14584
4043
28619
19345
2396
20308
26449
27101
10785
23377
21693
22709
30344
28810
22019
330
10707
14540
6931
3038
25352
20374
10169
10782
5619
32533
27841
23475
3434
18770
31840
24852
25301
4523
24015
20638
3821
31360
17465
486
30659
19246
11479
17230
8196
29249
10330
3542
23420
30693
21385
11061
11482
29854
17195
553
12467
24633
26407
32011
14793
19715
10474
16038
652
25400
18697
6473
6113
12478
16423
31771
24867
8467
10010
19119
26983
12677
27209
21208
19973
13729
19544
21695
30292
16365
31752
20786
30900
730
16728
4671
20690
15860
1521
8706
19239
2908
15552
9147
18882
8568
27877
17187
17992
23785
25548
11777
13625
9917
21145
19448
11892
2790
23242
10403
32510
4843
19991
17380
2047
14558
9629
15480
3853
1678
29756
2255
25517
13565
22590
12827
32279
24597
12345
17832
31546
8854
5942
28779
6656
11859
27666
30941
7635
13470
26661
2826
14944
13057
2338
2788
27803
30767
21054
24798
25859
30009
10389
29878
26407
12037
20169
19090
17001
25597
17388
30287
18434
14852
2464
22806
25158
2222
5500
23856
12585
5040
29106
9243
20483
18837
20719
23261
10384
23219
6531
10392
30523
15454
11202
27487
25756
27739
26538
14152
22591
2199
13766
19394
26791
3865
5969
29481
3218
23094
415
152
29055
11524
2233
24575
7022
25617
7496
27765
12775
7764
25012
207
7741
29283
23180
30321
24340
999
32297
1636
13601
3405
26510
16553
3377
12735
12435
3533
19309
11091
14147
28350
23516
10626
21122
28381
11305
29659
14835
31828
29351
9464
9496
6826
26258
4530
26043
9109
19864
12433
397
2575
663
5510
3854
21419
22953
21981
22956
15402
1374
26733
4399
14153
24904
22034
2132
17630
17853
20061
18104
19235
18648
29833
29176
27474
4289
30897
21015
1138
6958
20801
29984
22640
7722
10411
13836
1905
26134
21339
10981
21863
21741
25068
15916
28130
26316
9116
30585
6698
24497
11517
14177
7562
1666
14062
27292
11246
4434
27082
30823
11953
9953
26847
28712
19376
6497
12834
14929
25251
16000
9760
20614
29869
2210
19512
16642
10801
17774
9992
311
27368
9613
11557
21428
15408
29102
14863
17740
22951
4302
2916
1397
15353
17334
7763
7662
502
14789
340
19877
28648
25327
28182
2775
31011
8966
16313
28793
2013
19000
6462
6871
30528
30426
20540
14203
29630
17508
28628
19536
13733
27580
26598
31239
18931
14519
15493
15802
23915
30941
18857
30159
15848
18284
28452
11808
1522
23200
14552
30552
9871
13874
22310
19872
17243
26398
31658
21116
5339
11434
28197
24047
17679
12964
28090
10982
31302
16619
12894
8916
1078
1073
8842
3225
24396
21502
4402
8872
577
6648
6139
21609
10734
15971
25001
14044
5985
15844
30934
26752
29744
19594
28394
27763
20749
10766
28487
16602
29339
2906
4804
13443
24705
15689
1885
16329
27324
25774
24617
25784
6457
32663
8588
23154
14755
3027
23981
2001
32634
30385
29994
4430
27237
14859
20491
32290
26313
19075
8949
14507
23706
15117
5280
28176
8305
14766
22411
4392
31455
18819
3055
1176
14850
24068
32241
12348
341
15242
5147
1481
19404
16655
525
14512
21537
32565
4976
11589
22376
16522
9004
25376
26090
26379
4827
24259
13872
17127
22141
22142
11870
18053
26733
9872
6083
15303
14740
20623
12461
24209
29148
2570
4226
133
5351
7788
4620
6673
24322
10275
14357
27820
28244
25858
16436
6748
3163
10724
22502
22140
11162
14739
10208
5052
28043
744
10660
21353
17627
2611
31571
31215
2006
476
9666
19612
1825
22091
2255
31910
31911
12550
25078
25456
26325
14105
8479
21513
9226
1723
32698
9717
25161
14382
3598
23857
14130
26087
10958
4977
29744
32751
6382
1708
2803
28297
10164
28890
5665
18453
8466
3325
23112
7732
29235
27998
21272
9773
16980
1817
8399
16528
27605
5851
27124
9241
2960
17131
1352
12246
6761
7783
32762
10380
17702
29137
21530
25944
30338
27850
25424
12178
18300
9500
2510
23030
18933
1790
23939
21254
24954
6804
28049
13994
7775
17078
5634
8986
20237
22770
15286
21757
15260
19156
1184
20179
16293
7268
24627
3984
13905
29681
29718
7305
27830
4877
16671
25236
3684
24793
5247
12907
16442
27011
6458
23634
23935
30476
7643
12026
2862
10063
25189
23972
5520
9023
652
4489
19472
23408
20517
10874
20300
28121
12764
29380
1384
6360
23077
19030
10407
24438
27253
3366
9276
17133
22193
14544
13149
13671
7399
5504
30362
10761
9532
26131
29549
26160
24101
25465
12818
30714
26842
1886
28056
30217
27144
27145
2617
27779
21190
14212
17895
7005
13771
32765
22311
27098
31966
26476
28194
13134
4749
30838
19449
20776
21538
7825
25690
1583
24531
2922
15697
12044
4921
2948
352
23561
19972
3617
30673
14360
19692
25701
22347
24855
12523
31673
9892
5458
1705
5998
8182
23114
25144
19874
18933
181
25345
19304
15231
10693
13310
9251
15733
12717
23594
12339
16074
9058
29494
16084
20185
6558
3710
8002
4604
12587
31291
17698
25690
28766
4858
3101
7936
18402
21325
24270
13108
4278
27072
17630
4101
11129
27406
7277
1575
9446
29845
692
7678
923
21256
12265
5113
8990
356
19043
28449
16417
5157
29951
26098
6661
25785
7362
1385
19870
4405
18880
20062
19766
9287
30524
15636
6612
31083
14096
28431
8638
12642
9296
23333
26684
19169
26922
20440
23199
13190
23568
11235
30338
25871
30746
1299
9552
25294
13477
12632
28934
11096
65
26140
30266
29310
25290
25043
14173
14206
2772
21460
13629
2938
19020
30311
28877
7208
18013
3871
14889
22220
24209
18794
28885
14179
3897
8038
6469
6177
21262
17654
27555
5406
18456
18710
16332
22605
7119
24939
31388
25005
641
5150
24683
8131
15859
13291
28887
27719
30539
25205
12228
16670
28717
3293
32674
14728
20261
5778
28911
13211
2885
9835
11004
9712
15119
18931
20979
32156
19093
25348
3609
6241
23774
5015
6225
12070
23692
7130
28642
17573
32700
24195
7545
27748
17198
32612
10098
32230
8358
20544
6995
2082
1169
32734
20633
6452
18156
16219
18616
11859
11106
20932
20573
24579
11444
14821
17910
7819
5982
31323
10612
4778
14200
7153
22863
30342
7642
28201
8395
31461
16515
13848
31611
3231
31292
16247
12803
3668
11640
1016
13345
23130
3711
23766
21487
8441
22731
29360
18018
30427
29618
24471
3351
10174
19014
14182
11599
8556
23162
27217
22584
2797
16262
13761
26734
23547
15244
5984
22721
2230
1147
30319
6201
5529
22580
30560
24407
10157
7147
11681
27294
25852
2768
8118
15954
14665
14319
20874
22400
21246
26453
18695
28222
27750
629
16612
11572
13596
11210
32190
603
28612
13757
31083
27909
6136
200
22667
27934
9349
1244
24159
30641
14808
2560
21215
5293
24755
21564
3846
2538
5413
18101
9073
14183
16824
16921
19752
2262
31468
16957
11452
8282
3812
32517
29586
7823
15712
5253
31614
11211
11243
30309
31891
9891
27222
12938
21818
7089
7012
18162
6274
27285
5575
3808
22199
15418
4427
2874
21558
11867
13394
2607
8831
22597
5504
29212
20364
3294
1463
13233
8034
32230
13894
10064
997
9341
3933
22965
18160
4837
19141
3036
6821
5002
9933
27167
1026
14655
17800
16032
21429
17611
3125
8934
8498
932
5887
29899
31746
3066
5351
4757
18270
31223
8190
8803
29692
4678
26071
26827
3113
28114
13372
29377
17944
4816
15904
5818
4218
7935
11477
4370
19790
26414
20863
16299
12027
12288
2761
16600
27548
25580
13014
31097
15003
27271
10619
18023
20609
1286
20139
23826
19724
21502
306
8040
20355
27247
30118
26361
9542
4609
31131
2905
18089
9357
30487
10182
5634
7903
19526
25611
5377
20667
19310
17572
1088
19997
30500
17955
8475
1477
20161
18387
30146
8435
16144
2458
28556
4208
2889
16676
12175
27341
16963
2621
18797
32751
5093
13951
25712
17868
6878
16430
29402
623
28309
25696
29558
22338
4451
10337
29043
4492
3841
20053
13938
25657
24380
32031
25310
28378
24816
8066
24700
13804
307
16006
25411
28765
25297
23326
27757
20044
6649
2823
974
7441
20533
23795
7013
27773
25759
18407
20785
6498
23635
10722
837
24918
14112
6591
27167
25525
31875
4188
11574
13285
5333
11516
9682
24798
17091
6378
17440
5609
20735
20064
19078
14503
18485
18086
21300
10326
16705
21374
21500
592
10143
10176
5219
4052
34
21314
18936
16649
2025
13818
20196
22848
16272
11879
9923
12410
13987
1836
17842
11818
11096
26623
19881
24892
21117
19905
13836
22869
23471
19950
4476
9565
1485
10552
26099
6971
22444
29039
19216
19679
20748
18084
17071
20102
10187
28558
32701
12857
25945
20781
3915
23703
30828
2476
6112
5845
3829
12940
8980
515
19538
3583
9562
20369
12229
9106
14366
25361
16165
4111
14864
16702
18899
3234
18879
28734
22512
28986
20073
11556
6605
13874
785
6841
27555
14641
14291
19836
16773
18767
15733
22759
3986
15993
12094
16884
623
8214
3851
31456
7157
7914
26527
19503
2086
26171
26939
20208
15974
2099
13422
23618
17128
2438
18223
5655
7270
20565
16425
27960
21013
31313
27734
18570
1496
24099
21199
12687
32435
15372
13027
10799
14211
25032
10342
4025
17901
17849
27211
12069
11669
23873
22390
28316
29584
12912
17867
12346
1563
31967
18315
21010
19597
16859
23264
28530
29578
16326
14262
18281
18810
10427
12237
27783
16185
28785
21772
8676
24848
12642
23065
2403
23525
27948
24870
1848
25262
11319
11534
32424
2092
16536
26784
19472
24789
12341
30778
8233
274
2602
2459
8330
11178
11116
22002
29039
17534
13996
19002
3256
23416
17279
2506
2613
25534
2235
32552
15648
27435
1572
28447
19179
26111
29000
16913
7997
25301
27047
30606
24887
15062
14359
30756
19963
4653
7527
14713
7279
15546
29763
26776
20030
23307
10839
3721
4640
17288
21688
25380
7004
3053
25471
16934
4747
18174
14519
30341
926
19062
9849
20481
27938
4416
6229
14076
21699
3561
27636
12939
1295
342
15612
5325
22653
10674
10292
16764
13742
23979
18921
17089
8434
26590
31632
8269
1806
13967
5292
11429
9533
13214
13042
15549
12916
22710
19883
32201
11754
21448
6235
23888
30424
20408
30880
14210
4477
13654
4956
16331
15718
30863
13590
22440
16620
17893
6558
18362
3582
9244
22256
3865
9249
24118
28507
15594
21428
18850
20195
2100
18041
15537
14307
6639
29009
18761
25335
15710
21319
4061
22040
27295
9680
16028
14089
24449
25169
4329
7411
14997
16610
25356
9548
19592
5202
11815
20476
5039
10091
107
26307
5604
32631
17803
29653
3217
10243
29553
3016
5898
27618
28465
28336
26400
8053
15931
17545
7155
24618
22484
30933
16135
27971
10951
31109
6042
32217
11095
23837
18485
14368
32121
13332
27266
11756
3904
2425
7517
628
14233
22237
14637
7510
11576
28524
7797
3804
27090
9821
21158
2430
19853
13453
24376
5288
5813
8550
9976
23741
432
13062
9636
17499
9524
10653
19893
6881
24247
18967
30844
7214
25383
31740
7280
7596
18396
32404
15815
3214
6091
31054
19779
8533
18684
27490
26959
27801
9790
16054
13642
8454
281
511
15139
16037
16388
3624
2854
860
7384
6903
3605
17593
10117
1774
15739
5867
24835
22127
13885
25873
652
11812
22898
24248
17673
19614
28532
24222
15562
18236
311
11964
7545
3663
23514
19844
31313
31867
29308
6248
22155
30049
4689
32667
6681
22394
7413
10011
16023
17734
15616
6383
18559
2471
18650
27821
24732
7047
18385
2112
8641
1217
19816
24040
28346
12351
7922
19330
25731
25440
22368
32522
15544
26268
32088
1118
13389
8554
16263
24645
19071
11617
19255
23727
27658
9374
28964
27199
24221
12135
3211
15110
139
5389
24709
31378
12483
21527
24467
18215
29442
1436
4474
20556
9287
4081
2897
16009
21384
27781
11736
18544
4771
1288
7691
6362
21399
27603
11255
27251
9716
29572
7117
31865
26768
27112
1333
17600
17276
31263
15588
762
32310
31226
31857
6453
1568
9896
15460
19877
14641
5266
29841
22948
18667
22147
13988
27127
18829
8204
22268
29779
16777
26407
6077
1567
19768
18714
2592
28796
10957
13982
6670
30083
17032
11073
30702
23245
32556
29705
21691
1337
2738
18778
9305
489
17215
16409
23081
8334
31828
22034
21467
742
24644
7575
26243
17795
1516
19562
16879
9677
3742
12766
7736
18762
24670
22584
26520
2589
20561
21851
23675
27853
20850
3749
20953
9032
31623
29716
4546
16680
32340
30381
2107
1332
21774
15902
12872
23594
19986
24994
842
188
15063
10277
13451
23768
23585
5033
13080
4140
24184
15336
8143
16362
31449
15418
5560
5064
4011
14522
10905
1100
17908
16036
24004
24134
5837
1026
26932
8094
17684
19080
10456
4431
8032
27068
3119
17076
7738
17498
17941
18947
12938
11510
11997
28183
22607
32227
3231
7538
16787
26708
13779
22146
11679
16065
16927
25891
16491
16012
15726
6502
28248
7397
4418
23440
20513
23275
6219
16742
29455
9491
4152
2216
31085
16846
24013
6876
7996
21350
22326
32332
30504
28969
2203
22610
29626
23498
9972
25811
4302
20740
9503
1802
12616
17024
7983
22407
1283
29689
4104
21367
2826
17566
1321
4389
1035
10168
17608
7617
26888
4236
6692
26721
14928
21891
15383
24133
15022
20104
490
7263
27360
12978
23150
23058
22858
31011
14664
28987
6636
16688
28301
10094
31378
1474
7311
7298
18250
8187
16374
591
13083
23837
32274
438
14580
11176
11631
28898
2275
9155
19626
16078
21895
28381
23428
14343
5576
21140
18997
2228
3781
25302
29443
8147
14862
8006
21010
22469
23572
32737
28542
2061
24286
13537
12199
25685
17661
7649
32204
19633
18625
15427
1244
29480
31661
9423
27272
31345
31273
13468
16541
29178
1911
3380
8337
21295
9704
7155
9563
25592
32592
12464
14216
8835
12727
26528
24460
7749
21585
27254
4694
25147
18609
19663
11303
21622
11321
1998
3491
11990
32213
22787
3881
29974
19433
2194
15968
3080
32391
23185
6674
22050
4582
12209
16446
31034
21775
6433
17000
12686
218
25519
5172
22023
15129
24113
18483
29119
23059
24355
3837
5824
31796
19857
11392
19983
18434
12600
22423
18665
26707
3560
14303
14156
6333
3628
30150
26553
22095
16685
4324
5177
2174
28628
28815
158
13922
19759
25257
19979
7203
1558
31933
10166
13486
29710
4938
11501
2988
30573
15199
15447
27572
15551
2664
1149
15551
29033
2120
32136
9949
11148
1960
12364
19751
2348
22670
28294
13557
19090
2353
24674
11601
27630
10508
2881
19115
577
16945
13752
19150
24442
31968
19676
29970
16863
8536
11965
19155
4783
27629
32304
7203
30726
26459
25554
21692
15872
16730
24649
5432
23329
19826
5069
27781
5109
10769
7912
17811
499
15323
121
23887
423
29505
5375
21717
19473
4181
6932
13281
16200
22748
24888
28551
6754
29861
208
18725
12440
25626
19054
6549
22438
17685
18259
23719
5489
23029
29747
4302
20716
1776
6456
16153
2620
14763
25417
16229
24091
28423
8843
3282
22650
19262
21032
15987
23146
30768
19792
30794
5948
15863
21886
26739
27879
2497
19965
9375
7083
22239
20650
31684
8436
11801
32763
4115
14721
12101
14912
19755
20165
22808
4649
3724
21390
827
12425
2638
21476
16033
857
21523
15412
4121
24064
3130
7086
14623
28370
3925
26091
760
11734
14813
30675
16382
10444
5157
25534
30520
20590
31373
18649
28205
10999
5624
14796
1274
4066
14464
30361
6307
20724
29288
32199
24487
29820
29521
14529
29911
25818
2993
18297
1127
14654
25218
12112
20294
31666
13111
28986
30891
4187
10228
19229
20977
8699
9214
10363
6308
14267
4721
1617
23260
22568
3377
20031
30153
23931
28706
27880
25232
24349
11420
10140
17749
21610
28953
30005
29337
21686
31025
24126
24263
6285
6601
10331
11273
8255
23943
20708
19040
9116
17801
6868
24052
12029
598
13282
24489
4484
14612
13549
11250
164
10492
413
29674
5347
17676
19272
17569
990
5627
15122
6323
15246
30834
1881
10272
17099
2937
30800
27223
782
25392
8169
32404
24443
21439
18681
28268
15647
26767
24983
32423
24694
23483
25796
589
17456
8641
1874
25603
19764
23934
11262
22936
32742
20569
25312
30172
6821
6846
30725
3249
14744
24782
21850
7524
26539
10068
15307
14141
16596
31995
6061
3156
2459
17343
29785
9895
24537
11938
21274
29546
26816
18336
26954
6302
8219
4580
2487
18661
11479
7228
15692
2453
24259
6091
20205
7947
14740
18174
20130
4930
12588
22721
20472
2724
31516
1010
26532
23327
6503
30485
11370
6524
649
28746
16189
4332
2743
4477
7848
22756
29289
17629
18796
32043
15894
17807
29803
27698
15166
8355
22468
8099
22190
16967
22336
13116
10240
25402
2541
24030
22113
27268
25864
225
14999
5989
3616
16811
25154
1931
6265
24961
22625
28039
12719
18332
22297
2946
411
29056
18098
17964
16762
15753
11747
25590
20044
17351
30543
19585
14971
12556
12367
23638
8893
22594
9458
8407
19003
28162
32066
4214
16883
8803
16329
4900
8027
3344
23892
28428
1607
8094
10743
28034
2572
4636
26449
19510
10726
32235
17425
20142
27799
6864
29881
1011
24401
21063
18851
5258
31702
7450
26177
11429
14814
24371
32168
22171
20409
13742
14416
22934
26165
27443
10005
28811
17346
1667
26498
28016
13012
10064
23887
7337
10121
9554
9512
31939
26764
9623
9393
7780
16185
6683
23494
16514
29442
24472
23303
31956
5137
28063
916
6278
22830
19688
29717
19761
5348
18407
18174
7690
1503
2463
1553
3418
1689
7867
30500
17966
24630
3291
9764
3663
17580
29740
20570
5236
13350
28475
5357
28343
20907
9483
3752
23878
27386
16741
15102
9563
14265
18287
21067
6254
5071
29312
30045
7081
14607
6451
21555
17308
15382
18106
12804
22578
20598
32373
27268
21731
6164
24003
23650
14636
462
4121
23829
15676
31585
18769
6616
16113
31370
14916
2547
31490
8556
13210
22077
26238
562
27361
23007
15477
17909
5597
8282
5108
15072
20511
1228
4663
3474
32473
22127
3355
12739
9969
9826
12754
15915
26964
8876
986
16287
6541
8830
18480
18302
8854
18360
12481
14667
11758
22959
23585
7067
16619
15661
32127
28722
17490
11706
16601
22377
10789
7194
16236
723
9660
22039
6255
15135
10775
23425
512
32064
8819
1138
26207
29388
6427
23766
24922
18850
16513
22827
12808
11984
4749
18566
29882
28852
31285
10199
14639
3169
15182
14957
18695
10819
3234
3005
12922
19975
6210
15967
27466
15797
22046
19545
8182
25631
29906
7328
817
12927
17603
4572
12690
17756
22891
30316
32141
20653
21745
27050
14242
5953
4605
12912
18132
29022
8138
6875
9565
9897
17533
14670
5536
8005
31157
19130
9055
12351
5987
541
17710
1834
8412
29001
12840
30982
26668
28391
16352
14439
31661
7611
23707
14035
4569
31018
31164
13675
26461
2809
31359
18637
17262
11863
31466
21562
5728
1054
769
16372
26229
31830
31290
28394
32499
6395
28464
14231
5497
19967
1947
25640
22930
8851
11392
32221
8843
30627
18085
26545
12162
6047
8008
3133
11712
29569
14608
8922
31049
12556
13636
20486
19376
28241
6459
9481
19760
24184
2068
17112
15353
9149
17575
9273
7624
2745
4026
21288
12218
2787
13945
3449
2146
12374
25888
7360
8217
21205
4603
25966
13205
15884
5264
28988
13502
12056
15643
30925
15804
19274
58
12430
14933
29736
2794
23778
15222
7349
21170
29052
10511
1011
30238
16395
17956
30885
367
31261
15138
2649
27537
2621
6767
19366
24397
2143
4932
2483
9408
19839
18111
7416
16140
27268
29492
14153
4685
1642
27077
21264
9679
26528
562
10202
22142
11439
242
18453
3485
30749
9090
19479
20411
5009
18173
11875
14307
20023
23789
15656
13076
6758
8800
17675
4080
11905
19775
22822
14008
11547
9180
23633
7544
6238
13002
12192
19583
5293
5361
10797
1810
16008
481
15895
27746
6064
5735
28362
9403
20364
2910
31873
28413
27340
20168
26890
8784
3660
13086
14793
30740
28987
10468
6912
12823
14972
13951
18510
28939
19788
8779
24181
20279
18726
745
31328
4972
16611
10710
18788
4155
27942
7234
28358
869
24055
3615
25213
2451
28590
4984
11578
31303
1811
31748
9638
16403
22723
3323
4842
265
16342
3368
22645
11122
26558
22336
3833
15043
19826
26226
11959
18636
23501
4415
12029
16179
10032
26252
16109
15649
3183
24821
31615
1339
14059
25701
18122
2004
20987
14819
9343
23904
27025
32175
16310
17708
15898
13198
32237
31821
4005
30050
17229
215
9288
28669
19504
5455
3519
8759
16353
6242
29271
4670
24738
1238
23819
27950
31988
11714
22764
17634
1554
2810
23494
24585
28607
10702
17408
20604
15681
5620
28100
17359
24494
20162
9056
16933
18790
7328
27884
20297
23265
23230
813
8699
3243
2306
27066
25992
31404
14917
29789
14750
13485
12990
15292
25693
30744
19134
17721
27313
14079
27038
25110
736
4192
11510
2525
5471
7592
4112
13311
16362
14709
10141
29883
3795
9120
17830
24897
24731
9851
6597
32536
10175
8535
8596
17085
32468
7242
32102
24973
17110
18735
32053
31460
10174
5613
31196
23687
31570
13309
20102
26175
2625
14630
1639
20679
23407
15755
4778
23528
13710
6888
7338
10211
8942
12569
18532
15887
26518
21468
31533
3267
7571
17879
31392
23158
27536
25821
30683
29733
2471
27501
23275
6902
2167
27515
25220
29978
3703
26227
27637
1527
32649
9852
30556
29063
17107
15610
15382
3835
6858
19030
24954
3749
17295
29441
12231
14100
19327
9654
19802
32129
23046
5888
23589
32106
22707
5629
2908
4988
12946
7777
29041
8118
7606
19389
16963
13004
8981
4610
13715
10953
22681
24385
12727
761
371
2740
3730
23302
2227
13570
1219
31073
2581
32191
7453
19683
23838
12850
13399
12725
22120
22876
26373
32109
13115
16693
31175
5753
25436
28985
4545
6849
9514
9763
20811
22920
10214
15097
11497
9363
10323
9032
3197
15502
15231
23217
3259
23723
15328
28068
29918
10636
3234
32620
13465
1891
10048
29036
32337
7000
10066
4008
20873
31787
18598
26247
2462
22042
2961
9687
17588
1541
29575
13585
14064
28624
5098
23774
15848
5129
24352
10715
18519
10442
27624
27801
26134
14817
9454
31465
5191
5167
5789
5718
6611
78
20276
7154
2072
4215
1308
24918
13275
1442
30585
25316
14980
4078
15615
10063
26506
28228
29958
31838
3628
12599
3809
28908
11106
9519
7020
12340
25619
10183
23781
8779
13192
27763
2301
30190
24097
29798
28974
30590
31814
15795
1358
22857
12705
28082
25701
20747
25738
31397
28604
11957
2499
6299
5174
20588
22630
28053
15843
6101
31259
20712
10707
17552
2958
6626
2600
22530
289
16816
12399
26200
17374
23679
12849
30920
6831
11746
15300
25882
13265
23668
1383
15976
25222
2238
7823
17186
25866
19291
891
27732
18121
24153
12558
556
13007
30179
10974
22967
19072
3101
10121
8171
21641
9296
22344
21994
22550
18759
30918
25221
30790
19193
12338
23807
9179
32616
21650
29972
27959
2760
10075
7226
7812
29412
10815
21543
24114
446
1863
18067
30630
15221
16161
2623
7216
27500
4539
14646
12350
3241
21777
15443
30928
4475
11843
28675
15660
20064
24810
1612
12499
3109
10412
18959
14771
1359
20750
10122
26270
21178
32650
7712
10747
2944
25570
32605
11452
7196
17075
7989
19856
6352
3661
22924
8281
3908
450
4348
480
7023
29245
2770
5063
17338
19093
19545
13504
24675
25890
23900
18685
4640
14288
5094
26344
3078
1649
19788
15379
13480
3928
14445
15986
25219
26147
5433
32200
14234
28888
3440
10591
24669
15156
2732
7676
14799
5183
11682
4114
8936
10788
19109
9782
32056
6208
3948
6099
8398
7033
13844
9247
18264
24785
26984
30029
12940
8762
15969
17413
4550
1453
26345
20241
27378
29302
484
31577
2732
20690
11377
12305
16294
26555
14445
17201
25930
19715
11322
2597
417
7072
28606
25286
31348
25671
19118
18570
9649
3132
6156
18935
14607
3688
21230
29278
23797
21164
24706
31685
26265
3957
15183
23845
32101
27024
25533
2262
12190
17984
14808
28487
14919
910
9297
6642
2115
2785
10437
29327
11451
29134
22850
2696
23743
7473
15112
30382
11312
6781
2700
4906
4573
9040
195
17334
30444
32587
32156
1037
21884
14368
15311
23711
10888
21484
29141
3978
16142
2504
1079
4550
3185
9370
11532
9375
16413
2098
15549
9065
8809
3218
22540
22895
25793
9100
22357
29740
6916
31891
11027
26046
25643
6859
27045
19351
1580
4450
27219
11638
285
23075
4492
10389
23965
31304
12913
23332
14960
27024
10648
9207
23913
28562
5385
2684
19341
27473
19853
25327
11381
14608
1321
721
31988
10856
12005
6550
21754
17559
5073
414
17592
14619
14666
7526
3333
19584
31866
5376
14081
8054
1822
1984
20216
3622
396
1593
18057
6598
9716
26727
16903
4203
6374
21550
21791
26399
11028
2051
29371
31284
26714
15850
5159
10200
6139
15008
23410
30953
4654
23833
13592
19466
3801
16941
15581
14070
20892
20622
27132
4628
22289
16637
18049
25164
26450
30397
13812
5402
12732
15432
3895
17120
22003
14402
3505
27521
32294
11947
23981
24875
28309
25176
18428
21876
11856
10916
16610
15529
11585
4451
24112
31586
2924
3351
30893
4698
25974
11111
31930
15486
19044
16332
11830
13124
16038
27278
25504
3390
28756
3055
31867
27375
183
30629
5879
26077
1803
31886
18637
30183
12419
5280
24427
16601
8590
20767
27473
2110
31833
22290
6843
10614
12437
32759
10112
25608
30842
29366
23610
23097
9996
18644
29863
32733
11165
5097
23887
27501
28307
22356
5735
15706
27499
18989
15862
4513
11262
30075
1334
12192
2307
679
5437
27687
21462
20017
9948
29139
19832
4770
20936
25495
3798
16322
22263
3484
17998
21002
27213
6219
28271
15964
16248
29096
25088
17906
24089
24801
28996
18069
292
30758
23677
23311
1417
22716
22447
24546
11284
32077
31654
12346
12945
32387
18490
12065
2101
1493
7122
28914
8505
25248
17447
6416
11720
30073
3147
16343
14363
26050
27625
29907
28131
21883
15310
12592
6375
1883
5032
20082
2798
11039
13582
21863
223
17443
10177
14681
16679
24111
27442
21383
31067
1171
24900
13015
7966
12150
22098
5061
22598
7019
19060
5279
11834
16197
24574
31220
4254
21549
4938
5962
27443
9201
8120
12303
21240
4511
13810
25810
3734
4179
26485
179
32250
31821
27469
15128
9540
2630
8223
16802
24288
16644
28525
7776
30962
12589
30230
20034
16888
24409
5660
7120
18603
5226
21930
4635
21285
2080
12118
7156
20809
6632
14243
9053
20064
3061
15306
17725
9728
29842
15802
27992
50
22967
29021
28285
22739
10970
7965
27393
5691
3335
4007
8557
29469
11571
25838
29044
16302
3278
1139
11560
15882
31895
30405
2669
7635
14772
24643
18605
23323
24834
30505
24269
1156
11434
6859
17760
11429
12277
28699
12571
2736
1377
10097
20873
3666
8948
20364
26624
27355
18640
22996
19156
23967
15880
13281
10442
13212
20402
6721
8400
21085
17981
2166
491
18462
17669
27199
18288
10032
18469
29209
9591
12447
13452
14596
14733
4627
11860
2954
13225
15092
10575
2046
2914
3281
26594
29186
5470
27395
23574
24395
3342
28045
7916
8617
26264
15175
29169
4673
32021
20284
32531
8733
28925
11600
19123
21480
19167
18982
3067
754
13910
10816
24434
7035
26936
31848
1997
10285
2832
13135
12553
22762
12495
25205
27062
26312
16574
25160
18070
31066
21175
32656
25702
28978
24725
14858
15356
15267
23273
22099
31890
5068
30191
18184
24674
21713
17088
12588
12147
16748
26824
4042
25778
25765
4987
15067
10564
28637
26692
21865
6683
14865
6334
26357
3015
17501
25895
9239
16527
26559
8978
10852
17601
4126
7259
13204
25926
10379
23136
997
29817
7366
12654
6074
20794
5124
8314
21640
25661
18671
22802
16626
1960
8943
915
2099
3294
29864
5019
19645
21653
964
16577
3615
11567
15858
30596
9772
27463
16174
22146
8538
28810
3396
3051
30312
5320
11407
10036
24900
9546
29191
13072
25899
28263
13947
11164
14866
850
20250
9433
10565
14390
28472
13664
7502
645
22351
31057
26904
13197
30020
16781
2644
16716
23020
17189
27420
4485
10191
23314
26326
31507
24364
14886
5724
29054
11069
3394
10074
3788
5307
30154
17143
28569
15781
26198
18359
5482
2622
14250
23199
17215
23381
2537
5019
2151
15816
17925
18718
28056
13131
21370
16136
30783
30822
22076
15564
30741
27581
2285
20178
21235
31380
1876
14106
17127
13970
7435
20771
14983
30917
27767
27915
25477
13799
509
26103
27524
26592
10099
30645
4906
12427
3029
6048
13175
6589
4922
21700
11605
5764
25350
835
30576
10668
32352
14072
15943
21896
1767
20825
19076
14575
30112
9890
8584
32132
24627
32304
5195
31546
7768
29226
12387
13592
25484
29287
18274
4922
8456
28300
101
32281
17395
27509
10218
16140
9175
2007
12770
18958
13650
13347
8712
21697
21774
8621
20080
24243
16114
11533
12387
3808
1434
18373
14186
2681
7685
9509
21161
10468
21390
11884
9326
10500
14366
560
5130
19386
25759
768
12768
30636
7604
14663
8635
19013
12455
3187
32613
14845
7331
5975
29045
11738
23587
7118
24168
11830
25258
22946
30707
4804
8885
19628
4248
20942
12269
5692
28536
21696
20898
5563
5736
30186
6517
29838
11846
2946
21076
10558
3470
9192
23468
13782
3368
22318
17625
9613
8068
20952
15586
3493
24041
31968
10851
5523
10
26366
32714
19040
29147
21286
8134
16719
31650
4177
26109
19904
12369
32384
10238
20052
5651
25854
17014
21842
15653
32230
1702
12362
14567
23270
7188
4856
12083
1858
10881
26986
29165
2844
24604
5477
22235
13298
10229
6918
16823
18024
9396
165
5251
32072
17291
26110
31261
31175
31593
5779
16147
2314
3185
6988
11448
25320
21418
3937
6776
17906
1784
15481
10600
5296
27979
16916
24097
22574
26390
19494
3279
19383
23299
7428
19333
21985
23269
28292
24276
4810
5357
28256
21659
21408
25890
23004
16672
14183
6923
31913
21088
16630
18350
5896
11684
3651
10175
28467
19285
5345
32273
4600
17681
1991
29264
1703
18942
19027
18418
31278
11615
5263
363
9603
17253
11442
17312
29506
71
23018
3487
10392
3477
29784
6285
5471
18889
13916
29663
3978
26143
13076
12750
15812
5798
5663
14340
30036
2199
4263
2204
12100
4838
6046
5961
22722
21784
22343
32469
710
14420
32761
10958
13557
1724
20512
18812
26566
3326
32644
6677
27107
31269
28622
27444
13522
29110
17992
23944
29908
1016
21220
16073
18445
147
26752
4337
30950
22364
2664
4520
14256
31600
4892
22016
6026
31872
14420
20066
21124
19051
4162
18121
6404
22290
31767
14125
28777
2664
7112
30787
25839
15560
12050
12387
4818
11148
1980
3273
19127
7131
28956
6913
21831
8130
12508
22173
6685
12678
1278
16169
11746
6457
17182
2657
2998
20620
31991
18081
32210
22756
20009
412
31084
14256
14138
18257
29147
3321
10714
3387
26364
30778
10859
24008
13012
16243
10944
22541
23159
27769
549
22456
26152
21648
9888
22854
1217
15931
2935
28278
32342
6483
18674
22269
14869
32087
29026
4475
23408
25091
14178
30894
14975
17956
18781
16613
15263
14506
1617
27064
19040
30719
28626
30711
31646
7063
32081
3040
6893
31689
13470
10133
10043
19421
11180
14797
688
6758
22421
16585
23001
11218
19677
6538
1542
25407
21755
20289
28400
11664
32021
32519
12191
8896
524
9166
651
20855
15800
24215
14594
26843
31093
3814
16841
13481
18910
20339
774
8068
22488
11043
2909
12173
15059
7734
24154
12595
18508
14274
24591
1101
31894
28512
9214
16230
24795
805
9017
7511
4702
29140
7623
26908
20226
25937
11082
23520
11024
8537
16095
8538
21557
19057
8774
30300
1482
6428
11331
5545
4696
19793
13891
26376
9820
30252
5443
9366
10311
25060
6638
27232
22985
18941
23557
25649
7759
4031
21764
3497
2763
7398
3587
14479
8883
15515
25818
19816
26188
163
11400
31305
5672
1751
11478
17385
20461
13012
17719
11514
26713
12275
14067
26554
9859
20348
23172
17861
17508
5910
17472
23085
22677
4994
7225
460
3418
17289
11618
17881
18656
12083
28659
19642
10947
32570
4878
19737
723
10430
18850
14138
9496
314
24208
2188
16148
20151
21516
32126
4679
10304
4678
5523
14329
14997
26954
7609
21043
17700
27173
13527
19983
25396
23370
32421
6961
30052
19508
30912
31894
16212
3148
9726
22157
3490
2316
1022
7682
30744
22373
32516
19714
5155
27742
22532
124
11143
18687
12541
9029
19282
7533
13193
19039
16142
10070
1457
9851
19515
20367
261
11964
16893
19196
24557
26814
12561
17073
21818
29143
24581
18262
16896
11677
20393
5072
32168
15784
25537
25374
25665
9881
1020
23936
7959
18010
18730
24799
23431
32680
2729
10345
25617
16079
24608
6012
20399
15285
27504
11205
15205
7450
32488
23209
16922
24862
29625
24035
9894
12036
17577
13167
25644
30261
16651
21671
6314
32392
27630
26797
32206
19904
23445
30216
25612
1623
11559
22418
25581
9082
24744
30865
14762
13908
12584
7204
32505
2191
15674
13281
14119
18456
5032
2492
24935
8227
30821
16682
1386
25456
30147
29575
28207
11212
3558
27573
1821
4826
8313
17671
3919
26643
22687
29021
5935
2060
14125
27280
31814
14583
3350
4880
22354
12397
31271
2507
4249
9835
17396
30033
3710
6554
6418
2614
12882
10451
5254
20664
5996
9698
5502
28066
18556
17802
16191
29297
24348
4298
13663
30900
16808
31583
26676
3257
29520
17290
1420
11109
10859
32531
24990
22372
8462
31118
27713
2435
21470
18397
1628
89
8994
13558
19358
13101
2589
27623
9327
27668
24730
791
13350
19802
23240
19662
30588
17955
15176
4343
10048
14930
27525
5157
13133
25002
28228
4053
27066
8755
24700
32755
7760
27104
31847
27039
26177
19310
21209
32560
15382
25231
11985
17785
8170
17224
22349
7756
2006
30872
9059
23613
13484
22106
5262
17320
16104
8812
27462
7414
28643
22801
27091
15387
15178
4244
14690
8547
27855
16431
9561
5999
24094
28202
8424
29306
18707
2375
19168
21730
2602
29022
25545
7395
26423
29509
27183
24485
11863
15346
20796
5497
16678
1764
1420
23391
24626
3007
13372
28109
19120
28470
2116
16555
1646
15149
20999
22690
25609
8735
19753
18838
4960
4542
30881
32369
23624
22746
13583
11811
20354
25732
7503
8679
1002
22643
19790
12487
13296
1703
2844
5218
20300
2635
1603
31469
21742
2528
8536
31352
2356
25752
31183
18802
23648
20224
8723
24688
5449
8930
16855
26922
5201
26218
4262
7878
17046
20103
24258
858
365
16532
8235
3756
11788
5944
11774
14908
3462
11915
12800
3716
13565
31610
28795
5502
16914
12908
25673
22119
30625
16678
24878
16067
4780
8171
12395
7329
27540
15848
23439
3616
14223
3280
6545
2610
32342
28612
4636
26272
6174
4469
27434
32590
18378
25996
21716
25281
17759
22858
1896
10206
19640
30571
26557
20724
1147
849
17859
24573
20811
20318
26974
33
26943
21154
24949
26748
15251
16822
18758
23585
158
12007
30716
27487
1540
30103
20099
23107
2861
29921
6043
20573
16886
23932
11819
13767
18342
5858
24024
24932
10787
32689
12759
31846
19814
3409
9727
16147
17708
3799
28195
27336
30446
5929
18334
9534
6164
21091
2351
6412
23654
19066
25864
32621
26819
24352
4385
30532
24085
29927
18898
19805
4228
8104
25249
6646
16106
19494
22873
22398
24199
11503
8028
22172
20215
28291
3385
13171
2656
30392
13441
12325
9712
13149
983
6293
13959
15390
28999
4978
28080
19367
7897
1137
726
21517
11621
25561
15541
12905
12712
12101
12046
17862
32664
22437
159
27965
16373
20615
19794
12638
1057
9365
30901
7378
19505
13150
1194
2111
13124
31833
16480
23916
13843
6950
25473
5542
18378
22808
27053
30562
10519
30705
16936
22307
13696
6636
10191
24478
6905
27393
13649
9500
12214
28516
2459
2081
23102
6991
4244
11083
16321
6145
17419
124
11435
23047
30957
12604
27513
27834
3260
26200
32203
5897
1852
13007
27579
15736
1136
9711
7534
9577
31428
18620
29416
32154
12684
2705
3621
20464
31661
24842
869
16499
2714
7968
25543
15769
28035
18326
22041
1479
4297
24213
12783
9749
20916
32403
20722
22098
31336
13433
2683
22088
14869
26372
3425
12352
28015
19819
3087
1225
19294
14659
28377
17334
18934
14240
144
30310
20393
19838
18771
32584
1211
21343
2985
29341
22775
13365
6093
27776
4513
4993
26953
2084
29611
7869
17094
23646
24107
3576
15395
8547
26893
6080
30404
25554
23557
23620
27693
26869
4552
3002
2767
10308
7036
19455
5409
32298
14445
8573
30451
31756
30209
24402
1280
31112
3054
25263
23234
19194
18602
7549
19082
16709
8740
13383
5071
22224
16049
13140
21446
11726
2633
7955
25652
17347
11251
25533
7297
32323
28542
26677
10509
29949
30578
18483
27847
7417
19270
31137
8443
14622
5587
24901
10091
13303
10249
6817
17058
18103
5089
30487
10373
4474
29586
30801
9003
2253
12552
18912
13294
23665
24978
32291
27842
15196
2523
4715
29638
6401
24091
32348
25881
22481
21134
21143
1775
32002
4134
10902
996
20879
8573
30166
8080
5248
27661
23612
6491
8811
18851
16818
12690
13883
22033
11537
1211
10032
17699
5699
12582
18471
21717
24489
31429
19484
12227
32442
24893
21485
21473
6125
23613
2400
20844
4569
12815
27496
30241
25499
7277
12196
14508
8825
12181
23849
30819
4805
14240
1153
25908
16387
15
14579
9180
24654
14759
12037
602
1783
29311
9280
20644
27248
21591
29747
12696
16744
7467
32443
30773
31544
1544
17281
25867
22398
3103
22211
22512
8455
20504
4952
18933
4083
32680
11758
9113
5907
32102
3479
17212
8342
15066
3460
18390
32229
30935
3087
29672
3787
25099
27391
15539
25561
13269
25864
22953
24585
26966
23698
26657
7585
7371
1980
30542
6746
4890
7583
4210
28354
9642
26839
3919
5343
32376
25408
24286
533
23144
16125
28228
6217
17881
191
29186
12871
1915
3907
17772
20321
11621
23581
92
8793
28770
2485
5415
1922
24972
12943
2768
9761
5661
13775
10108
16665
17793
11516
7974
31432
3504
28420
6804
4140
20922
17536
10890
20298
26275
12602
31549
19664
626
30444
23562
7417
8581
13643
28520
5041
22055
19268
5916
20474
13925
23942
28844
5774
23581
9792
30229
16325
11095
29228
5824
15546
21208
28364
23731
30633
15093
11764
29189
5020
22182
648
6804
20295
2779
6791
30202
3888
8211
31304
7612
21267
29226
15620
29637
6788
21106
16021
13587
31958
20486
4733
9393
30780
23131
27690
25317
15406
29208
23673
17578
29454
23592
2168
16224
20236
2829
15728
15555
24135
12919
1571
27418
27188
14613
9554
23984
26180
31915
6530
4488
12737
7269
3584
10829
12537
15723
23843
31624
415
32181
2001
12822
20078
2337
17988
12760
1551
1218
5646
31660
31037
17531
26971
12188
9255
32461
23415
32598
10006
29422
3728
9436
12879
13595
5820
12669
26939
5422
5694
18692
197
21363
28421
7471
7428
6072
11637
15715
12826
24227
4202
3741
27740
20809
21114
32684
25523
15099
6267
19870
7745
4451
10565
27768
9800
17105
21177
26666
14152
16079
8195
20929
18024
27899
17691
3295
27159
1558
25490
4456
25843
856
3211
30079
22506
6150
9224
21425
24479
26951
2407
24943
8463
30772
10540
18882
2420
29230
23552
8250
17770
23412
14074
40
13136
18420
12574
11276
21745
5730
16931
16721
1123
24968
24186
21560
28720
7133
29835
2067
8884
2392
20290
30643
6342
2950
458
547
11163
29659
16536
20375
20966
20550
19372
8863
31812
26119
19987
18848
4312
20165
22193
17541
18994
27611
20029
29362
32118
9204
3725
23865
3002
7895
32532
29009
687
29572
23209
16132
12420
31871
649
4135
12039
18028
672
27535
10766
19676
11012
22658
25877
31079
25283
30316
17448
6395
6110
15571
23556
15219
28821
30605
19833
12651
8677
21297
28690
7251
3920
3531
4088
17603
6108
8148
17172
11022
13406
29025
6516
1562
19192
28570
11504
9327
23521
5742
21517
25485
27492
17029
31777
12675
19756
24438
28344
19645
13502
17979
1591
13854
12103
24546
5567
2383
27288
24708
2132
12118
28015
11899
31551
8042
9464
18896
22448
8709
27539
18419
12200
19004
27864
14255
25110
6476
2776
348
19009
117
10406
5975
32357
13579
32279
2735
24993
2762
22725
22561
3344
18538
28250
327
21559
10867
9227
17932
26783
2131
28514
4707
24770
20397
13377
29753
9772
18933
17444
11687
3802
24634
25254
14189
9702
20802
29511
18332
26470
3548
13420
12434
29585
12146
11175
11307
32035
15582
10041
26422
30467
12670
30933
24870
17699
31371
19879
29706
29864
24230
18325
6336
16204
948
15301
15205
24064
1772
14943
13327
28373
23342
17300
14271
29212
24983
19935
21905
8908
28754
394
21558
11813
15281
19829
932
3731
21884
14611
22284
3541
13961
6069
23309
12894
1676
267
23591
7164
5681
13031
20850
5047
16232
16453
24464
21244
8192
12681
2016
17915
25208
31239
22516
19789
2322
26312
11590
17114
28456
27275
24870
17914
29891
27403
28919
4826
2154
29568
30363
26914
824
28776
1324
17876
2866
22663
15853
29815
28631
26413
12672
15222
13560
19383
24921
10179
16329
29272
30066
15295
23097
18970
31296
1374
127
11295
15079
24454
11509
18477
2986
25273
5674
14954
6309
18676
4914
11875
3262
18647
6721
13139
9433
11269
3449
9635
843
9422
18943
20909
22417
9996
11604
13253
11843
18506
1251
31098
32067
27436
7126
10265
16442
14859
23342
3187
14661
13535
12307
22496
10731
22114
11368
3716
6227
5234
5539
10961
29875
16311
21980
6733
13068
1671
803
30614
11541
7942
28951
9635
24692
23698
181
12364
23860
13406
8813
5645
30836
30044
15995
24327
5980
14177
30580
9543
9814
17796
31519
29259
4218
1991
21895
5570
19273
12281
31310
22932
19103
11738
30788
14114
28899
11905
2872
29135
20353
11003
15
15039
19354
18997
7955
16863
31482
6683
4237
22565
19786
25602
28565
1817
21894
8259
32553
16788
18354
19753
13693
4551
32457
11534
4498
26752
7927
12224
28426
29097
10247
2858
19515
4625
3103
18224
13954
29296
7851
16602
20697
15269
28567
26805
10412
26689
26305
16502
19689
20297
13230
23521
23383
19512
25980
26857
30760
10308
16151
793
25553
10466
7088
22066
8985
26508
30571
21526
28016
22210
28760
484
21891
6223
21413
8293
24589
2253
2834
13223
31984
9323
32420
11751
5764
10478
16030
16820
11055
6390
2477
8018
9526
1155
867
8541
25810
15031
12006
11438
12423
18654
490
18307
32689
27307
9180
11225
21344
20420
11616
22813
4453
23170
31742
26884
5549
15345
28184
11192
28110
4383
6944
20276
29408
26003
23560
5617
13710
16155
14329
24770
28780
5835
2375
4092
29836
25410
28325
32731
