10000
0
6
9
11
11
15
17
28
31
31
33
40
41
43
46
47
47
49
49
55
59
65
66
87
88
90
92
98
99
103
111
113
116
117
122
130
133
138
139
140
149
150
153
154
158
160
161
165
170
170
177
178
178
182
190
190
193
195
196
224
228
233
235
244
246
249
250
257
257
261
261
269
269
270
271
273
279
284
284
286
286
295
300
305
307
309
309
310
314
331
339
341
351
354
354
359
371
373
373
375
380
380
386
391
402
409
411
411
414
419
425
426
429
433
434
435
444
449
454
461
461
467
474
477
478
478
480
486
486
494
500
501
504
504
508
510
511
515
517
518
531
532
538
538
539
542
547
548
550
552
559
564
568
588
590
595
602
602
603
604
606
610
612
617
618
622
623
624
624
624
626
628
629
631
633
645
653
655
656
658
664
666
671
673
684
686
686
686
688
690
698
705
707
708
709
712
713
718
719
721
729
730
731
734
734
742
743
754
761
766
767
768
768
769
771
773
773
774
775
777
780
786
786
792
797
805
807
818
820
823
823
824
829
850
852
852
857
857
858
860
864
865
867
868
870
871
874
874
875
877
878
882
893
896
901
906
921
923
924
926
931
933
935
941
949
951
951
952
953
958
960
960
962
970
980
980
986
986
988
990
990
991
992
996
998
999
1006
1007
1009
1017
1017
1020
1021
1026
1026
1027
1028
1029
1037
1043
1045
1053
1054
1064
1065
1068
1077
1078
1080
1081
1082
1083
1089
1090
1091
1091
1098
1101
1103
1108
1112
1118
1118
1131
1133
1141
1144
1145
1145
1151
1154
1157
1162
1167
1168
1168
1170
1171
1174
1175
1175
1176
1181
1182
1184
1188
1188
1189
1191
1193
1194
1194
1196
1199
1202
1203
1208
1225
1226
1229
1230
1230
1231
1248
1254
1255
1256
1257
1259
1262
1265
1269
1271
1271
1274
1277
1278
1282
1290
1294
1303
1304
1306
1312
1316
1316
1326
1327
1329
1329
1332
1334
1342
1349
1351
1353
1354
1357
1373
1373
1378
1379
1390
1391
1397
1403
1404
1405
1412
1415
1419
1420
1423
1425
1426
1426
1426
1426
1427
1429
1435
1435
1437
1442
1449
1455
1456
1461
1462
1465
1465
1469
1470
1472
1475
1479
1481
1483
1483
1488
1490
1498
1501
1507
1507
1511
1513
1518
1522
1524
1526
1528
1532
1538
1544
1550
1557
1557
1562
1569
1575
1576
1584
1588
1590
1596
1597
1598
1601
1602
1609
1611
1612
1613
1616
1619
1619
1622
1622
1624
1626
1630
1633
1635
1636
1640
1642
1644
1645
1647
1647
1657
1658
1660
1662
1662
1663
1664
1664
1668
1669
1675
1678
1682
1682
1685
1688
1696
1697
1700
1702
1705
1712
1727
1727
1728
1728
1737
1740
1751
1754
1754
1754
1755
1757
1758
1758
1763
1767
1768
1768
1769
1771
1775
1775
1778
1783
1783
1784
1785
1787
1800
1806
1806
1810
1810
1810
1812
1815
1816
1819
1820
1822
1824
1836
1837
1839
1843
1843
1844
1851
1861
1863
1864
1871
1871
1874
1876
1877
1879
1885
1895
1895
1900
1910
1919
1924
1926
1932
1932
1932
1933
1933
1941
1941
1942
1942
1945
1946
1953
1955
1957
1957
1959
1959
1959
1975
1976
1979
1989
1990
1995
2000
2005
2012
2013
2015
2021
2025
2026
2027
2030
2031
2036
2036
2038
2040
2047
2049
2050
2052
2052
2053
2054
2055
2056
2058
2069
2069
2078
2080
2087
2087
2089
2090
2092
2096
2100
2102
2104
2112
2112
2118
2119
2124
2128
2129
2130
2132
2132
2134
2135
2137
2141
2142
2148
2151
2152
2154
2158
2160
2171
2172
2175
2177
2177
2178
2178
2186
2187
2201
2209
2212
2216
2224
2225
2234
2236
2238
2239
2242
2242
2244
2245
2247
2247
2247
2252
2269
2270
2273
2276
2283
2287
2299
2301
2301
2303
2306
2312
2316
2319
2321
2322
2329
2332
2333
2335
2336
2340
2340
2342
2349
2354
2362
2373
2376
2385
2386
2389
2391
2394
2397
2407
2407
2408
2411
2414
2418
2423
2433
2433
2440
2441
2442
2447
2457
2459
2463
2466
2467
2468
2469
2472
2472
2473
2474
2475
2479
2480
2490
2501
2506
2508
2515
2516
2525
2532
2538
2543
2543
2551
2551
2572
2575
2584
2585
2588
2592
2601
2611
2613
2616
2617
2617
2623
2632
2633
2635
2644
2644
2648
2651
2651
2655
2656
2656
2658
2659
2659
2662
2665
2665
2666
2667
2668
2672
2674
2676
2676
2678
2679
2684
2688
2688
2690
2690
2691
2693
2700
2702
2702
2702
2702
2708
2711
2715
2717
2719
2720
2721
2725
2726
2730
2732
2736
2736
2737
2738
2740
2740
2746
2749
2751
2753
2754
2755
2757
2757
2757
2760
2765
2769
2770
2773
2776
2777
2777
2785
2786
2786
2789
2789
2791
2793
2797
2797
2803
2809
2813
2816
2817
2817
2820
2824
2825
2825
2826
2831
2839
2839
2848
2850
2850
2851
2858
2861
2864
2865
2866
2878
2896
2906
2911
2912
2913
2916
2916
2917
2917
2926
2935
2941
2944
2946
2953
2955
2956
2975
2975
2975
2976
2987
2987
2992
2993
2995
2995
2997
2997
2998
3001
3002
3004
3005
3007
3012
3018
3018
3020
3021
3030
3031
3035
3042
3044
3049
3057
3063
3066
3071
3072
3076
3079
3084
3085
3085
3085
3087
3092
3092
3094
3098
3099
3099
3105
3106
3112
3115
3117
3119
3119
3119
3124
3125
3130
3138
3139
3147
3153
3153
3158
3164
3168
3169
3175
3178
3184
3187
3191
3193
3197
3197
3201
3203
3206
3209
3210
3216
3217
3222
3225
3225
3230
3233
3234
3234
3237
3243
3253
3254
3264
3268
3269
3272
3280
3284
3293
3298
3299
3303
3309
3309
3314
3322
3323
3324
3328
3328
3331
3332
3333
3339
3340
3342
3345
3349
3354
3367
3369
3369
3370
3372
3375
3377
3377
3377
3390
3391
3401
3407
3408
3410
3411
3411
3411
3414
3416
3417
3421
3423
3426
3426
3428
3431
3431
3438
3443
3443
3446
3447
3452
3459
3459
3463
3464
3467
3477
3481
3481
3483
3487
3488
3497
3498
3499
3511
3515
3521
3530
3533
3537
3538
3538
3540
3542
3547
3552
3553
3554
3560
3561
3562
3569
3570
3572
3576
3577
3578
3583
3584
3585
3589
3594
3596
3604
3606
3611
3611
3617
3617
3621
3622
3623
3627
3628
3629
3629
3629
3630
3631
3634
3634
3635
3637
3644
3645
3650
3652
3657
3659
3660
3662
3666
3671
3678
3684
3689
3690
3691
3702
3704
3707
3710
3720
3724
3735
3737
3737
3739
3742
3748
3759
3761
3764
3772
3780
3781
3781
3781
3782
3791
3792
3796
3799
3799
3799
3799
3799
3800
3803
3808
3808
3810
3813
3815
3829
3832
3836
3837
3842
3843
3845
3846
3849
3859
3867
3874
3875
3875
3877
3877
3880
3880
3883
3890
3890
3891
3893
3894
3897
3899
3905
3906
3908
3909
3911
3913
3916
3917
3923
3937
3938
3941
3942
3944
3947
3949
3951
3956
3957
3959
3964
3964
3965
3970
3974
3975
3982
3988
3999
4003
4004
4007
4008
4009
4012
4017
4021
4021
4026
4026
4028
4029
4035
4036
4044
4048
4055
4056
4056
4063
4063
4065
4068
4069
4072
4073
4073
4075
4077
4083
4085
4085
4086
4095
4100
4100
4113
4116
4116
4116
4120
4122
4123
4123
4125
4128
4128
4130
4135
4137
4145
4146
4150
4154
4162
4163
4171
4173
4177
4178
4180
4186
4187
4189
4193
4194
4195
4198
4202
4212
4217
4225
4227
4233
4234
4235
4243
4252
4255
4257
4259
4259
4261
4263
4268
4268
4271
4272
4273
4273
4277
4278
4287
4287
4294
4298
4306
4321
4322
4325
4327
4347
4369
4369
4373
4377
4378
4382
4383
4386
4392
4407
4408
4408
4410
4420
4421
4423
4427
4437
4438
4439
4440
4441
4442
4448
4448
4451
4452
4457
4459
4459
4460
4461
4466
4468
4471
4473
4476
4479
4479
4487
4490
4495
4497
4499
4503
4510
4512
4515
4516
4517
4522
4522
4526
4527
4529
4534
4538
4546
4558
4562
4563
4564
4566
4567
4572
4580
4582
4585
4586
4589
4595
4599
4601
4604
4605
4606
4609
4609
4613
4618
4629
4633
4637
4639
4651
4652
4654
4654
4658
4660
4664
4665
4665
4667
4675
4675
4679
4683
4685
4689
4691
4696
4699
4704
4706
4709
4710
4710
4711
4712
4716
4717
4717
4722
4725
4732
4732
4738
4748
4757
4764
4766
4770
4774
4778
4785
4790
4790
4793
4793
4794
4798
4800
4802
4805
4809
4814
4828
4829
4830
4833
4843
4845
4846
4853
4856
4857
4871
4872
4879
4879
4879
4883
4884
4890
4896
4901
4910
4911
4913
4916
4917
4919
4921
4922
4925
4927
4928
4929
4937
4950
4951
4951
4953
4960
4962
4963
4963
4964
4965
4966
4969
4974
4977
4983
4984
4984
4984
4990
4994
5001
5004
5005
5006
5007
5011
5011
5017
5018
5024
5027
5028
5028
5032
5035
5037
5041
5042
5042
5042
5046
5048
5049
5050
5051
5051
5055
5068
5070
5071
5078
5078
5082
5091
5093
5096
5110
5119
5121
5122
5128
5130
5131
5153
5159
5162
5164
5165
5170
5174
5201
5205
5205
5207
5210
5210
5221
5224
5224
5232
5235
5239
5242
5242
5248
5251
5253
5254
5259
5260
5263
5270
5275
5277
5277
5278
5283
5283
5286
5290
5293
5294
5296
5297
5299
5301
5309
5310
5310
5313
5314
5319
5319
5319
5319
5321
5322
5324
5324
5324
5328
5330
5331
5332
5332
5346
5348
5352
5360
5362
5363
5364
5365
5366
5367
5376
5377
5381
5389
5406
5412
5424
5426
5427
5431
5431
5438
5457
5462
5468
5474
5475
5480
5480
5487
5490
5491
5493
5495
5497
5498
5501
5505
5508
5508
5511
5514
5517
5519
5521
5523
5526
5526
5539
5543
5544
5544
5554
5556
5557
5562
5567
5573
5575
5577
5578
5584
5591
5597
5603
5611
5612
5616
5617
5623
5624
5625
5629
5630
5632
5634
5636
5638
5641
5644
5646
5647
5654
5655
5668
5669
5671
5672
5678
5679
5683
5687
5689
5690
5696
5709
5711
5722
5722
5728
5729
5730
5731
5736
5745
5745
5746
5752
5756
5757
5760
5761
5761
5762
5772
5778
5783
5785
5785
5792
5793
5796
5797
5798
5800
5801
5803
5808
5809
5809
5813
5821
5824
5826
5829
5830
5830
5831
5837
5843
5846
5857
5858
5864
5864
5867
5867
5867
5874
5885
5885
5900
5904
5911
5911
5911
5912
5914
5915
5925
5925
5930
5947
5948
5957
5960
5962
5964
5965
5973
5976
5977
5981
5984
5987
5992
6004
6013
6014
6016
6019
6024
6025
6028
6029
6029
6031
6034
6036
6040
6043
6043
6046
6050
6052
6056
6061
6063
6063
6064
6066
6068
6069
6070
6085
6087
6088
6088
6088
6090
6091
6091
6094
6095
6098
6104
6106
6108
6108
6112
6118
6127
6130
6130
6130
6131
6134
6150
6151
6153
6155
6156
6158
6158
6163
6169
6172
6174
6184
6195
6195
6197
6197
6203
6205
6209
6217
6218
6221
6224
6229
6236
6249
6249
6252
6253
6257
6272
6273
6278
6280
6282
6285
6288
6288
6289
6294
6296
6300
6301
6302
6303
6306
6318
6321
6323
6323
6325
6330
6331
6336
6339
6340
6340
6342
6342
6345
6347
6350
6351
6359
6364
6365
6372
6379
6382
6385
6386
6389
6391
6392
6395
6399
6400
6403
6409
6409
6412
6412
6414
6414
6414
6420
6425
6426
6435
6441
6442
6450
6451
6457
6463
6465
6468
6471
6480
6483
6485
6488
6492
6493
6495
6495
6507
6522
6530
6535
6543
6545
6545
6545
6549
6552
6552
6553
6554
6555
6558
6558
6559
6559
6569
6575
6577
6578
6581
6584
6586
6587
6587
6589
6592
6595
6598
6598
6604
6618
6626
6627
6630
6631
6634
6640
6641
6641
6646
6652
6653
6655
6656
6656
6659
6661
6664
6668
6671
6677
6680
6681
6681
6690
6692
6692
6692
6694
6698
6699
6699
6700
6713
6713
6713
6715
6720
6724
6725
6726
6731
6735
6735
6739
6740
6743
6745
6751
6763
6765
6768
6770
6771
6773
6774
6775
6783
6783
6786
6787
6792
6796
6802
6822
6825
6826
6829
6832
6832
6832
6835
6835
6839
6839
6840
6842
6855
6856
6862
6863
6873
6873
6884
6887
6888
6889
6898
6899
6899
6904
6917
6919
6919
6933
6933
6936
6937
6954
6955
6959
6959
6961
6961
6965
6970
6972
6974
6976
6979
6985
6989
6990
6995
6996
7012
7015
7016
7017
7018
7022
7022
7027
7027
7033
7036
7040
7042
7047
7052
7056
7060
7062
7065
7072
7073
7077
7083
7086
7091
7099
7100
7101
7103
7108
7109
7110
7111
7115
7117
7122
7123
7126
7132
7135
7141
7145
7146
7154
7157
7171
7174
7176
7176
7178
7178
7180
7182
7187
7187
7188
7195
7196
7196
7197
7198
7200
7200
7202
7203
7204
7205
7206
7208
7212
7215
7218
7226
7228
7239
7242
7244
7245
7246
7247
7249
7249
7254
7255
7259
7264
7265
7269
7270
7271
7273
7279
7280
7281
7283
7294
7295
7296
7297
7299
7302
7303
7307
7307
7309
7323
7327
7348
7351
7353
7356
7356
7357
7357
7358
7362
7363
7368
7372
7373
7375
7376
7377
7378
7378
7379
7380
7381
7386
7391
7395
7395
7398
7398
7401
7403
7412
7413
7416
7418
7420
7420
7421
7421
7424
7431
7433
7436
7444
7445
7449
7449
7450
7451
7451
7452
7461
7461
7469
7478
7482
7486
7487
7496
7502
7503
7508
7509
7518
7521
7524
7525
7526
7528
7534
7537
7538
7544
7544
7544
7545
7548
7548
7550
7552
7553
7554
7557
7564
7564
7566
7566
7578
7579
7587
7587
7587
7588
7593
7603
7607
7609
7612
7614
7615
7620
7620
7623
7626
7626
7629
7635
7637
7640
7646
7652
7652
7652
7656
7663
7669
7673
7679
7679
7680
7688
7689
7691
7693
7693
7694
7697
7700
7705
7706
7710
7711
7714
7714
7717
7717
7723
7731
7745
7748
7748
7748
7758
7764
7769
7771
7772
7773
7774
7775
7780
7782
7788
7788
7789
7794
7797
7798
7801
7801
7801
7804
7805
7807
7811
7813
7818
7828
7829
7842
7848
7855
7860
7862
7865
7872
7873
7873
7882
7884
7886
7889
7893
7893
7896
7902
7904
7905
7917
7918
7919
7925
7927
7932
7937
7938
7946
7948
7950
7954
7961
7964
7964
7966
7970
7979
7979
7981
7983
7985
7986
7989
7991
7994
7997
7997
8003
8006
8011
8011
8014
8016
8018
8019
8019
8021
8023
8025
8026
8028
8032
8033
8039
8041
8045
8048
8049
8056
8066
8067
8075
8079
8079
8082
8091
8097
8108
8109
8109
8110
8117
8121
8123
8124
8124
8125
8131
8131
8137
8139
8139
8140
8141
8147
8148
8150
8156
8158
8161
8165
8170
8177
8179
8180
8183
8188
8197
8199
8202
8215
8215
8217
8228
8231
8231
8232
8234
8234
8235
8240
8243
8252
8253
8253
8255
8255
8256
8257
8257
8258
8272
8274
8275
8280
8288
8291
8294
8298
8302
8304
8317
8318
8331
8333
8334
8336
8340
8347
8360
8360
8360
8360
8362
8367
8370
8373
8373
8374
8375
8375
8376
8378
8380
8383
8386
8386
8387
8390
8393
8394
8394
8397
8400
8400
8401
8413
8415
8415
8418
8418
8419
8433
8435
8438
8449
8451
8452
8453
8471
8471
8471
8473
8475
8482
8483
8484
8486
8488
8489
8492
8492
8494
8496
8497
8502
8507
8525
8527
8536
8538
8539
8539
8541
8549
8563
8564
8572
8573
8573
8574
8580
8580
8586
8586
8586
8597
8598
8602
8602
8608
8612
8612
8617
8619
8621
8623
8627
8628
8629
8629
8629
8632
8639
8639
8643
8647
8656
8660
8660
8661
8666
8667
8668
8670
8675
8676
8679
8680
8684
8688
8692
8694
8701
8711
8712
8721
8723
8724
8729
8735
8736
8741
8746
8749
8750
8750
8752
8758
8759
8763
8763
8773
8773
8774
8776
8782
8783
8784
8797
8798
8806
8810
8810
8813
8819
8829
8829
8831
8841
8842
8844
8848
8856
8856
8863
8866
8866
8868
8868
8874
8876
8889
8891
8894
8896
8902
8903
8904
8915
8932
8944
8945
8955
8962
8964
8966
8970
8971
8976
8979
8991
8991
8993
8994
8994
8994
8994
8997
8999
9000
9008
9011
9012
9015
9019
9020
9021
9021
9025
9027
9033
9035
9038
9038
9040
9048
9052
9052
9063
9063
9065
9066
9077
9078
9079
9080
9082
9085
9086
9089
9092
9093
9097
9101
9105
9118
9119
9119
9120
9122
9123
9126
9129
9131
9133
9134
9134
9135
9136
9142
9145
9152
9153
9154
9163
9164
9165
9169
9169
9172
9179
9182
9182
9182
9183
9185
9188
9188
9194
9195
9206
9208
9214
9222
9224
9228
9229
9229
9229
9235
9238
9241
9241
9256
9257
9261
9265
9269
9270
9273
9273
9278
9281
9282
9288
9289
9289
9291
9291
9296
9305
9309
9312
9315
9316
9316
9317
9320
9322
9323
9325
9326
9326
9327
9328
9334
9336
9341
9341
9343
9343
9350
9360
9365
9367
9370
9374
9384
9390
9393
9395
9401
9404
9405
9408
9409
9416
9422
9426
9433
9437
9437
9438
9439
9443
9445
9462
9463
9465
9466
9466
9467
9467
9476
9477
9480
9481
9487
9488
9493
9502
9502
9504
9505
9506
9507
9510
9515
9520
9520
9520
9525
9527
9530
9532
9534
9536
9538
9540
9542
9543
9547
9573
9578
9578
9580
9585
9588
9591
9591
9592
9598
9599
9607
9614
9616
9617
9620
9622
9626
9627
9637
9637
9640
9645
9646
9650
9651
9653
9659
9660
9660
9665
9672
9678
9678
9678
9679
9681
9683
9684
9684
9688
9690
9695
9698
9699
9702
9702
9703
9711
9713
9714
9714
9716
9716
9722
9724
9726
9728
9729
9731
9734
9736
9737
9740
9748
9750
9750
9753
9755
9759
9761
9769
9771
9777
9789
9789
9790
9792
9792
9795
9798
9799
9805
9810
9811
9811
9813
9814
9816
9819
9819
9819
9820
9820
9820
9821
9824
9825
9831
9837
9839
9842
9845
9847
9849
9855
9858
9862
9862
9863
9863
9867
9873
9874
9876
9878
9878
9880
9880
9881
9885
9885
9887
9888
9890
9893
9894
9896
9902
9904
9904
9905
9912
9916
9916
9919
9926
9926
9927
9928
9932
9932
9943
9946
9961
9964
9965
9965
9973
9975
9981
9984
9987
9990
9991
9993
9999
10000
10004
10004
10006
10006
10024
10026
10039
10043
10045
10051
10054
10054
10056
10058
10062
10064
10066
10069
10074
10078
10079
10080
10081
10081
10083
10088
10090
10090
10091
10093
10094
10101
10102
10105
10109
10117
10127
10131
10133
10135
10136
10136
10137
10142
10145
10149
10154
10161
10162
10162
10166
10166
10170
10172
10176
10190
10192
10197
10197
10202
10207
10208
10209
10212
10214
10217
10219
10222
10226
10230
10230
10230
10238
10239
10250
10253
10259
10261
10267
10269
10272
10272
10272
10277
10278
10280
10285
10287
10288
10290
10292
10295
10295
10300
10300
10300
10301
10302
10305
10305
10309
10315
10316
10324
10325
10334
10335
10336
10341
10341
10342
10343
10345
10353
10356
10357
10360
10361
10363
10364
10365
10367
10368
10371
10372
10373
10376
10377
10379
10382
10385
10386
10390
10391
10393
10403
10403
10411
10411
10413
10415
10417
10418
10420
10424
10434
10436
10436
10437
10439
10441
10445
10451
10453
10458
10462
10471
10471
10477
10478
10487
10492
10492
10501
10503
10503
10511
10511
10512
10514
10514
10517
10521
10531
10532
10535
10540
10542
10544
10545
10547
10547
10547
10559
10559
10563
10563
10565
10565
10568
10571
10571
10573
10577
10583
10585
10585
10588
10592
10594
10596
10596
10601
10603
10608
10614
10619
10619
10628
10631
10633
10636
10637
10637
10638
10640
10642
10653
10654
10656
10659
10660
10661
10668
10687
10693
10693
10695
10695
10696
10699
10704
10709
10718
10719
10719
10725
10728
10732
10732
10735
10742
10744
10744
10747
10748
10750
10754
10759
10768
10772
10773
10776
10783
10785
10787
10788
10791
10797
10798
10800
10801
10801
10804
10806
10806
10808
10809
10810
10816
10817
10818
10819
10826
10827
10830
10833
10833
10835
10844
10850
10854
10856
10865
10866
10869
10876
10880
10888
10890
10900
10900
10908
10908
10912
10914
10917
10919
10922
10923
10923
10926
10932
10936
10936
10937
10937
10937
10940
10943
10945
10946
10946
10951
10951
10959
10959
10959
10962
10964
10966
10967
10972
10974
10980
10982
10986
10986
10986
10989
10989
10992
10992
10993
10994
10995
10998
11001
11001
11018
11026
11029
11045
11049
11050
11055
11060
11061
11072
11082
11086
11096
11096
11101
11104
11106
11115
11115
11116
11119
11122
11125
11126
11127
11128
11132
11132
11132
11141
11142
11143
11144
11145
11146
11152
11155
11155
11161
11170
11170
11175
11175
11175
11176
11177
11178
11188
11189
11189
11191
11200
11202
11202
11211
11216
11218
11219
11220
11220
11221
11225
11229
11237
11241
11242
11243
11245
11249
11249
11250
11253
11255
11255
11258
11264
11266
11268
11271
11271
11273
11275
11276
11277
11278
11285
11286
11288
11288
11292
11294
11294
11297
11304
11307
11309
11316
11320
11329
11331
11334
11335
11340
11341
11342
11342
11346
11346
11347
11354
11355
11360
11364
11366
11367
11377
11379
11381
11383
11384
11392
11394
11394
11395
11395
11396
11396
11397
11397
11401
11401
11408
11408
11408
11409
11409
11416
11425
11426
11430
11430
11430
11431
11432
11432
11440
11441
11444
11444
11444
11447
11453
11454
11461
11462
11462
11463
11463
11470
11471
11482
11484
11485
11486
11487
11494
11495
11496
11501
11507
11508
11510
11511
11514
11516
11516
11520
11527
11528
11536
11539
11540
11540
11542
11542
11546
11549
11550
11551
11552
11553
11555
11557
11560
11563
11566
11566
11569
11580
11580
11582
11589
11593
11595
11595
11597
11597
11597
11604
11606
11610
11615
11618
11620
11637
11638
11638
11645
11648
11648
11652
11652
11653
11656
11658
11659
11661
11667
11670
11674
11676
11684
11688
11689
11696
11701
11702
11707
11708
11711
11714
11716
11721
11726
11727
11737
11742
11743
11744
11746
11749
11750
11752
11753
11753
11754
11754
11755
11756
11756
11759
11759
11761
11766
11773
11785
11790
11792
11792
11804
11807
11816
11821
11825
11833
11834
11840
11840
11842
11843
11843
11847
11847
11851
11854
11855
11862
11864
11870
11870
11871
11874
11880
11884
11886
11887
11892
11893
11896
11905
11911
11913
11916
11919
11921
11924
11930
11930
11933
11936
11946
11948
11948
11949
11952
11954
11954
11956
11959
11962
11964
11966
11967
11969
11970
11971
11973
11974
11978
11980
11984
11986
11991
11991
11992
11992
11994
12000
12008
12013
12025
12026
12026
12032
12037
12038
12044
12045
12046
12048
12051
12054
12055
12062
12064
12065
12070
12074
12086
12088
12101
12104
12104
12107
12107
12110
12115
12115
12126
12126
12127
12130
12133
12137
12140
12141
12149
12152
12155
12157
12160
12165
12168
12178
12180
12184
12186
12192
12196
12197
12201
12202
12202
12204
12221
12223
12230
12237
12256
12258
12263
12270
12271
12272
12273
12278
12280
12285
12287
12291
12293
12295
12299
12302
12308
12309
12312
12323
12324
12325
12328
12328
12332
12340
12341
12350
12357
12363
12363
12369
12374
12375
12378
12379
12399
12401
12408
12418
12420
12427
12438
12441
12449
12460
12463
12466
12468
12475
12477
12484
12485
12488
12489
12495
12497
12497
12499
12502
12505
12505
12510
12517
12519
12523
12523
12524
12526
12526
12528
12529
12535
12535
12540
12542
12544
12544
12551
12564
12564
12565
12568
12570
12571
12571
12572
12572
12574
12575
12576
12581
12581
12584
12584
12585
12588
12588
12591
12592
12597
12599
12602
12604
12609
12614
12617
12618
12620
12633
12636
12638
12639
12641
12645
12648
12651
12655
12656
12658
12659
12660
12662
12665
12666
12667
12671
12672
12673
12674
12675
12677
12679
12679
12687
12688
12689
12700
12707
12707
12715
12721
12725
12731
12733
12737
12748
12751
12756
12758
12760
12760
12762
12767
12768
12770
12774
12778
12780
12781
12785
12786
12788
12793
12794
12795
12796
12797
12799
12808
12809
12813
12816
12824
12825
12828
12830
12832
12834
12836
12838
12844
12846
12854
12858
12858
12865
12871
12872
12873
12874
12875
12876
12881
12881
12891
12891
12893
12899
12906
12909
12914
12915
12916
12921
12928
12929
12931
12941
12946
12952
12953
12954
12954
12962
12963
12974
12977
12980
12982
12988
12991
13001
13002
13003
13008
13011
13016
13020
13021
13023
13027
13027
13027
13030
13031
13032
13037
13041
13045
13053
13054
13054
13056
13058
13071
13076
13084
13085
13085
13092
13094
13095
13097
13112
13114
13114
13119
13122
13126
13127
13132
13132
13140
13141
13152
13155
13156
13158
13165
13169
13170
13175
13175
13177
13189
13190
13202
13205
13206
13208
13214
13218
13219
13220
13220
13222
13227
13230
13233
13237
13243
13244
13245
13261
13266
13266
13272
13273
13276
13279
13283
13287
13288
13288
13301
13303
13306
13307
13309
13327
13346
13357
13363
13369
13370
13378
13382
13390
13391
13392
13395
13396
13398
13399
13400
13405
13407
13408
13408
13408
13420
13424
13429
13430
13430
13431
13434
13437
13439
13448
13453
13455
13455
13456
13458
13463
13474
13475
13476
13479
13480
13480
13480
13482
13486
13486
13496
13500
13508
13509
13510
13511
13515
13516
13520
13521
13521
13524
13526
13530
13530
13532
13535
13537
13540
13543
13546
13554
13557
13560
13561
13562
13565
13567
13572
13574
13574
13574
13583
13599
13609
13612
13616
13619
13634
13637
13637
13642
13643
13653
13654
13658
13661
13662
13664
13672
13672
13673
13673
13673
13677
13683
13684
13687
13689
13689
13690
13695
13695
13697
13699
13714
13721
13722
13723
13732
13736
13738
13741
13749
13752
13756
13760
13762
13763
13765
13767
13771
13773
13777
13779
13782
13795
13801
13807
13812
13814
13819
13824
13832
13837
13845
13847
13848
13849
13853
13860
13862
13865
13866
13868
13874
13876
13876
13879
13884
13891
13893
13896
13896
13903
13904
13906
13909
13909
13911
13911
13914
13917
13917
13924
13925
13928
13933
13936
13939
13940
13942
13948
13950
13950
13951
13951
13958
13966
13967
13970
13970
13971
13973
13974
13976
13980
13984
13993
13996
13996
13999
14002
14003
14005
14007
14008
14012
14016
14021
14024
14024
14031
14031
14035
14038
14041
14043
14053
14053
14055
14056
14058
14069
14071
14074
14077
14077
14078
14081
14087
14088
14094
14096
14098
14106
14108
14110
14110
14112
14114
14119
14121
14122
14124
14127
14128
14131
14134
14143
14146
14148
14148
14152
14161
14164
14165
14167
14173
14178
14183
14189
14196
14202
14207
14212
14214
14215
14219
14220
14220
14221
14223
14225
14230
14235
14242
14249
14258
14270
14272
14272
14273
14275
14277
14279
14279
14283
14290
14290
14297
14299
14300
14301
14306
14306
14312
14313
14315
14321
14322
14322
14322
14323
14330
14332
14332
14334
14345
14347
14355
14358
14361
14362
14365
14367
14369
14370
14380
14382
14383
14384
14385
14387
14388
14390
14390
14395
14395
14396
14396
14399
14402
14409
14410
14416
14420
14421
14426
14426
14429
14433
14437
14441
14441
14451
14453
14454
14455
14456
14458
14460
14462
14463
14464
14469
14469
14472
14473
14474
14475
14475
14479
14484
14485
14495
14503
14504
14511
14512
14516
14517
14520
14520
14521
14526
14531
14531
14531
14531
14534
14534
14536
14550
14552
14566
14567
14571
14574
14584
14585
14586
14586
14594
14595
14595
14601
14607
14607
14612
14623
14624
14626
14627
14628
14630
14633
14635
14639
14643
14651
14651
14654
14656
14660
14661
14661
14665
14665
14668
14669
14671
14672
14681
14683
14683
14686
14695
14696
14699
14701
14705
14707
14713
14715
14717
14717
14720
14721
14723
14724
14724
14725
14725
14730
14738
14741
14746
14751
14753
14758
14774
14777
14786
14787
14788
14788
14788
14797
14799
14801
14803
14804
14806
14807
14808
14809
14812
14817
14831
14832
14839
14840
14841
14843
14849
14849
14850
14851
14867
14867
14868
14878
14878
14888
14892
14893
14894
14902
14903
14908
14914
14919
14922
14927
14934
14936
14937
14946
14950
14950
14951
14954
14959
14959
14970
14973
14977
14977
14977
14989
14992
14999
15000
15002
15004
15007
15013
15015
15018
15020
15021
15025
15035
15038
15039
15041
15043
15044
15044
15046
15061
15065
15072
15080
15083
15085
15089
15089
15092
15093
15099
15101
15104
15106
15108
15108
15114
15115
15115
15125
15132
15136
15141
15142
15142
15145
15151
15151
15154
15157
15165
15167
15187
15192
15199
15208
15218
15218
15218
15219
15222
15222
15228
15228
15234
15234
15235
15243
15244
15249
15260
15262
15272
15273
15276
15278
15280
15280
15282
15285
15292
15295
15297
15302
15305
15308
15311
15312
15315
15317
15321
15324
15325
15327
15328
15338
15340
15342
15343
15345
15348
15351
15353
15359
15359
15363
15364
15369
15371
15372
15376
15381
15385
15385
15387
15387
15387
15388
15393
15393
15395
15398
15401
15404
15411
15413
15415
15420
15423
15424
15429
15430
15430
15431
15432
15438
15438
15441
15454
15455
15463
15466
15467
15472
15473
15478
15481
15484
15485
15493
15499
15502
15507
15510
15510
15514
15518
15519
15520
15528
15538
15539
15540
15547
15549
15551
15552
15555
15555
15558
15559
15562
15570
15577
15578
15579
15579
15580
15582
15598
15604
15604
15606
15606
15610
15613
15615
15617
15625
15626
15627
15628
15630
15633
15634
15635
15635
15642
15643
15650
15650
15655
15659
15659
15660
15665
15666
15667
15672
15672
15673
15677
15679
15681
15683
15687
15692
15700
15700
15704
15712
15714
15715
15718
15718
15727
15730
15738
15745
15749
15751
15751
15755
15757
15759
15763
15769
15771
15778
15780
15783
15785
15787
15791
15794
15794
15799
15800
15801
15806
15808
15811
15818
15820
15826
15826
15829
15831
15833
15838
15844
15846
15848
15855
15858
15860
15860
15863
15868
15869
15879
15879
15884
15884
15898
15902
15903
15907
15912
15914
15914
15919
15924
15924
15933
15934
15934
15943
15943
15948
15948
15949
15954
15960
15964
15964
15974
15977
15982
15984
15984
15986
15990
15995
15997
15999
16001
16004
16008
16015
16015
16020
16021
16024
16030
16035
16037
16037
16038
16043
16044
16046
16047
16055
16056
16062
16073
16074
16075
16077
16079
16083
16084
16084
16092
16094
16100
16102
16103
16106
16106
16115
16116
16117
16119
16123
16124
16125
16127
16133
16136
16138
16142
16142
16147
16149
16153
16154
16155
16156
16156
16158
16160
16161
16167
16171
16177
16179
16181
16181
16182
16186
16186
16189
16191
16195
16196
16197
16200
16203
16204
16205
16206
16206
16207
16213
16216
16217
16224
16229
16230
16237
16243
16245
16247
16255
16258
16266
16267
16273
16280
16285
16292
16294
16304
16307
16309
16310
16311
16320
16320
16324
16324
16325
16326
16328
16330
16332
16338
16340
16340
16341
16345
16346
16346
16346
16350
16351
16351
16360
16360
16366
16368
16370
16372
16373
16377
16383
16387
16388
16391
16393
16400
16403
16403
16405
16407
16408
16417
16420
16424
16424
16431
16434
16435
16440
16443
16452
16455
16463
16465
16465
16467
16481
16483
16486
16487
16489
16492
16496
16496
16499
16499
16500
16501
16506
16508
16509
16513
16515
16518
16520
16524
16525
16529
16530
16531
16534
16536
16538
16539
16539
16542
16543
16544
16546
16548
16549
16554
16554
16555
16560
16561
16562
16562
16566
16569
16569
16571
16572
16579
16593
16595
16597
16598
16604
16605
16606
16610
16611
16619
16620
16626
16626
16630
16632
16638
16638
16651
16651
16652
16653
16654
16655
16672
16674
16674
16682
16689
16695
16697
16697
16702
16704
16706
16707
16710
16711
16713
16715
16724
16725
16728
16730
16731
16731
16732
16733
16740
16745
16747
16751
16768
16768
16768
16773
16776
16781
16781
16783
16792
16800
16801
16801
16803
16805
16808
16809
16809
16812
16815
16819
16829
16830
16830
16831
16832
16835
16844
16847
16849
16853
16856
16857
16857
16858
16865
16873
16878
16882
16883
16884
16893
16897
16898
16898
16900
16906
16914
16914
16915
16923
16924
16931
16945
16946
16952
16961
16969
16973
16975
16982
16986
16987
16990
16995
17000
17001
17010
17015
17015
17017
17021
17025
17026
17035
17035
17036
17043
17044
17044
17049
17051
17051
17053
17063
17066
17073
17076
17081
17081
17084
17084
17086
17092
17096
17103
17105
17120
17121
17122
17133
17138
17145
17146
17148
17151
17159
17163
17174
17175
17177
17178
17182
17183
17189
17192
17193
17193
17193
17202
17205
17208
17213
17214
17217
17218
17222
17225
17236
17245
17248
17250
17253
17256
17256
17265
17272
17286
17293
17294
17295
17295
17301
17305
17305
17313
17314
17317
17321
17321
17321
17326
17326
17330
17331
17334
17337
17345
17345
17351
17352
17352
17359
17360
17363
17364
17366
17367
17368
17370
17370
17378
17382
17388
17394
17400
17400
17404
17405
17414
17418
17419
17423
17424
17429
17430
17433
17434
17434
17437
17438
17441
17442
17443
17451
17452
17461
17462
17467
17467
17474
17482
17487
17488
17488
17496
17498
17500
17504
17504
17504
17505
17505
17508
17512
17512
17514
17515
17516
17517
17517
17524
17532
17534
17540
17542
17544
17547
17547
17552
17552
17554
17554
17554
17557
17563
17568
17569
17577
17583
17584
17584
17589
17591
17592
17598
17600
17608
17609
17610
17616
17618
17621
17630
17632
17635
17639
17641
17643
17648
17649
17651
17661
17663
17666
17666
17672
17687
17688
17689
17691
17694
17696
17705
17711
17719
17720
17720
17721
17723
17723
17725
17727
17729
17729
17734
17736
17737
17749
17750
17755
17764
17780
17783
17786
17790
17797
17797
17798
17799
17808
17810
17813
17814
17817
17819
17822
17831
17840
17842
17843
17843
17845
17846
17849
17849
17850
17858
17860
17862
17867
17868
17872
17874
17881
17885
17886
17887
17889
17889
17913
17914
17914
17918
17919
17920
17920
17922
17925
17931
17931
17934
17938
17942
17947
17953
17955
17956
17961
17965
17967
17971
17975
17977
17978
17982
17983
17998
18002
18004
18008
18013
18014
18022
18032
18032
18038
18041
18042
18042
18051
18055
18061
18062
18062
18064
18064
18065
18068
18071
18074
18076
18078
18084
18085
18086
18086
18089
18090
18092
18092
18093
18095
18106
18109
18111
18111
18113
18113
18116
18117
18117
18117
18120
18124
18126
18126
18126
18128
18141
18145
18146
18149
18149
18152
18155
18163
18163
18166
18178
18179
18179
18179
18180
18182
18182
18184
18198
18202
18203
18203
18207
18213
18213
18214
18216
18217
18218
18225
18226
18226
18227
18242
18249
18251
18255
18259
18264
18265
18265
18265
18269
18270
18271
18273
18274
18276
18278
18279
18280
18284
18288
18288
18289
18290
18291
18295
18296
18296
18300
18304
18307
18307
18311
18316
18321
18323
18326
18329
18331
18332
18336
18340
18342
18344
18352
18353
18363
18366
18369
18369
18375
18376
18378
18382
18382
18385
18386
18386
18389
18391
18391
18398
18402
18415
18419
18420
18423
18424
18425
18439
18442
18444
18444
18445
18466
18470
18474
18476
18477
18485
18490
18501
18503
18503
18506
18508
18508
18510
18517
18519
18521
18525
18528
18531
18531
18532
18533
18542
18546
18550
18550
18552
18564
18565
18565
18568
18577
18577
18578
18588
18591
18592
18596
18600
18604
18607
18608
18609
18613
18614
18615
18615
18617
18618
18618
18620
18628
18630
18637
18645
18648
18650
18652
18654
18656
18659
18663
18668
18675
18677
18680
18683
18686
18690
18690
18698
18699
18699
18703
18706
18708
18708
18720
18722
18727
18728
18728
18733
18733
18740
18748
18750
18751
18752
18752
18753
18757
18759
18760
18761
18771
18771
18775
18781
18781
18787
18789
18795
18796
18802
18816
18818
18820
18820
18821
18823
18825
18832
18837
18838
18838
18847
18848
18849
18854
18858
18864
18869
18871
18873
18874
18879
18880
18881
18883
18883
18897
18899
18900
18910
18911
18913
18916
18920
18920
18921
18924
18925
18928
18928
18933
18936
18939
18940
18949
18949
18959
18961
18967
18968
18973
18976
18988
18989
18996
19006
19008
19011
19011
19020
19022
19026
19027
19038
19045
19050
19050
19055
19059
19062
19063
19063
19066
19068
19076
19077
19077
19084
19091
19093
19096
19097
19100
19101
19117
19118
19123
19130
19133
19137
19137
19138
19142
19142
19147
19148
19155
19162
19162
19166
19167
19167
19169
19170
19170
19170
19174
19176
19178
19181
19191
19194
19202
19203
19207
19210
19210
19211
19218
19231
19234
19237
19238
19241
19244
19260
19271
19273
19277
19285
19285
19289
19294
19298
19298
19301
19301
19303
19305
19309
19324
19324
19325
19329
19330
19334
19336
19338
19342
19342
19348
19357
19358
19365
19373
19374
19375
19376
19378
19380
19381
19384
19385
19391
19398
19401
19402
19402
19410
19411
19419
19420
19427
19428
19431
19435
19436
19443
19443
19449
19452
19454
19454
19454
19455
19474
19476
19481
19488
19488
19500
19503
19503
19504
19513
19521
19527
19527
19532
19532
19532
19539
19543
19548
19551
19556
19562
19562
19571
19580
19584
19587
19591
19593
19594
19601
19605
19613
19614
19614
19620
19621
19625
19626
19633
19636
19638
19638
19645
19650
19650
19656
19660
19668
19675
19676
19680
19682
19686
19689
19690
19693
19695
19703
19703
19705
19706
19708
19713
19723
19725
19727
19734
19737
19737
19737
19738
19740
19742
19742
19747
19748
19748
19750
19755
19760
19760
19760
19761
19764
19765
19768
19768
19771
19771
19774
19778
19779
19786
19789
19791
19796
19796
19797
19799
19801
19805
19809
19817
19817
19819
19824
19828
19831
19844
19844
19849
19852
19860
19861
19861
19862
19867
19869
19870
19874
19881
19884
19885
19886
19891
19896
19900
19902
19902
19904
19909
19917
19919
19921
19922
19923
19926
19927
19930
19930
19930
19934
19935
19942
19953
19954
19956
19957
19957
19961
19961
19962
19967
19967
19968
19977
19978
19979
19982
19986
19986
19990
19992
19996
20000
20002
20004
20007
20011
20013
20016
20019
20022
20024
20024
20028
20028
20030
20031
20032
20032
20033
20035
20036
20047
20050
20053
20069
20071
20072
20075
20076
20081
20086
20086
20088
20101
20109
20109
20113
20114
20118
20119
20122
20124
20134
20148
20156
20160
20160
20162
20162
20162
20170
20179
20181
20183
20183
20184
20190
20200
20225
20229
20232
20236
20240
20241
20246
20250
20258
20263
20273
20274
20275
20279
20286
20290
20296
20297
20303
20304
20310
20311
20311
20313
20317
20319
20319
20323
20324
20325
20328
20329
20339
20341
20341
20342
20343
20350
20351
20352
20353
20354
20354
20357
20358
20363
20376
20379
20381
20382
20382
20384
20386
20387
20389
20390
20393
20396
20396
20404
20411
20416
20418
20419
20427
20428
20431
20435
20436
20441
20442
20442
20450
20452
20455
20463
20464
20472
20472
20473
20475
20477
20483
20484
20485
20487
20489
20493
20497
20508
20513
20516
20518
20527
20538
20544
20550
20557
20560
20564
20565
20566
20568
20569
20575
20575
20577
20579
20580
20582
20586
20586
20589
20595
20602
20603
20604
20605
20607
20609
20613
20614
20621
20628
20629
20636
20640
20640
20643
20646
20657
20661
20662
20664
20665
20666
20667
20668
20676
20678
20679
20682
20685
20688
20693
20701
20701
20701
20702
20708
20709
20710
20713
20713
20716
20722
20725
20725
20727
20727
20730
20730
20737
20752
20753
20755
20762
20771
20773
20774
20776
20780
20781
20782
20782
20783
20783
20786
20793
20799
20805
20805
20806
20806
20810
20813
20816
20829
20832
20832
20838
20844
20844
20845
20849
20851
20851
20852
20853
20854
20862
20863
20866
20877
20880
20889
20893
20897
20906
20907
20911
20912
20914
20916
20916
20917
20917
20921
20930
20935
20936
20936
20937
20938
20945
20955
20956
20958
20961
20961
20963
20963
20975
20978
20981
20982
20983
20984
20989
20990
20990
20990
20991
20991
20991
20992
20996
20998
21012
21017
21020
21021
21021
21024
21028
21030
21031
21037
21039
21039
21041
21042
21049
21049
21051
21056
21062
21063
21064
21072
21074
21074
21077
21083
21084
21085
21086
21087
21091
21096
21097
21102
21107
21107
21108
21116
21122
21125
21125
21127
21139
21152
21153
21160
21169
21186
21190
21195
21203
21210
21214
21216
21217
21217
21218
21220
21230
21231
21233
21235
21240
21242
21249
21250
21251
21251
21252
21255
21257
21258
21261
21261
21266
21277
21278
21283
21285
21289
21290
21291
21292
21292
21292
21294
21300
21306
21308
21309
21310
21311
21325
21328
21338
21344
21350
21357
21362
21364
21366
21366
21367
21368
21370
21373
21379
21380
21381
21385
21387
21394
21400
21405
21406
21407
21408
21418
21426
21428
21428
21429
21437
21442
21448
21454
21460
21463
21464
21468
21474
21478
21483
21483
21484
21498
21499
21500
21511
21516
21516
21518
21525
21526
21527
21536
21537
21548
21551
21555
21563
21566
21571
21574
21575
21584
21586
21593
21600
21604
21606
21607
21609
21619
21627
21629
21631
21631
21634
21635
21636
21638
21644
21647
21653
21654
21655
21655
21661
21662
21665
21668
21672
21679
21681
21687
21694
21698
21706
21709
21711
21712
21714
21718
21719
21721
21722
21724
21727
21729
21730
21732
21737
21738
21739
21743
21744
21757
21760
21761
21769
21769
21772
21773
21776
21776
21778
21788
21789
21790
21798
21801
21802
21803
21803
21805
21805
21807
21808
21817
21817
21823
21830
21831
21846
21855
21864
21864
21871
21873
21881
21890
21891
21899
21900
21900
21902
21904
21905
21909
21911
21916
21924
21925
21926
21929
21931
21932
21932
21934
21937
21944
21956
21963
21971
21971
21974
21974
21977
21979
21983
21987
21992
21996
21998
22000
22005
22015
22016
22017
22022
22026
22027
22037
22042
22045
22045
22048
22049
22054
22055
22057
22060
22062
22063
22067
22072
22078
22087
22088
22090
22092
22093
22094
22096
22103
22106
22120
22121
22134
22137
22140
22141
22142
22147
22148
22153
22154
22155
22163
22163
22165
22166
22170
22173
22182
22186
22187
22188
22197
22209
22219
22221
22221
22222
22223
22224
22228
22239
22241
22242
22242
22244
22245
22248
22251
22259
22260
22261
22263
22265
22273
22274
22274
22274
22276
22280
22281
22283
22285
22288
22295
22296
22297
22298
22301
22313
22319
22326
22336
22337
22339
22341
22342
22359
22361
22364
22371
22374
22376
22376
22377
22382
22385
22389
22390
22397
22400
22413
22413
22413
22415
22419
22421
22426
22427
22428
22428
22429
22433
22441
22442
22445
22449
22451
22454
22455
22457
22458
22462
22463
22465
22469
22471
22473
22475
22475
22477
22479
22484
22486
22487
22488
22489
22490
22491
22494
22495
22496
22498
22500
22506
22509
22511
22513
22514
22516
22516
22537
22542
22546
22547
22551
22554
22556
22557
22562
22565
22565
22570
22574
22576
22580
22582
22582
22583
22592
22597
22601
22604
22607
22609
22615
22616
22616
22620
22623
22625
22628
22628
22640
22652
22667
22668
22673
22675
22676
22677
22681
22681
22682
22690
22710
22710
22717
22723
22725
22734
22738
22741
22742
22745
22750
22751
22757
22757
22757
22760
22762
22765
22769
22774
22785
22792
22792
22795
22799
22799
22801
22809
22816
22816
22817
22818
22825
22831
22834
22835
22837
22841
22842
22844
22850
22853
22860
22860
22869
22871
22886
22886
22886
22888
22891
22894
22897
22899
22906
22907
22910
22913
22914
22916
22917
22918
22918
22920
22921
22921
22922
22926
22928
22930
22930
22935
22936
22947
22948
22951
22952
22955
22955
22957
22959
22959
22961
22962
22965
22965
22970
22971
22972
22974
22976
22979
22986
22987
22988
22989
22991
22997
23007
23008
23009
23018
23022
23026
23028
23029
23035
23045
23047
23050
23050
23051
23052
23053
23053
23054
23056
23065
23077
23077
23078
23081
23082
23084
23087
23092
23094
23105
23106
23109
23114
23114
23116
23118
23119
23123
23129
23137
23137
23140
23143
23143
23146
23146
23151
23156
23162
23162
23164
23165
23168
23170
23175
23184
23185
23186
23191
23191
23195
23202
23203
23203
23211
23211
23213
23219
23221
23225
23229
23233
23235
23236
23236
23236
23236
23237
23245
23248
23248
23252
23253
23255
23259
23260
23264
23265
23266
23267
23277
23280
23280
23281
23286
23289
23292
23294
23299
23299
23300
23305
23310
23311
23319
23320
23325
23325
23325
23328
23331
23335
23336
23337
23338
23339
23341
23341
23343
23343
23347
23347
23352
23352
23361
23361
23365
23366
23369
23372
23373
23375
23375
23380
23387
23391
23405
23405
23405
23406
23409
23410
23411
23416
23417
23417
23422
23427
23429
23429
23445
23451
23457
23460
23460
23464
23468
23471
23471
23473
23474
23476
23478
23482
23483
23491
23492
23498
23503
23503
23505
23507
23508
23510
23520
23521
23523
23524
23524
23529
23534
23535
23535
23546
23546
23547
23551
23559
23562
23574
23579
23581
23585
23587
23587
23589
23590
23593
23594
23595
23603
23606
23608
23614
23615
23618
23618
23620
23622
23623
23627
23633
23635
23635
23636
23637
23638
23639
23640
23640
23643
23654
23661
23662
23666
23673
23674
23679
23679
23681
23690
23690
23691
23692
23699
23703
23710
23710
23710
23711
23712
23723
23723
23724
23724
23725
23725
23730
23734
23743
23753
23760
23763
23765
23767
23767
23769
23771
23773
23775
23781
23784
23789
23789
23790
23809
23818
23823
23825
23836
23836
23846
23861
23869
23869
23872
23877
23883
23884
23888
23889
23897
23898
23899
23902
23903
23903
23909
23909
23910
23912
23912
23912
23914
23916
23917
23918
23919
23922
23922
23930
23930
23932
23937
23943
23946
23949
23952
23958
23961
23968
23973
23977
23978
23978
23985
23998
24000
24001
24003
24005
24006
24007
24008
24019
24023
24024
24025
24026
24030
24030
24034
24044
24045
24048
24050
24050
24054
24055
24056
24056
24058
24058
24060
24061
24063
24071
24081
24095
24096
24097
24100
24103
24103
24106
24107
24107
24107
24118
24118
24128
24130
24143
24143
24148
24153
24155
24156
24156
24167
24168
24169
24173
24174
24178
24178
24179
24199
24199
24202
24205
24207
24208
24227
24231
24233
24238
24242
24244
24250
24254
24254
24255
24258
24261
24262
24266
24271
24273
24294
24296
24299
24300
24303
24303
24304
24308
24308
24312
24322
24332
24333
24345
24351
24353
24368
24368
24371
24376
24389
24403
24404
24405
24409
24411
24413
24414
24415
24421
24423
24423
24424
24432
24435
24435
24435
24441
24441
24443
24444
24445
24448
24450
24453
24455
24457
24459
24459
24469
24484
24492
24494
24495
24496
24502
24521
24525
24539
24543
24543
24543
24544
24554
24560
24561
24562
24566
24566
24569
24573
24579
24579
24582
24582
24593
24595
24604
24611
24614
24618
24620
24626
24637
24638
24640
24645
24649
24649
24653
24653
24654
24656
24657
24659
24661
24667
24667
24669
24674
24674
24675
24680
24682
24683
24688
24690
24693
24694
24699
24704
24710
24713
24715
24718
24734
24741
24749
24750
24751
24758
24760
24762
24764
24770
24771
24774
24777
24791
24798
24798
24802
24804
24805
24808
24811
24816
24817
24819
24819
24826
24826
24827
24827
24830
24833
24836
24836
24839
24840
24842
24844
24845
24846
24846
24846
24850
24852
24852
24854
24858
24860
24860
24863
24868
24872
24872
24876
24878
24879
24881
24885
24889
24890
24893
24895
24896
24905
24907
24916
24918
24919
24919
24921
24926
24929
24931
24931
24935
24936
24940
24942
24947
24949
24958
24968
24969
24970
24976
24980
24997
24997
25003
25003
25006
25009
25009
25012
25013
25014
25020
25028
25029
25030
25034
25037
25037
25037
25038
25040
25044
25045
25046
25051
25054
25054
25058
25065
25065
25070
25071
25072
25079
25080
25081
25096
25098
25104
25115
25116
25122
25129
25141
25142
25143
25144
25156
25162
25162
25163
25179
25186
25186
25186
25190
25190
25197
25197
25200
25200
25204
25204
25205
25209
25210
25213
25218
25224
25226
25228
25229
25231
25233
25234
25239
25240
25242
25251
25261
25263
25269
25271
25275
25279
25280
25281
25283
25285
25295
25296
25298
25301
25305
25311
25313
25315
25319
25321
25328
25334
25339
25340
25341
25343
25347
25358
25358
25360
25364
25369
25378
25380
25387
25394
25401
25402
25404
25409
25416
25423
25423
25423
25427
25443
25448
25455
25455
25461
25466
25473
25478
25479
25479
25481
25486
25486
25486
25492
25494
25495
25501
25516
25518
25519
25522
25523
25525
25526
25531
25534
25538
25557
25558
25560
25561
25565
25566
25568
25568
25569
25571
25578
25578
25579
25585
25586
25591
25596
25601
25612
25619
25628
25630
25632
25635
25636
25637
25640
25641
25644
25646
25647
25651
25653
25658
25662
25663
25663
25664
25665
25670
25672
25677
25678
25680
25682
25689
25689
25694
25697
25699
25699
25700
25700
25701
25702
25703
25703
25704
25705
25712
25718
25719
25724
25726
25728
25729
25736
25750
25750
25754
25762
25766
25768
25771
25774
25775
25775
25778
25785
25787
25790
25795
25805
25807
25810
25814
25818
25820
25821
25826
25832
25845
25849
25849
25851
25852
25853
25858
25859
25862
25864
25869
25871
25873
25873
25878
25879
25879
25880
25885
25891
25895
25897
25898
25899
25908
25912
25914
25914
25916
25923
25925
25927
25931
25933
25938
25947
25949
25952
25952
25954
25956
25960
25968
25973
25974
25985
25987
25987
25990
25991
25992
25995
25999
26000
26010
26011
26012
26013
26020
26022
26023
26026
26026
26027
26039
26043
26045
26047
26050
26051
26052
26055
26060
26063
26071
26074
26080
26083
26085
26086
26087
26087
26091
26100
26109
26109
26115
26116
26119
26126
26133
26135
26136
26137
26139
26139
26142
26145
26147
26148
26150
26150
26157
26171
26174
26175
26175
26181
26183
26194
26213
26213
26220
26221
26226
26229
26232
26232
26233
26238
26242
26258
26261
26263
26268
26277
26279
26281
26289
26293
26297
26299
26304
26305
26307
26307
26309
26311
26312
26315
26317
26324
26326
26327
26327
26329
26333
26335
26339
26345
26350
26352
26360
26360
26362
26365
26365
26374
26381
26382
26389
26389
26397
26402
26407
26410
26417
26418
26420
26421
26432
26435
26443
26444
26444
26445
26453
26462
26462
26473
26474
26499
26510
26519
26521
26527
26531
26532
26533
26535
26550
26553
26556
26566
26569
26578
26581
26583
26584
26590
26598
26600
26601
26601
26605
26613
26629
26631
26633
26636
26637
26639
26640
26640
26645
26648
26653
26656
26657
26661
26661
26663
26665
26667
26669
26672
26680
26681
26682
26683
26684
26685
26687
26687
26700
26700
26702
26705
26705
26708
26712
26717
26726
26731
26735
26742
26750
26754
26765
26766
26770
26773
26774
26776
26778
26780
26782
26786
26789
26795
26801
26813
26831
26832
26837
26839
26846
26847
26850
26852
26855
26861
26861
26869
26870
26871
26873
26875
26877
26879
26879
26881
26886
26886
26889
26890
26891
26903
26903
26906
26907
26908
26911
26916
26924
26928
26939
26954
26956
26956
26960
26962
26968
26970
26972
26972
26973
26976
26980
26981
26983
26987
26990
26995
26999
27000
27004
27006
27006
27010
27013
27017
27017
27020
27021
27022
27026
27029
27030
27034
27035
27037
27054
27055
27056
27057
27064
27066
27069
27084
27084
27088
27088
27089
27090
27091
27093
27100
27100
27104
27106
27120
27125
27130
27134
27137
27138
27138
27148
27148
27150
27151
27157
27158
27160
27167
27167
27172
27182
27183
27184
27191
27191
27192
27193
27196
27200
27200
27203
27203
27205
27206
27207
27215
27218
27219
27222
27223
27223
27224
27227
27228
27229
27230
27237
27239
27239
27251
27255
27256
27258
27273
27275
27278
27278
27284
27289
27294
27294
27294
27296
27298
27300
27300
27302
27302
27306
27308
27312
27316
27317
27317
27318
27333
27334
27339
27339
27339
27344
27344
27351
27351
27352
27353
27356
27364
27366
27380
27381
27382
27385
27389
27390
27394
27401
27402
27405
27405
27407
27411
27412
27413
27415
27416
27418
27420
27421
27423
27427
27427
27428
27429
27429
27433
27436
27438
27441
27442
27443
27452
27455
27465
27475
27479
27483
27488
27491
27493
27494
27501
27506
27508
27508
27512
27515
27521
27522
27523
27524
27532
27535
27538
27544
27545
27546
27558
27558
27560
27569
27576
27584
27586
27588
27593
27593
27597
27598
27603
27607
27610
27618
27619
27622
27627
27629
27631
27632
27634
27639
27641
27642
27643
27643
27649
27649
27649
27651
27667
27669
27671
27672
27677
27682
27683
27690
27695
27696
27703
27703
27705
27705
27710
27711
27712
27726
27730
27733
27737
27741
27746
27749
27749
27750
27760
27769
27773
27773
27777
27780
27782
27787
27789
27790
27793
27793
27798
27800
27801
27809
27810
27813
27813
27814
27815
27819
27823
27824
27825
27829
27836
27842
27848
27848
27849
27872
27875
27875
27878
27879
27879
27884
27885
27891
27895
27896
27899
27900
27901
27903
27903
27905
27908
27911
27913
27915
27917
27918
27920
27930
27931
27938
27938
27939
27939
27940
27942
27943
27946
27948
27950
27952
27953
27957
27973
27974
27977
27989
28003
28004
28007
28010
28012
28013
28015
28015
28016
28017
28017
28018
28018
28019
28019
28024
28024
28025
28028
28036
28040
28043
28044
28045
28047
28048
28049
28050
28054
28056
28058
28059
28060
28065
28068
28076
28077
28088
28089
28098
28101
28106
28112
28116
28117
28117
28123
28123
28128
28135
28135
28138
28140
28143
28147
28149
28150
28151
28157
28158
28159
28159
28162
28163
28163
28165
28168
28168
28170
28178
28182
28183
28183
28184
28190
28190
28196
28198
28198
28200
28203
28218
28222
28225
28225
28232
28234
28235
28245
28246
28248
28251
28252
28255
28256
28256
28257
28262
28265
28271
28272
28275
28280
28283
28292
28294
28294
28306
28314
28316
28318
28320
28322
28324
28328
28331
28332
28334
28337
28337
28339
28340
28350
28351
28352
28353
28354
28356
28362
28370
28370
28371
28376
28376
28380
28380
28391
28392
28394
28396
28398
28401
28401
28407
28407
28409
28410
28420
28420
28424
28427
28427
28428
28429
28429
28430
28431
28432
28437
28438
28439
28440
28440
28441
28454
28456
28457
28461
28462
28463
28465
28465
28467
28470
28480
28483
28490
28493
28497
28498
28500
28503
28504
28506
28509
28510
28518
28519
28521
28524
28526
28532
28535
28535
28540
28544
28546
28551
28551
28552
28554
28555
28557
28557
28561
28562
28563
28564
28569
28570
28571
28575
28575
28576
28581
28592
28594
28594
28600
28603
28605
28616
28618
28621
28645
28652
28658
28663
28664
28671
28673
28676
28677
28677
28678
28679
28686
28689
28695
28695
28699
28709
28709
28710
28713
28715
28716
28723
28733
28737
28737
28738
28743
28750
28751
28752
28752
28752
28753
28756
28758
28765
28772
28782
28782
28783
28784
28787
28789
28793
28794
28797
28799
28800
28800
28805
28805
28805
28809
28814
28816
28819
28835
28836
28839
28839
28840
28844
28847
28848
28852
28874
28876
28885
28886
28892
28894
28894
28900
28901
28903
28904
28904
28907
28918
28918
28928
28939
28940
28941
28949
28961
28961
28963
28966
28967
28969
28977
28979
28984
28985
28986
28996
29007
29014
29016
29018
29020
29020
29022
29023
29025
29027
29030
29036
29042
29046
29050
29051
29052
29054
29062
29062
29067
29068
29071
29074
29075
29082
29083
29086
29087
29088
29094
29094
29095
29099
29101
29109
29110
29113
29117
29118
29124
29129
29132
29138
29139
29142
29143
29144
29144
29144
29153
29153
29154
29156
29158
29158
29168
29170
29177
29179
29185
29186
29191
29196
29196
29198
29208
29209
29214
29220
29222
29222
29225
29230
29231
29234
29237
29237
29250
29254
29257
29259
29261
29266
29266
29270
29272
29272
29279
29280
29283
29285
29285
29291
29293
29294
29310
29315
29322
29325
29328
29330
29339
29341
29346
29369
29371
29376
29378
29384
29384
29387
29390
29391
29396
29397
29402
29404
29406
29408
29416
29419
29420
29420
29427
29428
29429
29429
29430
29434
29434
29437
29439
29441
29443
29445
29448
29450
29451
29460
29461
29461
29465
29465
29466
29468
29469
29469
29470
29475
29475
29479
29488
29495
29497
29500
29505
29508
29515
29516
29519
29519
29521
29523
29525
29533
29539
29541
29542
29545
29546
29547
29550
29561
29567
29569
29569
29570
29582
29587
29591
29602
29604
29604
29608
29624
29624
29626
29627
29629
29631
29631
29632
29633
29634
29637
29637
29640
29641
29644
29644
29645
29654
29656
29656
29656
29658
29660
29661
29667
29667
29673
29674
29675
29676
29678
29687
29689
29691
29692
29704
29710
29712
29722
29724
29725
29727
29733
29733
29739
29740
29742
29743
29745
29746
29753
29755
29757
29762
29763
29765
29768
29768
29771
29775
29775
29776
29778
29781
29781
29781
29782
29791
29797
29798
29802
29803
29804
29804
29805
29805
29807
29808
29812
29813
29815
29816
29817
29826
29839
29840
29848
29853
29854
29855
29857
29858
29858
29860
29866
29867
29869
29869
29870
29874
29875
29876
29879
29884
29888
29888
29894
29896
29897
29899
29901
29909
29910
29912
29914
29915
29915
29918
29920
29922
29926
29927
29930
29933
29936
29937
29951
29954
29955
29955
29960
29960
29963
29966
29969
29972
29978
29980
29981
29986
29986
29992
29997
29998
29999
30005
30009
30014
30018
30024
30031
30032
30033
30055
30058
30059
30059
30061
30061
30063
30064
30065
30065
30068
30071
30074
30077
30077
30082
30091
30091
30097
30099
30101
30106
30108
30111
30112
30115
30117
30119
30122
30127
30130
30132
30132
30132
30138
30140
30140
30141
30141
30142
30145
30150
30162
30166
30166
30167
30167
30167
30168
30169
30172
30180
30180
30195
30200
30212
30212
30214
30221
30223
30224
30238
30240
30243
30245
30246
30256
30259
30269
30272
30273
30276
30284
30286
30291
30295
30297
30298
30298
30304
30307
30309
30309
30311
30313
30314
30314
30315
30317
30319
30322
30323
30323
30323
30324
30330
30335
30339
30343
30345
30345
30349
30352
30354
30356
30361
30370
30373
30376
30379
30383
30388
30392
30393
30395
30395
30404
30407
30410
30414
30415
30417
30421
30431
30433
30437
30442
30444
30446
30448
30448
30455
30459
30463
30465
30474
30475
30477
30478
30481
30489
30491
30492
30498
30501
30504
30506
30507
30512
30516
30517
30519
30520
30521
30524
30532
30535
30536
30537
30537
30539
30545
30548
30549
30550
30558
30564
30581
30581
30582
30583
30586
30588
30589
30591
30594
30595
30604
30606
30610
30610
30619
30626
30627
30636
30636
30638
30639
30639
30640
30640
30641
30642
30643
30648
30650
30659
30670
30670
30672
30676
30680
30681
30681
30686
30686
30690
30698
30700
30711
30712
30712
30712
30713
30715
30718
30721
30723
30728
30732
30741
30743
30761
30763
30763
30765
30768
30771
30772
30774
30776
30777
30781
30781
30787
30789
30790
30794
30799
30800
30805
30813
30830
30839
30844
30844
30846
30853
30859
30864
30868
30868
30872
30876
30877
30881
30882
30884
30885
30896
30903
30907
30912
30915
30916
30919
30922
30930
30931
30932
30942
30947
30948
30951
30951
30954
30965
30965
30966
30968
30972
30975
30976
30980
30981
30982
30989
30993
30996
31006
31013
31018
31019
31022
31022
31024
31026
31027
31027
31030
31030
31033
31035
31043
31044
31046
31047
31051
31061
31069
31078
31081
31083
31084
31086
31099
31100
31101
31102
31104
31104
31104
31108
31108
31119
31120
31123
31132
31137
31138
31142
31145
31146
31149
31149
31150
31152
31155
31166
31178
31178
31179
31183
31183
31189
31203
31208
31209
31211
31212
31213
31215
31215
31217
31218
31221
31223
31226
31226
31227
31227
31228
31232
31234
31236
31238
31241
31245
31248
31250
31255
31257
31258
31265
31265
31267
31267
31270
31272
31277
31283
31293
31295
31296
31297
31299
31302
31313
31318
31320
31327
31327
31328
31330
31333
31335
31335
31339
31342
31345
31349
31349
31351
31352
31358
31363
31365
31367
31369
31379
31383
31385
31388
31392
31395
31401
31401
31401
31401
31407
31417
31418
31419
31431
31439
31441
31442
31442
31443
31445
31448
31455
31458
31461
31462
31463
31467
31469
31470
31471
31474
31475
31476
31477
31480
31485
31494
31494
31496
31503
31505
31509
31509
31511
31515
31519
31520
31521
31525
31528
31538
31542
31543
31543
31544
31547
31547
31551
31555
31555
31559
31561
31562
31563
31563
31566
31575
31575
31581
31588
31597
31598
31598
31599
31601
31602
31602
31607
31607
31610
31611
31619
31620
31620
31624
31626
31626
31627
31627
31630
31637
31640
31641
31641
31644
31645
31646
31650
31651
31652
31657
31658
31663
31669
31674
31674
31678
31680
31686
31688
31688
31690
31706
31714
31715
31718
31730
31734
31736
31739
31740
31745
31747
31749
31750
31753
31754
31757
31761
31781
31781
31787
31787
31791
31805
31808
31812
31814
31816
31821
31829
31834
31837
31841
31848
31854
31859
31862
31862
31863
31868
31873
31894
31902
31913
31917
31920
31922
31927
31930
31936
31937
31938
31949
31951
31958
31966
31970
31971
31971
31973
31975
31982
31988
31990
31993
31996
31998
32001
32002
32004
32005
32012
32013
32014
32016
32020
32028
32039
32042
32046
32055
32058
32060
32061
32064
32065
32066
32068
32071
32076
32079
32083
32085
32089
32095
32105
32108
32109
32116
32126
32127
32128
32129
32135
32140
32140
32144
32151
32151
32154
32154
32154
32160
32161
32175
32179
32184
32193
32195
32198
32199
32202
32206
32206
32207
32218
32219
32221
32234
32235
32238
32239
32241
32242
32247
32247
32255
32258
32260
32264
32267
32268
32268
32276
32283
32284
32284
32289
32291
32296
32299
32300
32303
32308
32311
32316
32318
32318
32327
32327
32330
32335
32335
32336
32337
32347
32349
32355
32364
32369
32373
32375
32378
32379
32379
32379
32383
32383
32391
32393
32401
32401
32402
32403
32405
32408
32413
32415
32420
32420
32420
32425
32426
32428
32430
32435
32436
32439
32439
32446
32446
32448
32449
32453
32453
32455
32463
32470
32472
32472
32479
32482
32491
32500
32503
32503
32504
32506
32506
32508
32510
32512
32514
32519
32522
32523
32526
32526
32527
32528
32529
32530
32530
32533
32534
32535
32540
32542
32542
32545
32553
32553
32560
32560
32564
32564
32565
32565
32565
32566
32567
32570
32572
32581
32582
32582
32583
32588
32593
32595
32597
32599
32602
32604
32605
32605
32605
32609
32610
32612
32613
32614
32623
32625
32629
32630
32630
32632
32633
32633
32636
32638
32639
32643
32644
32647
32650
32654
32658
32658
32661
32663
32689
32691
32695
32695
32698
32702
32705
32708
32708
32709
32710
32712
32713
32714
32716
32725
32728
32730
32734
32737
32747
32750
32753
32754
32756
32759
32760
32761
32764
32764
32765
