1000
19717
19716
19715
19714
19713
19712
19711
19710
19709
19708
19707
19706
19705
19704
19703
19702
19701
19700
19699
19698
19697
19696
19695
19694
19693
19692
19691
19690
19689
19688
19687
19686
19685
19684
19683
19682
19681
19680
19679
19678
19677
19676
19675
19674
19673
19672
19671
19670
19669
19668
19667
19666
19665
19664
19663
19662
19661
19660
19659
19658
19657
19656
19655
19654
19653
19652
19651
19650
19649
19648
19647
19646
19645
19644
19643
19642
19641
19640
19639
19638
19637
19636
19635
19634
19633
19632
19631
19630
19629
19628
19627
19626
19625
19624
19623
19622
19621
19620
19619
19618
19617
19616
19615
19614
19613
19612
19611
19610
19609
19608
19607
19606
19605
19604
19603
19602
19601
19600
19599
19598
19597
19596
19595
19594
19593
19592
19591
19590
19589
19588
19587
19586
19585
19584
19583
19582
19581
19580
19579
19578
19577
19576
19575
19574
19573
19572
19571
19570
19569
19568
19567
19566
19565
19564
19563
19562
19561
19560
19559
19558
19557
19556
19555
19554
19553
19552
19551
19550
19549
19548
19547
19546
19545
19544
19543
19542
19541
19540
19539
19538
19537
19536
19535
19534
19533
19532
19531
19530
19529
19528
19527
19526
19525
19524
19523
19522
19521
19520
19519
19518
19517
19516
19515
19514
19513
19512
19511
19510
19509
19508
19507
19506
19505
19504
19503
19502
19501
19500
19499
19498
19497
19496
19495
19494
19493
19492
19491
19490
19489
19488
19487
19486
19485
19484
19483
19482
19481
19480
19479
19478
19477
19476
19475
19474
19473
19472
19471
19470
19469
19468
19467
19466
19465
19464
19463
19462
19461
19460
19459
19458
19457
19456
19455
19454
19453
19452
19451
19450
19449
19448
19447
19446
19445
19444
19443
19442
19441
19440
19439
19438
19437
19436
19435
19434
19433
19432
19431
19430
19429
19428
19427
19426
19425
19424
19423
19422
19421
19420
19419
19418
19417
19416
19415
19414
19413
19412
19411
19410
19409
19408
19407
19406
19405
19404
19403
19402
19401
19400
19399
19398
19397
19396
19395
19394
19393
19392
19391
19390
19389
19388
19387
19386
19385
19384
19383
19382
19381
19380
19379
19378
19377
19376
19375
19374
19373
19372
19371
19370
19369
19368
19367
19366
19365
19364
19363
19362
19361
19360
19359
19358
19357
19356
19355
19354
19353
19352
19351
19350
19349
19348
19347
19346
19345
19344
19343
19342
19341
19340
19339
19338
19337
19336
19335
19334
19333
19332
19331
19330
19329
19328
19327
19326
19325
19324
19323
19322
19321
19320
19319
19318
19317
19316
19315
19314
19313
19312
19311
19310
19309
19308
19307
19306
19305
19304
19303
19302
19301
19300
19299
19298
19297
19296
19295
19294
19293
19292
19291
19290
19289
19288
19287
19286
19285
19284
19283
19282
19281
19280
19279
19278
19277
19276
19275
19274
19273
19272
19271
19270
19269
19268
19267
19266
19265
19264
19263
19262
19261
19260
19259
19258
19257
19256
19255
19254
19253
19252
19251
19250
19249
19248
19247
19246
19245
19244
19243
19242
19241
19240
19239
19238
19237
19236
19235
19234
19233
19232
19231
19230
19229
19228
19227
19226
19225
19224
19223
19222
19221
19220
19219
19218
19217
19216
19215
19214
19213
19212
19211
19210
19209
19208
19207
19206
19205
19204
19203
19202
19201
19200
19199
19198
19197
19196
19195
19194
19193
19192
19191
19190
19189
19188
19187
19186
19185
19184
19183
19182
19181
19180
19179
19178
19177
19176
19175
19174
19173
19172
19171
19170
19169
19168
19167
19166
19165
19164
19163
19162
19161
19160
19159
19158
19157
19156
19155
19154
19153
19152
19151
19150
19149
19148
19147
19146
19145
19144
19143
19142
19141
19140
19139
19138
19137
19136
19135
19134
19133
19132
19131
19130
19129
19128
19127
19126
19125
19124
19123
19122
19121
19120
19119
19118
19117
19116
19115
19114
19113
19112
19111
19110
19109
19108
19107
19106
19105
19104
19103
19102
19101
19100
19099
19098
19097
19096
19095
19094
19093
19092
19091
19090
19089
19088
19087
19086
19085
19084
19083
19082
19081
19080
19079
19078
19077
19076
19075
19074
19073
19072
19071
19070
19069
19068
19067
19066
19065
19064
19063
19062
19061
19060
19059
19058
19057
19056
19055
19054
19053
19052
19051
19050
19049
19048
19047
19046
19045
19044
19043
19042
19041
19040
19039
19038
19037
19036
19035
19034
19033
19032
19031
19030
19029
19028
19027
19026
19025
19024
19023
19022
19021
19020
19019
19018
19017
19016
19015
19014
19013
19012
19011
19010
19009
19008
19007
19006
19005
19004
19003
19002
19001
19000
18999
18998
18997
18996
18995
18994
18993
18992
18991
18990
18989
18988
18987
18986
18985
18984
18983
18982
18981
18980
18979
18978
18977
18976
18975
18974
18973
18972
18971
18970
18969
18968
18967
18966
18965
18964
18963
18962
18961
18960
18959
18958
18957
18956
18955
18954
18953
18952
18951
18950
18949
18948
18947
18946
18945
18944
18943
18942
18941
18940
18939
18938
18937
18936
18935
18934
18933
18932
18931
18930
18929
18928
18927
18926
18925
18924
18923
18922
18921
18920
18919
18918
18917
18916
18915
18914
18913
18912
18911
18910
18909
18908
18907
18906
18905
18904
18903
18902
18901
18900
18899
18898
18897
18896
18895
18894
18893
18892
18891
18890
18889
18888
18887
18886
18885
18884
18883
18882
18881
18880
18879
18878
18877
18876
18875
18874
18873
18872
18871
18870
18869
18868
18867
18866
18865
18864
18863
18862
18861
18860
18859
18858
18857
18856
18855
18854
18853
18852
18851
18850
18849
18848
18847
18846
18845
18844
18843
18842
18841
18840
18839
18838
18837
18836
18835
18834
18833
18832
18831
18830
18829
18828
18827
18826
18825
18824
18823
18822
18821
18820
18819
18818
18817
18816
18815
18814
18813
18812
18811
18810
18809
18808
18807
18806
18805
18804
18803
18802
18801
18800
18799
18798
18797
18796
18795
18794
18793
18792
18791
18790
18789
18788
18787
18786
18785
18784
18783
18782
18781
18780
18779
18778
18777
18776
18775
18774
18773
18772
18771
18770
18769
18768
18767
18766
18765
18764
18763
18762
18761
18760
18759
18758
18757
18756
18755
18754
18753
18752
18751
18750
18749
18748
18747
18746
18745
18744
18743
18742
18741
18740
18739
18738
18737
18736
18735
18734
18733
18732
18731
18730
18729
18728
18727
18726
18725
18724
18723
18722
18721
18720
18719
18718
