1000
31710
31526
16789
2719
24304
1637
19129
5586
21437
17927
3573
12537
4600
8581
26926
17779
5203
17498
18245
2740
3138
21174
20980
152
17153
22134
31481
25591
3032
30804
8311
20858
11166
22875
20633
2733
22908
8351
28792
4437
15603
4394
19007
3331
3360
15417
18061
12009
13631
9129
21786
2029
8815
24748
18590
1276
7860
8896
10734
1441
23874
6882
18024
16598
7161
9982
32146
27674
32300
20907
4606
22723
1190
31253
369
31638
18159
14394
10307
4757
20939
20826
13321
23832
20228
20648
10610
6687
23145
6214
367
16615
10263
32368
8599
10171
24567
19192
13257
3341
21128
10482
8467
14021
27359
24752
13266
7129
492
28145
9499
19486
30462
18005
6490
2654
12681
25620
20537
19626
28712
26864
3012
5873
2270
28008
29386
25554
32417
20527
29318
4015
4121
6620
25470
31235
9125
18659
30124
20725
13471
6596
10204
15149
9697
8066
20053
21478
7559
16471
27835
11588
19959
27302
26420
19688
20511
5681
20170
22211
29438
25996
19729
23079
9318
31698
29449
29988
22272
23190
28485
16913
2448
23580
28493
17257
21370
7625
12354
16857
6790
28377
704
20630
21984
5968
17928
27636
611
2867
7775
26165
11286
24055
27313
5790
12535
2618
15738
32465
8440
25009
23783
23126
24392
14690
3640
19579
26835
9747
12392
8286
25612
23810
27152
20296
24042
3286
28297
16700
22576
17110
7760
31696
3314
12377
1711
13116
2901
25725
1178
29105
4502
19996
3800
18668
18510
6652
27491
16906
17140
16710
21520
32670
27043
23610
20082
17921
12317
3360
15100
24041
15889
6018
24423
1341
27801
30616
28755
25128
15623
3588
24113
11373
11489
13248
26976
250
2858
19028
16790
5055
13027
7244
13442
13248
20178
8681
12208
21865
2690
32279
6572
5922
21643
18335
18026
29732
5651
29342
2789
6539
917
28214
13319
4524
27362
19075
25801
14760
8805
31440
8091
13634
32170
2059
32518
21741
27426
18295
24976
8745
7968
27041
3296
1552
28712
30101
3106
15916
18537
1105
19885
5004
20616
20602
17379
2071
14239
28238
3417
28192
15494
16346
26681
7738
23633
31085
29924
16205
18969
19020
3035
21737
5120
32167
10975
2011
6511
10188
15703
23806
13986
13211
17395
20052
18791
25658
8079
31317
29474
7946
858
23943
15381
4569
21047
19023
31710
2393
27491
4871
11073
3024
10840
6736
808
3090
7666
15786
3304
18605
15057
20034
1990
11107
3326
3082
18362
15581
11473
22287
29043
157
31506
2824
14234
19765
26718
14634
32091
29878
19404
13380
546
20844
3281
8967
31394
2760
9313
3237
15132
9886
14679
5023
22238
14993
23575
21207
22794
20939
9586
4333
31384
23281
15562
15816
31134
12885
2422
28275
30159
7278
4967
19243
30274
17542
22284
9142
31862
5043
4212
7670
18578
29704
16819
12989
13041
21516
30854
27875
16093
32363
5946
7830
19099
6636
9417
242
169
26019
26695
29137
28227
1384
21372
17381
25387
29320
211
21764
32426
25786
18547
24258
3538
18260
12459
13637
7943
3774
15763
26709
28350
551
25584
31411
4483
19832
9049
9132
32577
28550
2968
20205
25534
22668
12627
20121
22629
19672
21996
29593
27464
24516
18085
52
5989
6888
14088
10463
4648
9614
6790
5974
4658
102
16734
9195
29529
10620
15552
14622
23536
15462
20018
5487
18248
25282
26164
24432
6518
10464
30239
16414
8279
2747
6483
30577
9682
19758
22929
7986
30557
30564
4774
4109
1731
145
14666
7399
2084
1503
2375
6258
12605
7340
24286
22782
32233
5362
16230
11922
7656
16390
21814
32571
28640
3974
25285
32164
11681
8332
28944
11751
11693
1832
15676
11427
24056
28174
10621
27727
23532
24203
13622
23757
19888
17598
16482
12610
24746
1028
7730
14374
4419
12212
15095
31127
8170
15373
22851
4083
22363
15212
10827
28325
2081
31682
17808
2879
23897
6214
17343
7370
28346
21351
213
25945
13266
19717
18822
14821
15506
26848
30688
15444
21261
31057
17196
31707
27261
568
18197
28550
32647
10293
1548
32533
19904
8219
27370
3594
32367
12961
3543
15616
13461
10331
16491
21822
6698
12777
9492
4748
21162
8303
21944
16198
30416
581
23963
22190
32161
30703
2690
8582
13997
21839
22809
223
14738
25369
146
23340
28353
21640
24975
24474
5509
17743
23618
5028
27457
21459
20946
24289
22521
11159
21761
2337
17427
5111
19981
24249
31583
22298
5587
28443
16726
5410
19514
6570
31391
22437
28111
23756
4056
31073
27821
6976
28050
13867
20640
19378
17821
30505
8842
18060
30087
12097
9989
9744
13919
23505
11337
27812
31166
32161
28497
25964
6153
7702
23609
29470
13296
13480
11755
16658
30522
149
12538
2713
3269
10967
11726
27792
31688
17492
15874
30005
18524
29782
4362
26169
32059
27450
25625
23830
711
28012
12609
21922
26446
2707
23005
15076
31884
21768
20524
31271
28273
11661
1086
19534
14117
30524
6164
10599
5194
18365
7939
6787
24961
26556
27737
24004
31791
14234
13635
4279
5249
19555
2542
21732
4013
22785
27117
8868
24443
14255
30683
15923
29445
10160
4161
774
9402
4928
18361
31071
18857
29131
5204
27166
17917
6749
9786
25818
19139
6746
13200
27696
8436
25711
15263
15451
9647
27592
1330
24581
23494
32643
23615
1885
13948
31333
21194
21866
397
6860
2311
6047
2671
5861
16575
7087
28376
16671
16372
6051
13440
20704
18120
22569
3624
9078
7323
10543
29147
2384
30836
11440
25716
29550
18594
5070
7776
5398
7587
28194
28069
19913
15428
848
31011
28533
6922
27358
18714
13548
20177
22086
14573
31893
10931
16713
13862
7009
5931
31879
28857
23553
25722
17997
24717
32343
7242
26030
17464
19242
5778
31701
32011
4125
21945
32665
27726
6114
28158
5970
13772
29355
31767
17643
2963
8929
28440
6201
26357
537
10647
23435
21202
29252
15886
28291
11034
12069
19072
17188
30093
21513
14176
12587
14277
27058
23982
5027
28279
4244
22627
25780
2550
6980
1295
19388
5112
11565
30657
20897
25245
12677
26151
12133
31917
15999
19958
27386
4897
14530
23180
13912
13286
19227
19925
17614
6621
1646
28779
2709
15910
15859
19713
6827
3742
29598
15105
5854
28070
26847
31860
26151
24359
10124
29475
9530
1747
5916
12539
1371
23469
29205
26550
3443
13515
12231
31672
29027
