1000
52
102
145
146
149
152
157
169
211
213
223
242
250
367
369
397
492
537
546
551
568
581
611
704
711
774
808
848
858
917
1028
1086
1105
1178
1190
1276
1295
1330
1341
1371
1384
1441
1503
1548
1552
1637
1646
1711
1731
1747
1832
1885
1990
2011
2029
2059
2071
2081
2084
2270
2311
2337
2375
2384
2393
2422
2448
2542
2550
2618
2654
2671
2690
2690
2707
2709
2713
2719
2733
2740
2747
2760
2789
2824
2858
2867
2879
2901
2963
2968
3012
3024
3032
3035
3082
3090
3106
3138
3237
3269
3281
3286
3296
3304
3314
3326
3331
3341
3360
3360
3417
3443
3538
3543
3573
3588
3594
3624
3640
3742
3774
3800
3974
4013
4015
4056
4083
4109
4121
4125
4161
4212
4244
4279
4333
4362
4394
4419
4437
4483
4502
4524
4569
4600
4606
4648
4658
4748
4757
4774
4871
4897
4928
4967
5004
5023
5027
5028
5043
5055
5070
5111
5112
5120
5194
5203
5204
5249
5362
5398
5410
5487
5509
5586
5587
5651
5681
5778
5790
5854
5861
5873
5916
5922
5931
5946
5968
5970
5974
5989
6018
6047
6051
6114
6153
6164
6201
6214
6214
6258
6483
6490
6511
6518
6539
6570
6572
6596
6620
6621
6636
6652
6687
6698
6736
6746
6749
6787
6790
6790
6827
6860
6882
6888
6922
6976
6980
7009
7087
7129
7161
7242
7244
7278
7323
7340
7370
7399
7559
7587
7625
7656
7666
7670
7702
7730
7738
7760
7775
7776
7830
7860
7939
7943
7946
7968
7986
8066
8079
8091
8170
8219
8279
8286
8303
8311
8332
8351
8436
8440
8467
8581
8582
8599
8681
8745
8805
8815
8842
8868
8896
8929
8967
9049
9078
9125
9129
9132
9142
9195
9313
9318
9402
9417
9492
9499
9530
9586
9614
9647
9682
9697
9744
9747
9786
9886
9982
9989
10124
10160
10171
10188
10204
10263
10293
10307
10331
10463
10464
10482
10543
10599
10610
10620
10621
10647
10734
10827
10840
10931
10967
10975
11034
11073
11107
11159
11166
11286
11337
11373
11427
11440
11473
11489
11565
11588
11661
11681
11693
11726
11751
11755
11922
12009
12069
12097
12133
12208
12212
12231
12317
12354
12377
12392
12459
12535
12537
12538
12539
12587
12605
12609
12610
12627
12677
12681
12777
12885
12961
12989
13027
13041
13116
13200
13211
13248
13248
13257
13266
13266
13286
13296
13319
13321
13380
13440
13442
13461
13471
13480
13515
13548
13622
13631
13634
13635
13637
13772
13862
13867
13912
13919
13948
13986
13997
14021
14088
14117
14176
14234
14234
14239
14255
14277
14374
14394
14530
14573
14622
14634
14666
14679
14690
14738
14760
14821
14993
15057
15076
15095
15100
15105
15132
15149
15212
15263
15373
15381
15417
15428
15444
15451
15462
15494
15506
15552
15562
15581
15603
15616
15623
15676
15703
15738
15763
15786
15816
15859
15874
15886
15889
15910
15916
15923
15999
16093
16198
16205
16230
16346
16372
16390
16414
16471
16482
16491
16575
16598
16615
16658
16671
16700
16710
16713
16726
16734
16789
16790
16819
16857
16906
16913
17110
17140
17153
17188
17196
17257
17343
17379
17381
17395
17427
17464
17492
17498
17542
17598
17614
17643
17743
17779
17808
17821
17917
17921
17927
17928
17997
18005
18024
18026
18060
18061
18085
18120
18159
18197
18245
18248
18260
18295
18335
18361
18362
18365
18510
18524
18537
18547
18578
18590
18594
18605
18659
18668
18714
18791
18822
18857
18969
19007
19020
19023
19028
19072
19075
19099
19129
19139
19192
19227
19242
19243
19378
19388
19404
19486
19514
19534
19555
19579
19626
19672
19688
19713
19717
19729
19758
19765
19832
19885
19888
19904
19913
19925
19958
19959
19981
19996
20018
20034
20052
20053
20082
20121
20170
20177
20178
20205
20228
20296
20511
20524
20527
20537
20602
20616
20630
20633
20640
20648
20704
20725
20826
20844
20858
20897
20907
20939
20939
20946
20980
21047
21128
21162
21174
21194
21202
21207
21261
21351
21370
21372
21437
21459
21478
21513
21516
21520
21640
21643
21732
21737
21741
21761
21764
21768
21786
21814
21822
21839
21865
21866
21922
21944
21945
21984
21996
22086
22134
22190
22211
22238
22272
22284
22287
22298
22363
22437
22521
22569
22576
22627
22629
22668
22723
22782
22785
22794
22809
22851
22875
22908
22929
23005
23079
23126
23145
23180
23190
23281
23340
23435
23469
23494
23505
23532
23536
23553
23575
23580
23609
23610
23615
23618
23633
23756
23757
23783
23806
23810
23830
23832
23874
23897
23943
23963
23982
24004
24041
24042
24055
24056
24113
24203
24249
24258
24286
24289
24304
24359
24392
24423
24432
24443
24474
24516
24567
24581
24717
24746
24748
24752
24961
24975
24976
25009
25128
25245
25282
25285
25369
25387
25470
25534
25554
25584
25591
25612
25620
25625
25658
25711
25716
25722
25725
25780
25786
25801
25818
25945
25964
25996
26019
26030
26151
26151
26164
26165
26169
26357
26420
26446
26550
26556
26681
26695
26709
26718
26835
26847
26848
26864
26926
26976
27041
27043
27058
27117
27152
27166
27261
27302
27313
27358
27359
27362
27370
27386
27426
27450
27457
27464
27491
27491
27592
27636
27674
27696
27726
27727
27737
27792
27801
27812
27821
27835
27875
28008
28012
28050
28069
28070
28111
28145
28158
28174
28192
28194
28214
28227
28238
28273
28275
28279
28291
28297
28325
28346
28350
28353
28376
28377
28440
28443
28485
28493
28497
28533
28550
28550
28640
28712
28712
28755
28779
28792
28857
28944
29027
29043
29105
29131
29137
29147
29205
29252
29318
29320
29342
29355
29386
29438
29445
29449
29470
29474
29475
29529
29550
29593
29598
29704
29732
29782
29878
29924
29988
30005
30087
30093
30101
30124
30159
30239
30274
30416
30462
30505
30522
30524
30557
30564
30577
30616
30657
30683
30688
30703
30804
30836
30854
31011
31057
31071
31073
31085
31127
31134
31166
31235
31253
31271
31317
31333
31384
31391
31394
31411
31440
31481
31506
31526
31583
31638
31672
31682
31688
31696
31698
31701
31707
31710
31710
31767
31791
31860
31862
31879
31884
31893
31917
32011
32059
32091
32146
32161
32161
32164
32167
32170
32233
32279
32300
32343
32363
32367
32368
32417
32426
32465
32518
32533
32571
32577
32643
32647
32665
32670
