1000
3530
3243
3684
3725
3326
3007
3706
3096
3107
3278
3839
3389
3271
3134
3918
3077
3545
3970
3727
3288
3098
3026
3627
3001
3143
3020
3424
3749
3019
3273
3695
3220
3958
3569
3002
3054
3462
3247
3304
3225
3314
3756
3711
2983
3205
3367
3179
3802
3024
3879
3029
3965
3465
3560
3357
3606
3135
3082
3708
3123
3769
3500
3174
3411
3691
2988
3662
3632
3676
3195
3516
3310
3191
3645
3432
3229
3419
3714
3655
3194
3154
3426
3407
3216
3293
2986
3622
3213
3338
3914
3497
3743
3056
3397
3072
3113
3948
3641
3649
3438
3118
3653
3868
3409
3035
3337
3075
3394
3100
3388
3642
3311
3094
3867
3949
3656
3023
3835
3944
3776
3374
3551
3087
3699
3196
3306
3690
3421
3182
3214
3281
3448
3697
3137
3514
3188
3104
3399
3445
3841
3901
2985
3069
3837
3698
3005
3674
3065
3576
3570
3468
3753
3121
3450
3110
3707
3219
3283
3767
3291
3251
3546
3950
3619
2984
3270
3447
3385
3146
3109
3300
3120
3336
3624
2990
3147
3617
3393
3412
3079
3798
3738
3733
3294
3742
3800
3317
3894
3967
3167
3335
3332
3945
3233
3928
3911
3790
3197
3000
3066
3625
3669
3238
3963
3101
3354
3245
3185
3571
3403
3339
3634
3347
2987
3887
3248
3574
3954
3132
3705
3267
3234
3102
3651
3961
3433
3613
3012
3223
3207
3366
3675
3033
3212
2991
3228
2989
3321
3773
3590
3296
3322
3824
3124
2998
3777
3897
3350
3380
3501
3176
3324
3852
3480
3938
3470
3138
3549
3488
3878
3797
3973
3934
3479
3236
2979
3093
3580
3246
3250
3648
3611
3947
3862
3122
3230
3694
3139
3044
3827
3258
3280
3116
3633
3774
3377
3371
3140
3290
3498
3268
3269
3628
3702
3200
3346
3825
3218
3647
3735
3091
3292
3518
3467
3884
3917
3027
3915
3548
3905
3913
3410
3710
3533
3553
3719
3064
3221
3495
3511
3430
3693
3779
3638
3203
3853
3235
3390
3876
3629
3422
3458
3670
3048
2995
3158
3047
3859
3117
3187
3540
3539
3279
3635
3095
3542
3323
3062
3420
3842
3241
3875
3166
3475
3217
3781
3362
3364
3745
3504
3416
3974
3275
3341
3507
3406
3415
3718
3765
3190
3729
3070
3946
3298
3343
3888
3789
3764
3032
3562
3685
3437
3189
3476
3334
3125
3168
3253
3586
3494
3610
3466
3872
3612
3372
3525
3478
3085
3382
3355
3265
3775
3474
3744
3276
3667
3349
3519
3386
3818
3579
3840
3427
3142
3654
3594
3523
3042
3119
3071
3405
3746
3400
3592
3603
3396
3202
3486
3778
3471
3431
3028
3131
3768
3626
3906
3206
3081
3061
3513
3345
3935
3637
3435
3342
3522
2993
3193
3183
3512
3834
3003
3151
3376
3477
3787
3616
3809
3869
3356
3766
3439
3440
3858
3565
3264
3423
3284
3022
3792
3177
3436
3747
3969
3209
3850
3454
3443
3108
3855
3535
3446
3320
3556
3186
3463
3863
3038
3369
3383
3962
3309
3404
3799
3472
3528
3687
3157
3877
3330
3444
3734
3484
3736
3482
3483
3307
3870
3924
2992
3429
3227
3956
3517
2981
3242
3455
3175
3923
3068
3609
3361
3370
3666
3836
3503
2980
3844
3854
3783
3097
3646
3912
3754
3665
3313
3596
3040
3106
3678
3259
3145
3325
3975
3254
3661
3052
3688
3487
3018
3473
3428
3558
3363
3010
3111
3285
3184
3491
3537
3538
3398
3552
3874
3910
3543
3720
3882
3063
3272
3286
3943
3722
3025
3663
3178
3554
3555
3585
3030
3493
3173
3589
3164
3599
3550
3502
3805
3871
3358
3952
3826
3889
3315
3004
3873
3508
3959
3909
3461
2997
3794
3784
3009
3240
3583
3652
3566
3198
3078
3327
3639
3328
3499
3883
3161
3277
3816
3770
3359
3937
3926
3076
3849
3793
3239
3162
3331
3302
3607
3608
3211
3368
3786
3597
3907
3614
3615
3261
3972
3966
3099
3728
3391
3820
2982
3686
3378
3856
3408
3459
3231
3823
3677
3057
3898
3360
3785
3418
3680
3955
3312
3822
3046
3034
3114
3896
3750
3509
3957
3848
3442
3904
3582
3584
3170
3413
3604
3752
3244
3050
3812
3660
3136
3547
3353
3658
3664
3059
3932
3755
3015
3204
3451
3672
3673
3088
3237
3737
3631
3457
3572
3671
3929
3260
3006
3163
3724
3505
3303
3795
3105
3126
3696
3014
3922
3600
3008
3192
3133
3252
3289
3171
3682
3679
3780
3348
3051
3591
3709
3036
3256
3791
3808
3181
3521
3890
3817
3297
3681
3090
3581
3544
3971
3402
3919
3968
3782
3481
3199
3845
3865
3730
3731
3149
3866
3561
3155
3772
3703
3159
3623
3807
3741
3892
3851
3073
3152
3305
3379
3089
3329
3224
3092
3180
3536
3425
3153
3055
3129
3758
3759
3630
3761
3762
3041
3524
3021
3115
3933
3299
3621
3112
3771
3796
3668
3510
3045
3282
3414
3916
3701
3226
3333
3452
3575
3925
3813
3460
3352
3392
3141
3365
3683
3340
3602
3593
3373
3401
3520
3086
3301
3942
3017
3843
3274
3215
3899
3564
3740
3721
3559
3049
3128
3886
3801
3814
3815
3058
3715
3387
3534
3751
3595
3930
3760
3456
3895
3150
3434
3067
3659
3127
3831
3832
2994
3810
3210
3806
3130
3829
3375
3441
3976
3295
3527
3931
3847
3031
3588
3860
3601
3453
3739
3563
3172
3013
3713
3156
3936
3644
2978
3532
3492
3577
3464
3011
3506
3857
3953
3515
3449
3732
3620
3803
3788
3043
3037
3811
3084
3496
3144
3880
3881
3557
3903
3748
3160
3838
3395
3318
3605
3266
3960
3804
3526
3902
3039
3712
3417
3255
3316
3643
3891
3700
3726
3074
3573
3900
3757
3384
3287
3053
3598
3262
3578
3636
3819
3208
3716
3640
3927
3920
3921
3257
3717
3319
3201
3861
3222
3489
3249
3908
3567
3689
3541
3469
3490
3568
3657
3964
3939
3940
3951
3351
3529
3650
3830
3531
3846
3828
3148
3083
3941
3885
3864
3485
3381
3833
3893
2996
3060
3587
3821
3103
3704
3232
3344
3169
3263
3165
3763
2999
3618
3016
3080
3308
3692
3723
3977
