100
22870
22869
22868
22867
22866
22865
22864
22863
22862
22861
22860
22859
22858
22857
22856
22855
22854
22853
22852
22851
22850
22849
22848
22847
22846
22845
22844
22843
22842
22841
22840
22839
22838
22837
22836
22835
22834
22833
22832
22831
22830
22829
22828
22827
22826
22825
22824
22823
22822
22821
22820
22819
22818
22817
22816
22815
22814
22813
22812
22811
22810
22809
22808
22807
22806
22805
22804
22803
22802
22801
22800
22799
22798
22797
22796
22795
22794
22793
22792
22791
22790
22789
22788
22787
22786
22785
22784
22783
22782
22781
22780
22779
22778
22777
22776
22775
22774
22773
22772
22771
