100
22859
22776
1000
22792
22777
22771
22808
22800
22793
22784
22778
22772
22816
22812
22809
22804
22801
22796
22794
22788
22785
22780
22779
22774
22773
22818
22817
22814
22813
22810
22840
22806
22805
22802
22836
22798
22797
22795
22832
22790
22789
22786
22828
22782
22781
22825
22824
22775
22822
22820
22865
22819
22845
22858
22844
22815
22843
22857
22842
22811
22841
22856
22864
22807
22839
22855
22838
22803
22837
22854
22863
22799
22835
22853
22834
22867
22833
22852
22862
22791
22831
22851
22830
22787
22829
22850
22861
22783
22827
22849
22826
22866
22869
22848
22860
22870
22823
22847
22868
22846
