1000
5684
20303
17672
1071
7028
30310
26241
10695
8672
15816
16296
21169
17225
22868
28908
10604
7366
23576
16950
4877
2214
23154
19580
644
13480
30580
24979
4384
26735
24973
9796
86
4144
614
4771
2238
24494
26123
19612
6750
8552
7499
4303
29227
1552
8033
7582
10445
2112
28372
21635
7843
14441
1435
1447
26887
1292
19589
6577
9427
21292
8664
3548
21027
31491
13112
30285
7517
31988
11979
31395
14703
705
3995
207
12120
254
2364
31270
18154
3269
22190
1716
27854
14764
28804
25300
14792
5108
28230
21246
32572
2819
5909
479
31986
24596
25997
1199
9238
27950
752
31167
2947
22610
32128
30033
31041
1785
15916
12461
9547
26046
367
12145
6550
22615
22390
20265
21328
26057
28545
29983
2405
29916
12939
20085
15432
11469
28973
22128
29424
20036
10432
5911
18721
6277
9154
22525
13036
3818
31098
12123
6521
12945
12511
10593
13572
1106
2743
31182
18470
25332
14076
27583
8278
6560
31107
964
32687
12949
480
2105
21492
25118
31364
25556
24273
7617
4904
5754
13155
13242
2671
10327
11515
30376
31430
21293
17183
20869
28303
21996
24274
22491
32640
9860
5398
9781
1349
30199
27310
9940
5997
15026
1320
3748
26243
13597
27931
9839
12411
8817
17838
13391
21585
4554
7513
6505
18668
3965
15344
30680
31560
6827
4573
29928
22484
6422
11436
27525
793
15668
21710
8947
1437
4738
14486
23999
28423
9243
18568
21749
13443
29065
10451
29587
20072
9691
23580
26174
22809
17655
2941
21300
15657
17202
4046
20098
8898
15134
8227
24183
13383
13731
18837
9304
29752
14418
5190
32085
10838
3573
31135
12220
11272
32107
4060
30829
1022
25267
3787
3214
15636
24134
4560
25471
21625
3754
15149
23824
5904
2116
7296
6130
28182
32622
2189
3180
24326
22729
12862
16207
17081
5076
15592
8492
30674
17342
8656
28100
5209
2681
3822
8128
23206
18960
8945
19619
30081
58
10883
31996
16263
47
17101
21728
6608
32442
1342
8343
5582
9360
8328
6550
30328
6880
748
30637
19624
17963
31160
8834
12994
9046
27150
5950
27543
31486
1766
22150
26761
24331
10326
28333
31471
9864
10258
30248
13499
23474
26415
2626
15450
20558
24876
9745
6107
19520
28722
26024
13140
2650
9883
2446
9857
30578
25010
20079
32175
26551
31161
27922
2520
13893
13105
22155
31760
758
21845
178
20511
635
2536
22227
19056
5292
27184
8871
3370
5405
23875
387
2204
6642
11137
14800
19166
5364
27490
1211
29365
2788
11122
8237
18872
21775
32153
15614
18865
8482
18336
7526
4422
9024
31985
30644
3033
11858
9630
28994
20652
9886
22181
17832
32073
668
32627
28208
3873
19972
12454
23946
115
25388
16407
9153
11375
20113
28184
3694
16028
4275
28666
6444
12663
12839
979
16971
8285
24039
29053
6089
28842
30188
7394
4221
5667
22015
3447
1430
30353
14540
3847
24644
12463
29496
20402
20405
19014
31220
7989
6979
2455
25938
13164
25836
32249
26456
5653
28674
31683
26644
8150
16419
3948
15406
9346
9324
11249
10692
13464
746
6263
12145
6156
30801
24882
16815
26186
8177
20357
29280
24441
6117
11627
13991
27388
5518
22549
16124
24383
7744
26069
5504
30384
14394
25402
30349
5643
10204
27517
6034
18395
3348
8219
20510
4414
29978
17348
22842
1000
13405
31860
5884
12650
7357
224
8281
25524
25594
13587
31035
16089
20076
31321
13011
12307
29173
13916
26161
19975
9525
21901
15634
3658
28412
19653
31993
29731
2565
24108
18561
7315
20705
9563
2801
19346
9777
11965
16913
24220
11544
7739
6716
18540
26096
10520
4279
31240
828
26393
4161
23805
2782
16106
15339
17132
6027
29117
23594
28229
20091
2612
8747
6227
23909
12929
13670
6265
5290
13772
16246
4283
29137
12500
27176
17279
11827
13786
978
30357
9719
26555
15846
1910
11073
20572
14790
5321
6567
30282
22490
24876
15845
30114
31969
21296
26065
8239
16772
13989
11409
26835
16433
8985
22283
7720
29990
11163
21661
14438
25804
15301
14350
16008
31815
17913
15557
1706
24651
9962
11321
21942
7729
25182
14249
8767
29514
7475
6669
32429
7795
30880
5708
28315
28649
12990
9647
11133
2911
12359
27286
7302
4174
21405
15210
1481
7309
17678
22994
12958
23841
4182
10794
8007
8534
15205
32561
26067
9231
14947
19969
29251
32602
25842
24133
16876
32327
20659
19110
12828
16635
13579
25990
8704
26368
15399
22001
27589
13279
25917
208
30974
25073
23573
4704
30278
6002
27081
15331
27174
12759
25289
31126
13113
23393
13857
29922
12685
7923
511
22230
8013
28193
20847
7893
23709
19849
26474
20876
12998
7014
15119
5159
21139
9314
2352
1989
4603
31404
7952
31017
11519
17227
17003
14514
3542
28082
23223
11917
24648
2452
16298
32553
29784
12025
20732
21483
13349
11410
15214
7204
12562
28745
3851
23104
3109
24093
2734
20800
15789
2349
16580
9834
40
786
31059
19262
25187
13682
30012
17325
17635
31186
30397
7302
18052
25516
13113
9777
25696
28866
4668
18335
20722
5041
23994
32129
18044
19657
18327
22968
22693
17692
26732
5901
2407
8149
7049
5411
9512
30156
23606
20649
10791
12119
2111
11220
16154
12386
11183
6925
32022
2754
14811
2535
4270
10950
22434
3155
30303
12815
6900
12311
22060
29858
25489
636
17029
19516
12563
7751
24173
13798
6703
21995
11996
28104
18744
19965
7010
32066
8676
7144
25102
28473
29779
15586
654
7855
24909
31007
25751
21399
21452
1860
15752
8679
13242
1054
31050
16110
13819
4756
10874
16616
28078
14298
17866
31952
688
18408
11428
30325
12642
30251
19217
5840
30637
24186
19674
7317
4931
6731
11757
31496
13607
13863
10753
6930
3695
7003
20349
12948
6729
16881
14742
9723
18748
16094
13752
10261
29104
637
22568
3107
10673
23356
17383
32303
28144
4246
10713
5535
14858
10817
17190
30219
30221
14248
19169
29260
23865
11163
15080
26069
16899
8261
20491
14407
21344
5983
6512
16191
18239
2724
5941
29298
3671
24709
11352
9725
29988
6429
26580
16118
22060
18279
26893
5703
16775
10927
25454
32188
15774
31814
1361
7002
1331
17786
17951
3827
26274
20933
24504
5623
10342
4421
30485
8589
5854
32620
14380
4834
8017
25081
26899
4545
7217
