1000
40
47
58
86
115
178
207
208
224
254
367
387
479
480
511
614
635
636
637
644
654
668
688
705
746
748
752
758
786
793
828
964
978
979
1000
1022
1054
1071
1106
1199
1211
1292
1320
1331
1342
1349
1361
1430
1435
1437
1447
1481
1552
1706
1716
1766
1785
1860
1910
1989
2105
2111
2112
2116
2189
2204
2214
2238
2349
2352
2364
2405
2407
2446
2452
2455
2520
2535
2536
2565
2612
2626
2650
2671
2681
2724
2734
2743
2754
2782
2788
2801
2819
2911
2941
2947
3033
3107
3109
3155
3180
3214
3269
3348
3370
3447
3542
3548
3573
3658
3671
3694
3695
3748
3754
3787
3818
3822
3827
3847
3851
3873
3948
3965
3995
4046
4060
4144
4161
4174
4182
4221
4246
4270
4275
4279
4283
4303
4384
4414
4421
4422
4545
4554
4560
4573
4603
4668
4704
4738
4756
4771
4834
4877
4904
4931
5041
5076
5108
5159
5190
5209
5290
5292
5321
5364
5398
5405
5411
5504
5518
5535
5582
5623
5643
5653
5667
5684
5703
5708
5754
5840
5854
5884
5901
5904
5909
5911
5941
5950
5983
5997
6002
6027
6034
6089
6107
6117
6130
6156
6227
6263
6265
6277
6422
6429
6444
6505
6512
6521
6550
6550
6560
6567
6577
6608
6642
6669
6703
6716
6729
6731
6750
6827
6880
6900
6925
6930
6979
7002
7003
7010
7014
7028
7049
7144
7204
7217
7296
7302
7302
7309
7315
7317
7357
7366
7394
7475
7499
7513
7517
7526
7582
7617
7720
7729
7739
7744
7751
7795
7843
7855
7893
7923
7952
7989
8007
8013
8017
8033
8128
8149
8150
8177
8219
8227
8237
8239
8261
8278
8281
8285
8328
8343
8482
8492
8534
8552
8589
8656
8664
8672
8676
8679
8704
8747
8767
8817
8834
8871
8898
8945
8947
8985
9024
9046
9153
9154
9231
9238
9243
9304
9314
9324
9346
9360
9427
9512
9525
9547
9563
9630
9647
9691
9719
9723
9725
9745
9777
9777
9781
9796
9834
9839
9857
9860
9864
9883
9886
9940
9962
10204
10258
10261
10326
10327
10342
10432
10445
10451
10520
10593
10604
10673
10692
10695
10713
10753
10791
10794
10817
10838
10874
10883
10927
10950
11073
11122
11133
11137
11163
11163
11183
11220
11249
11272
11321
11352
11375
11409
11410
11428
11436
11469
11515
11519
11544
11627
11757
11827
11858
11917
11965
11979
11996
12025
12119
12120
12123
12145
12145
12220
12307
12311
12359
12386
12411
12454
12461
12463
12500
12511
12562
12563
12642
12650
12663
12685
12759
12815
12828
12839
12862
12929
12939
12945
12948
12949
12958
12990
12994
12998
13011
13036
13105
13112
13113
13113
13140
13155
13164
13242
13242
13279
13349
13383
13391
13405
13443
13464
13480
13499
13572
13579
13587
13597
13607
13670
13682
13731
13752
13772
13786
13798
13819
13857
13863
13893
13916
13989
13991
14076
14248
14249
14298
14350
14380
14394
14407
14418
14438
14441
14486
14514
14540
14703
14742
14764
14790
14792
14800
14811
14858
14947
15026
15080
15119
15134
15149
15205
15210
15214
15301
15331
15339
15344
15399
15406
15432
15450
15557
15586
15592
15614
15634
15636
15657
15668
15752
15774
15789
15816
15845
15846
15916
16008
16028
16089
16094
16106
16110
16118
16124
16154
16191
16207
16246
16263
16296
16298
16407
16419
16433
16580
16616
16635
16772
16775
16815
16876
16881
16899
16913
16950
16971
17003
17029
17081
17101
17132
17183
17190
17202
17225
17227
17279
17325
17342
17348
17383
17635
17655
17672
17678
17692
17786
17832
17838
17866
17913
17951
17963
18044
18052
18154
18239
18279
18327
18335
18336
18395
18408
18470
18540
18561
18568
18668
18721
18744
18748
18837
18865
18872
18960
19014
19056
19110
19166
19169
19217
19262
19346
19516
19520
19580
19589
19612
19619
19624
19653
19657
19674
19849
19965
19969
19972
19975
20036
20072
20076
20079
20085
20091
20098
20113
20265
20303
20349
20357
20402
20405
20491
20510
20511
20558
20572
20649
20652
20659
20705
20722
20732
20800
20847
20869
20876
20933
21027
21139
21169
21246
21292
21293
21296
21300
21328
21344
21399
21405
21452
21483
21492
21585
21625
21635
21661
21710
21728
21749
21775
21845
21901
21942
21995
21996
22001
22015
22060
22060
22128
22150
22155
22181
22190
22227
22230
22283
22390
22434
22484
22490
22491
22525
22549
22568
22610
22615
22693
22729
22809
22842
22868
22968
22994
23104
23154
23206
23223
23356
23393
23474
23573
23576
23580
23594
23606
23709
23805
23824
23841
23865
23875
23909
23946
23994
23999
24039
24093
24108
24133
24134
24173
24183
24186
24220
24273
24274
24326
24331
24383
24441
24494
24504
24596
24644
24648
24651
24709
24876
24876
24882
24909
24973
24979
25010
25073
25081
25102
25118
25182
25187
25267
25289
25300
25332
25388
25402
25454
25471
25489
25516
25524
25556
25594
25696
25751
25804
25836
25842
25917
25938
25990
25997
26024
26046
26057
26065
26067
26069
26069
26096
26123
26161
26174
26186
26241
26243
26274
26368
26393
26415
26456
26474
26551
26555
26580
26644
26732
26735
26761
26835
26887
26893
26899
27081
27150
27174
27176
27184
27286
27310
27388
27490
27517
27525
27543
27583
27589
27854
27922
27931
27950
28078
28082
28100
28104
28144
28182
28184
28193
28208
28229
28230
28303
28315
28333
28372
28412
28423
28473
28545
28649
28666
28674
28722
28745
28804
28842
28866
28908
28973
28994
29053
29065
29104
29117
29137
29173
29227
29251
29260
29280
29298
29365
29424
29496
29514
29587
29731
29752
29779
29784
29858
29916
29922
29928
29978
29983
29988
29990
30012
30033
30081
30114
30156
30188
30199
30219
30221
30248
30251
30278
30282
30285
30303
30310
30325
30328
30349
30353
30357
30376
30384
30397
30485
30578
30580
30637
30637
30644
30674
30680
30801
30829
30880
30974
31007
31017
31035
31041
31050
31059
31098
31107
31126
31135
31160
31161
31167
31182
31186
31220
31240
31270
31321
31364
31395
31404
31430
31471
31486
31491
31496
31560
31683
31760
31814
31815
31860
31952
31969
31985
31986
31988
31993
31996
32022
32066
32073
32085
32107
32128
32129
32153
32175
32188
32249
32303
32327
32429
32442
32553
32561
32572
32602
32620
32622
32627
32640
32687
