1000
2011
11693
30525
20454
12938
24246
20509
915
21979
19963
14822
21937
3679
22
22491
2368
19620
14000
27407
2268
1893
10729
13875
2883
24062
28922
21420
24850
16162
24089
12777
20431
26576
20894
10739
7724
20099
18531
25669
13706
20138
10608
32735
31933
10327
5848
12182
20495
10299
17886
16814
14983
3026
8796
17834
21611
30171
16742
17507
27395
1803
26410
15960
21920
28418
9242
25669
7133
2430
19790
15863
20773
23503
21539
13150
18805
1675
16681
11236
2915
32642
22076
14333
9056
10228
7152
30975
15418
4866
24115
15157
8421
4195
23597
30254
2938
20312
12139
10075
25984
11746
11837
15066
23915
2098
19804
30348
30050
7265
17616
7021
28485
22113
31761
12581
14831
6196
365
12250
17336
21083
4265
31817
22078
146
27883
27157
24422
24250
4568
14430
19357
27159
32761
15510
21860
699
10339
12176
28171
16706
15255
20698
9148
21696
24487
21581
10428
31992
4506
19938
24558
29903
13842
4040
4761
24832
7468
11955
13162
5904
32168
8310
21181
20613
11082
10452
10264
7763
3199
2195
21752
12439
4932
8915
17617
18055
15684
3230
20048
23209
24384
15040
31203
24388
16308
16857
4475
7957
17592
23728
23953
5698
14628
11466
13159
22420
27895
26940
14480
20960
13562
28605
32690
2502
3488
27647
25227
7070
25905
2368
15666
6576
20775
25116
28319
6819
13017
8869
17006
3129
3926
4277
10208
7737
7828
28291
23075
22956
21962
27509
24019
14411
28954
5941
30656
20537
16499
2823
242
26606
15286
15706
15338
1651
8727
13212
3883
21461
10439
1619
18681
24020
31952
27498
20577
5339
7232
15048
26489
5429
19081
8488
25321
4221
9256
29988
31402
27478
5509
25234
6158
25437
14618
24596
17665
20828
24792
8939
8334
23489
20166
1292
31909
11598
24812
4470
2331
1041
13423
10946
12274
11415
1021
32764
1755
15709
17771
17329
31225
9863
19101
22857
5096
27092
27047
27799
1790
3794
28721
10159
23504
10062
26144
31480
26872
30735
25459
11138
30742
6596
32106
7065
15381
9786
3822
410
31920
17874
24621
261
6964
12595
29061
22996
21639
31548
28067
8715
25705
14140
1772
15761
28154
20326
17435
2110
19836
8063
44
26165
14171
10202
8570
11892
18538
27782
19492
9129
27504
21702
5044
28487
14307
7873
28675
21210
11763
15227
31063
920
29643
9988
12239
25656
30739
4336
20993
4359
7609
26886
1761
29240
21745
9277
24293
18555
17786
19940
28774
26578
28195
14624
4938
5280
23951
26267
32736
14083
26677
29307
21771
22628
32682
7825
18851
8013
3875
19667
3352
15738
310
32269
7000
1074
21216
10451
2035
4824
22476
31930
1149
21437
5074
26056
9781
15160
19903
25640
12003
31993
16212
3106
23815
11162
1681
16971
1839
30327
15411
2041
1705
31168
21371
27642
13658
21708
10033
29574
750
31408
22505
3953
25906
28945
24453
29093
10173
28982
32251
22224
24278
8033
25432
6234
402
19552
15109
6810
28477
30047
31817
27465
25595
30208
9232
9271
8367
8366
15339
26172
18972
12590
21079
114
17227
19830
18498
6049
1836
2243
6091
25083
17791
7398
30794
19210
18165
19934
912
5094
23699
11180
16496
17323
24152
9827
13950
31786
32031
10367
28438
1759
27591
11127
1952
11812
9104
31382
14611
13987
18376
6150
30904
3345
27816
30766
5681
31770
17785
1854
31417
32407
32250
11527
28077
519
17158
17169
588
11581
15986
12519
4795
32598
2613
8886
27723
23278
24267
3606
4351
20884
219
31016
12873
17274
12823
14305
18709
10097
10595
5029
28424
3861
22074
4376
23818
15173
29518
18481
13058
21719
11375
656
27872
7561
23470
5137
10465
11578
8642
8609
8974
3930
23979
19024
2567
21663
18325
26280
4350
27897
13054
21053
25350
24009
15387
29574
23438
10318
25720
30187
10280
29791
25312
27167
14224
21344
10876
16560
6633
12143
27966
21213
13897
15070
7553
28071
31096
29670
13033
4907
25077
4249
13969
26158
3386
26393
23141
29690
10817
9736
8140
20585
30023
28991
20875
14399
8400
14019
21734
11708
20459
20468
5639
17266
1463
17160
5028
2389
11814
14520
19933
20497
9217
31289
7267
13984
22573
2926
12255
13851
32300
13660
17042
8144
25062
5342
15416
16790
19114
410
19763
9309
3952
24883
17637
6409
16481
15041
10078
1921
2457
7806
17975
13314
13099
13761
24765
28346
25189
3889
3923
24978
86
31538
32273
28747
27022
3236
15025
24268
19237
4557
6572
12730
20735
6547
30368
32074
2381
22767
21493
5715
8535
1182
7616
22952
24442
29466
5095
32164
32364
6856
8071
8710
19912
16499
6034
4607
15302
27129
14525
27786
11337
26948
21657
9980
16672
4988
31743
7644
30597
30843
10418
10228
16106
11906
10816
24488
27894
1578
23081
5767
13002
15005
23363
10016
30600
29189
26717
6423
15382
8773
30243
19320
27679
11752
11330
6474
16475
19798
31180
11368
5649
6222
18653
29324
24538
17296
5503
26797
5031
26330
27595
12427
14853
24342
4433
9352
672
8402
23994
23993
518
3824
1708
24637
31918
10655
25326
25037
25401
10634
26829
24213
25591
23375
27582
28738
13741
20274
23876
7005
32662
12563
5396
1751
679
23709
25720
20965
26647
449
30961
31758
22815
28002
21024
4993
17407
19026
20198
7597
29249
28286
5579
28172
21569
2149
23708
24383
9709
16591
21336
8800
20682
9403
13902
6292
12088
27545
19327
27359
5366
28089
20297
21565
16616
24324
5191
20974
7192
8682
23155
11793
27132
18075
8589
6260
19959
2682
31425
16811
18977
27598
7556
11359
6987
9659
17343
10473
5694
10354
4399
12063
27204
24996
2571
2670
27882
26940
23784
3114
21251
26189
987
14369
31472
16457
221
8054
11295
28789
14707
23981
28626
1945
13710
27650
26402
15356
17839
16127
16963
5007
21584
25165
15625
32361
26240
1739
17579
30067
4045
14045
10952
29029
23910
9479
2471
19953
31873
18618
15811
27965
8187
15725
6279
12183
26942
6128
12374
4965
22632
9725
29134
4442
1962
19473
22094
2288
13805
30073
25525
20754
25788
19120
22893
16664
3422
8680
11945
17913
12610
24039
17898
22460
18849
12052
31176
25392
23134
27346
26351
31709
11313
27916
5992
27194
29188
14353
29466
27169
23965
18083
6544
11647
26494
17482
2300
30544
19977
8175
13948
25291
4072
11429
31645
