1000
32764
44
114
22
86
146
219
221
242
261
310
402
410
449
518
519
656
588
679
699
912
750
672
915
410
920
987
1021
1182
1292
1041
1074
1463
1578
1619
1149
1651
1675
1681
1739
1705
1751
1759
1755
1761
1772
1790
1708
1836
1839
1854
1893
1921
1945
365
1962
1803
1952
2011
2035
2110
2613
2041
2149
2288
3822
2243
2195
2300
2331
2381
2368
3230
2389
2368
2457
2471
2430
2571
2670
2823
2938
2883
3106
2502
3129
3026
2915
3114
3236
3345
3386
3352
3422
3488
3606
3679
2682
3824
3199
3794
3861
2567
4376
2098
3875
3923
3883
3930
3926
3953
4045
4040
4072
3952
4195
4249
4336
4277
4221
4350
4265
4351
4399
4442
4475
4433
4359
4470
3889
7644
2268
4506
4557
4795
4568
4607
4824
4866
4907
4932
4761
6049
4938
4965
4993
4988
5028
5044
5074
5031
5029
5095
5191
5096
5137
5280
5342
5339
5429
5681
5509
5396
5639
5579
5649
5694
5366
5698
5767
5904
6128
5848
5715
5941
5992
6034
6091
6150
6158
5007
6196
6222
6234
6260
6292
6423
6409
6572
6547
6576
6544
6596
6810
7065
6964
6856
7000
7005
7021
7070
6279
7556
6633
6987
7133
7192
7152
7232
7265
7398
7267
7553
7597
7468
7609
6819
8535
6474
7561
7724
7763
8013
7737
7616
7828
7825
7873
7957
8054
8071
8033
8140
8144
8187
8367
8334
8400
8175
8310
8421
8570
8488
8402
8609
8642
8366
8589
8680
8710
5503
8682
8727
8715
8796
8773
8915
8800
8869
8939
9056
9104
9129
9217
9232
8974
9148
9242
9256
8886
9271
9309
9352
9725
9403
9277
9709
9736
9659
9479
9781
2926
9786
9827
9980
10033
10016
9988
10075
10173
10097
10208
10078
10062
10228
10159
10228
10264
10202
10418
9863
10280
10299
10327
10318
10339
10354
10367
10439
11082
10451
10428
10452
10465
10595
10608
10634
10473
10655
10739
10817
10729
10816
10946
10876
11127
10952
11162
8063
11138
11180
11330
11313
11415
11295
11236
11337
11368
11375
7806
11359
11429
11466
11578
11763
11647
11598
11693
11746
11752
11581
12439
11527
11708
11837
11812
11793
11892
11906
12003
11945
11955
12088
12063
12139
12182
12239
12183
12590
12052
12143
12274
12563
12255
12250
12374
12427
12519
12581
11814
12595
12610
12730
12873
12823
13150
12938
12777
13002
13017
13159
13033
13058
13099
13162
12176
13212
13314
13423
13658
13660
13706
13562
13710
13741
13875
13851
13761
13897
13842
13902
13948
13805
13950
13969
13984
13987
14000
14019
14045
13054
14083
14140
14305
14333
14353
14224
14307
14399
14411
14430
14480
14171
14611
14369
14520
14525
14624
14628
14831
14822
14983
15005
14707
15066
14618
14853
15025
15040
15041
15109
15070
15160
15157
15173
15227
15286
15338
15255
15339
15356
15381
15048
15382
15387
15411
15416
15625
15418
15684
15666
15709
15510
15706
15725
15960
15863
16106
15811
15738
15986
15761
16127
16162
15302
16212
16308
16481
16457
16681
16499
16475
16499
16664
16591
16672
16616
16706
16496
17507
5094
16560
16742
16857
17227
16811
16814
16963
17158
17266
17006
17329
17169
17160
17296
17274
17336
17042
17617
16790
17323
17435
17482
17343
17637
17665
17592
17975
17785
17771
17786
17834
17886
17791
17913
17407
17898
18055
18075
18325
17616
18709
18083
18165
18498
18538
18531
18376
18618
18555
18681
18805
18653
18849
18851
17579
18972
18977
19024
19026
17839
19081
19101
19114
19120
16971
19934
18481
19210
19237
19357
19473
19320
19327
19763
19667
19790
19552
19492
19798
19830
19940
19933
19959
19912
19938
19953
19903
19963
19977
20048
20099
20138
19836
20198
19620
20166
20297
20312
20274
20431
20454
20459
20468
20497
20326
20495
20509
20682
20884
20613
20585
20828
20875
20773
20754
20894
20698
20960
20965
20775
20974
21024
20993
21079
21083
21213
21181
21053
21210
19804
21493
20577
21216
21251
21344
21336
21539
21420
21437
21461
21371
21565
21569
21639
21584
21657
21611
21663
20537
21581
21708
21745
21752
21734
21860
21920
21937
21962
21719
21979
22074
22078
21771
22767
21702
22076
22420
22224
23363
22113
22094
22476
22460
22491
22628
22857
22815
22893
22573
22632
23075
22952
23081
22505
23134
22956
22996
23209
23278
23155
23141
23375
23438
23470
23489
23504
21696
23597
20735
24850
17874
23503
23699
23708
23784
23709
23728
23876
23965
23915
23910
23953
23951
23981
23818
24152
23815
23979
24009
24019
24062
24115
24039
24089
24213
23994
24246
24250
23993
24621
24020
24267
24268
24383
24293
24342
24384
24388
24442
24324
24422
24453
24538
24596
24487
24558
24637
24792
24812
24488
24765
24832
24996
24883
25037
25083
25062
25077
25165
25189
25227
25234
24278
25116
25291
25312
25321
25392
25326
25401
25350
25720
25432
25437
25459
25525
25591
25595
25669
25656
25705
25640
25669
25720
25788
25984
26056
25905
26144
26165
26240
26172
26280
26267
26647
25906
26189
26351
26330
26402
26393
26410
26576
26494
26606
26717
26677
26829
26489
26872
26578
26797
26886
26940
26940
26942
26948
27022
27092
24978
31225
26158
27047
27129
27159
27157
27167
27169
27346
27132
27642
27194
27359
27395
27465
27591
27478
27407
27498
27504
27582
27509
27647
27598
27595
27679
27782
27786
27650
27723
27799
27545
27816
27883
27966
27894
27872
27895
28002
28071
28067
28077
27897
28605
27916
27965
28089
28172
28346
28154
28171
28286
28195
28418
28319
28291
28438
28477
28424
28485
28487
28626
27882
32364
27204
28675
28721
28774
29307
28738
28747
28789
28954
28982
29029
28991
29061
28922
29134
29188
29093
29249
28945
29903
29240
29189
29324
29466
29518
29574
29466
29643
29574
29690
29670
30525
29791
29988
30047
30368
30067
30023
30171
30243
30597
30208
30073
30327
30254
30348
30600
30656
30050
31993
30187
30544
30742
30843
30766
30904
30735
30961
31016
31203
30975
31063
31168
31176
30739
31180
31289
31402
31382
31425
31408
31472
31480
31548
30794
31709
31417
31538
31758
31770
31645
31786
31817
31873
31918
31817
31909
31920
31761
31933
31743
32598
31096
31930
31992
31952
32031
32074
32106
32164
32168
32251
32407
32250
32361
32273
32642
32269
32300
32662
32690
32735
32736
32682
32761
