1000
528
14348
13888
7454
15945
10982
16481
19178
29589
25906
16435
1939
12406
24630
7025
27962
1180
4788
15460
4436
29366
27504
12887
29520
13448
21740
13899
15993
1341
9846
26604
25373
26111
9828
22211
19183
4294
415
11180
11434
3437
23646
1675
17143
7435
24628
25659
27281
28544
27469
8391
27559
22350
17653
27101
29314
28587
31577
13695
31591
26836
20114
4348
13759
28323
19679
23583
8821
23908
1074
17574
29088
14565
27887
5621
25442
6604
29168
12556
12303
1325
14796
16567
15250
25180
5465
32260
6157
768
14191
6394
7104
29033
6639
6536
3628
31012
13316
19644
12408
7628
26025
4662
9491
29730
15468
7643
31387
4448
30065
462
24062
1227
24761
5276
14303
3976
2468
1974
14651
3760
18613
16933
6988
19367
8854
21369
5805
9897
6236
4866
21952
20389
19723
16195
26189
335
9309
12708
28267
29297
16063
31335
10404
29057
30365
30941
27476
24185
17119
17370
16210
30435
8884
30310
18898
10291
30350
13493
3466
23642
27246
32090
18196
29848
21857
6839
26772
26258
12874
18616
30874
12196
5603
25281
22602
4728
17919
11748
13498
21208
22034
4952
10139
25536
27890
24358
19228
15288
6111
22310
17675
17248
20162
15914
3389
4685
3506
6009
29489
28179
10172
15999
9968
16291
14052
9922
18743
29400
19815
22552
18136
29772
19523
31512
862
16752
761
2510
5872
16092
31890
30899
9080
18659
7648
27611
1284
12907
30982
19569
24940
9723
31291
21089
23349
7446
20938
22100
27573
25032
16221
32737
10360
20094
8828
9217
30691
16411
29777
26564
30999
28231
3758
31555
8984
7690
25681
214
24367
25243
3686
29831
8844
24690
21325
10182
19248
18084
2718
9566
17418
29296
618
4519
13408
28949
18884
23293
15985
21479
1152
20082
4441
2722
11323
25792
21044
14334
25244
23426
8326
13444
14552
28323
14811
13215
4220
17942
170
16118
31079
27591
27263
31737
12565
24018
6489
28602
10020
4340
9297
13567
11024
30526
21373
22677
10050
24337
21268
20455
3401
15942
8659
15823
22375
15789
16031
31147
17231
6329
22891
3252
10797
9593
2908
6539
6631
6346
23083
25109
5026
23244
2764
24457
5001
32658
1869
8391
17865
14366
23552
25324
3296
20364
4060
6179
15640
2189
23585
20670
12622
28439
1851
14981
7416
29275
26345
10829
16231
23288
19870
25549
23625
29038
26408
5038
7537
26837
18575
12257
16859
25039
14144
12853
15850
6587
27498
24873
12533
6699
20905
6910
21506
31896
4066
22289
17873
5717
20846
20840
22557
8386
7802
5259
16926
12738
17069
21909
23634
6255
1804
22154
18813
29196
17179
17131
12527
2874
2373
14984
28165
24943
29310
32406
22770
22693
19751
29953
3263
31055
13106
30212
20113
19089
19334
6134
31275
7344
15013
28007
6067
22472
1676
26987
32441
8893
29147
24118
10869
30323
4661
18921
9040
28994
9706
26028
8615
32420
27859
11005
19915
10033
2174
17223
16716
7374
10123
5559
11639
22305
86
26443
19229
21576
24279
16684
30614
20938
18886
4413
8966
4557
770
14580
29663
138
26419
32361
17319
19967
28846
5036
22780
20451
24986
10332
725
16351
22865
14709
30986
10747
22793
4970
9751
8023
31668
14964
15901
283
25893
11561
18217
30640
11379
13648
30393
27185
17826
15092
2172
2588
11904
19895
29274
18254
25294
22633
6580
16430
23456
13017
28141
552
7687
1515
3113
11869
7404
13803
20564
22168
29247
18209
30567
9860
13138
28838
14054
11549
25727
20854
28077
23141
20497
31685
20973
1368
17506
19095
16498
3617
32064
13707
4391
28814
15509
5879
5339
23234
22087
6202
8261
7210
13150
14414
18502
178
4197
8349
13167
27704
31506
15382
9411
19008
21289
17535
9150
9706
21149
14861
26006
32290
24824
31026
23488
10775
13822
25270
2998
25070
3981
18953
5112
16311
32456
7640
592
19616
4213
32478
24411
28264
21666
14589
4933
18711
2447
21133
2004
26861
28104
9716
11176
18584
32146
14710
15041
1962
8072
18767
28737
25929
1158
14335
1395
21288
16070
22758
8717
13495
21577
18704
8626
7831
20601
19026
21179
10833
6412
21654
4663
12871
2603
20851
26928
2539
7636
13825
3889
1582
8829
28395
30212
27196
17658
21189
17088
3174
29088
3744
22532
18271
20651
16604
21885
2988
25053
13886
12462
9558
31592
32066
19184
2530
12302
17331
10423
17026
24711
12920
11800
18061
31779
15281
1160
23085
13488
3843
3559
17752
10654
10287
2237
30465
20065
11242
18883
26767
4119
1769
11941
21902
32363
827
11782
7076
31673
18395
10436
22215
14451
30342
24702
3502
32195
23498
14164
645
2929
25952
7406
31717
3336
21179
19648
6659
27188
21473
16780
3112
30319
2682
552
14945
17372
8486
11137
14199
7539
27924
23520
3873
27743
19921
25452
17529
3236
16221
24049
5293
21765
21124
6623
20983
22053
32619
28822
27343
5356
1642
29664
29023
17452
21273
5311
14135
16773
5550
10090
20802
22918
1670
26770
6136
5908
2049
26601
30678
8720
6803
31717
9739
28980
22296
8897
3445
21310
25448
29894
1995
4945
5420
3016
14108
15512
14064
1011
4984
16684
9081
31176
237
2104
11096
10594
437
10075
30911
4862
22701
19277
26004
18618
12297
5062
30660
18845
6214
26267
30682
3544
29537
32298
21968
10315
8263
14073
20516
8523
31372
24730
4399
28323
607
5586
14003
11480
16574
24570
30643
32178
15334
10660
23687
12279
4110
17538
15663
5242
84
1668
31208
9300
5112
16961
8701
23666
5064
7832
31968
29264
31707
4503
10617
17923
13698
667
18366
13693
11644
22457
24708
13581
6761
29277
32660
20773
1921
24369
13314
32096
30598
15681
27322
21699
13303
8284
22364
12100
7303
29373
24394
12424
2766
6635
15103
13297
7741
25309
16802
14808
1111
31074
4826
14871
4382
28352
4837
32715
15308
5019
27876
29272
21444
10521
3961
28589
456
11588
22420
7113
26988
18096
23946
18813
32459
4957
6248
24692
25720
24286
19334
25714
26040
955
29279
473
24814
31765
7839
17265
13910
25992
31870
21864
3830
31830
29005
31128
4050
20929
2126
4361
19808
16824
8649
24247
4923
27574
6236
26517
21531
13032
20627
5073
22021
2446
26297
30042
28351
2979
28397
22432
25735
11456
31608
31899
18180
32062
23901
11022
21629
19099
21298
29197
16201
7966
