1000
138
170
84
178
86
214
283
335
415
456
462
473
528
552
552
607
618
645
592
667
761
725
768
770
827
437
862
237
955
1011
1111
1074
1152
1158
1160
1180
1341
1325
1368
1227
1515
1284
1582
1668
1642
1670
1675
1769
1851
1676
1869
1921
1804
1939
1395
1974
2004
2049
2104
1962
2172
2189
2373
2126
2446
2237
2447
2468
1995
2510
2530
2539
2682
2718
2722
2603
2766
2874
2908
2979
2929
2988
2998
3016
3112
2588
3113
3252
3236
3263
3174
3296
3336
2764
3389
3401
3437
2174
3445
3466
3506
3502
3544
3559
3617
3628
3686
3744
3758
3760
3830
3843
3873
3889
3961
3976
4050
4066
4110
3981
4197
4060
4213
4119
4294
4340
4220
4348
4361
4382
4391
4399
4441
4436
4519
4557
4448
4661
4503
4662
4685
4788
4826
4728
4837
4862
4866
4923
4933
4945
4952
4957
4970
4413
5001
5019
4984
5036
5038
5062
5064
5026
5112
5073
5112
5259
5276
5242
5293
4663
5311
5356
5420
5339
5550
5465
5559
5603
5586
5621
5717
5805
5872
5879
6009
6067
5908
6134
6111
6136
6157
6179
6202
6236
6248
6346
6329
6394
6255
6412
6214
6489
6536
6539
6580
6587
6623
6604
6635
6631
6639
6659
6761
6839
6699
6910
6988
7025
7076
6803
7104
7210
7113
7303
7344
7374
6236
7404
7416
7406
7435
7454
7537
7539
7446
7628
7640
7636
7643
7648
7687
7690
7802
7832
7831
7966
8023
8072
8261
8263
7741
8326
8284
8386
8349
8486
8391
8523
8626
8659
8649
8701
8717
8720
8615
8821
8828
8829
7839
8844
8854
8884
8893
8984
9080
8966
9081
9150
9217
9300
9309
9411
9491
9558
9593
9566
9706
9706
9716
8391
9751
9828
9723
9860
9739
9897
9846
9922
9968
10020
10033
10050
9040
10090
10123
10075
10172
10182
10287
10139
10291
9297
10315
10332
10360
10436
10423
10521
10404
10594
10654
10660
10747
10617
10797
10775
10829
10833
10982
10869
11024
11022
11096
11137
11176
11180
11242
11323
11379
11005
11434
11456
11561
11480
11588
11639
11549
11748
11644
11869
11904
11941
11800
12100
12196
12257
12302
12279
12303
12406
12408
12424
12462
12297
12533
12527
12556
12565
12708
12622
12853
12874
12871
12907
13032
12920
13138
13150
13106
13167
13215
13297
13303
12887
13316
13408
13444
13448
13314
13493
13495
13498
13567
13648
13581
13693
13698
13707
13695
13759
13803
13822
13825
13886
13888
13899
12738
13910
14003
11782
14052
14054
14073
14064
14108
14135
14144
14199
14164
14303
14334
14191
14348
14335
14366
14451
14414
14552
14565
14580
8897
14651
14589
14710
14709
14808
14861
14871
14796
14945
14984
14964
15013
15041
15092
15103
14981
15250
15281
15288
15308
15334
15460
15468
15382
15509
15512
14811
15640
15681
15789
15823
15850
15901
15663
15942
15914
15945
15993
15999
16031
16063
16070
16092
15985
16201
16221
16195
16221
16231
16210
16291
16311
16118
16351
16411
16430
16435
16481
16498
16574
16684
16567
16716
16684
16773
16752
16780
16802
16859
16926
16824
16933
16961
17026
16604
17069
17131
17119
17143
17223
17231
17248
17179
17265
17319
17331
17370
17088
17418
17372
17452
17506
17529
17535
17538
17574
17653
17658
17675
17752
17826
13017
17865
17919
17873
17942
18061
17923
18084
18096
18136
18209
18196
18217
18180
18271
18254
18395
18366
18575
18584
18616
18618
18659
18704
18711
18613
18743
18813
18813
18845
18884
18767
18886
18898
18921
18953
19008
19026
19089
19099
19095
19178
19183
19184
18502
19228
19229
19248
19334
19334
19367
19616
19523
19644
19648
19277
19723
19751
19679
19808
19569
19870
19895
19915
19921
19967
20082
20094
20065
20114
20162
20113
20455
20364
20497
20516
20389
20564
20601
20627
20451
20651
20670
20773
19815
20802
20840
20846
20854
20938
20938
20929
20973
20905
20983
21044
21089
21124
21133
21149
21179
18883
21189
21208
21268
21179
21273
21288
21298
21289
21325
21369
21373
21310
21444
21473
21506
21531
21479
21576
21629
21577
21654
20851
21666
21740
21857
21765
21864
21699
21885
21902
21952
21909
22034
22021
22053
22087
22100
21968
22154
22168
22211
22310
22289
22350
22215
22375
22364
22432
22420
22472
22457
22532
22296
22552
22557
22602
22633
22677
22305
22693
22701
22758
22770
22780
22793
13488
22865
22891
23141
23083
23234
23085
23244
23288
23426
23293
23498
23520
23349
23552
23583
23456
23585
22918
23642
23625
23646
23634
23666
23687
23901
23946
23908
24018
24049
23488
24118
24062
24185
24286
24279
24337
24358
24247
24394
24369
24411
24457
24367
24628
24630
24690
24702
24570
24708
24711
24761
24730
24873
24940
24943
24986
24824
25032
25039
24814
25109
25053
25180
25243
25270
25281
25070
25294
24692
25309
25324
25373
25448
25452
25536
25549
25442
25659
25714
25720
25727
25735
25792
25893
25906
25952
25929
26006
25992
26025
26004
26028
26040
26111
26189
26267
26258
26297
26345
26408
26419
26517
26443
26564
26601
26767
26770
26772
26836
26837
26861
26928
26987
26988
27101
27185
27188
27196
27246
27281
27263
27322
26604
27343
27469
27476
27498
27504
27559
27573
27574
27591
27611
27743
27704
27859
27876
25681
27890
27887
28077
27962
28104
28007
28141
27924
28165
28179
28231
28267
28264
28323
25244
28323
28323
28352
28351
28395
28439
28544
28397
28602
28737
28814
28589
28822
28587
28838
28846
28980
28994
28949
29005
29023
29088
29088
29147
29057
29168
29197
29247
29033
29264
29272
29038
29274
29275
29277
29279
29296
29196
29310
29314
29366
29373
29400
29489
29537
29520
29589
29663
29664
29730
29772
29777
29831
29894
29848
30042
29953
30065
30212
30212
29297
30310
30319
30323
30342
30350
30393
30365
30465
30435
30526
30614
30640
30678
30567
30691
30874
30682
30899
30643
30911
30941
30598
30982
30660
30986
31012
31026
31055
31074
31079
31128
30999
31147
31208
31291
31335
31372
31387
31506
31512
31555
31577
31176
31592
31608
31668
31591
31685
31707
31673
31737
31765
31717
31779
31830
31870
31890
31717
31896
31899
31968
32062
32064
32090
32096
32146
32178
32195
32260
31275
32290
32363
32298
32406
32441
32361
32456
32420
32459
32478
32619
32066
32658
32660
32715
32737
