100
6786
6785
6784
6783
6782
6781
6780
6779
6778
6777
6776
6775
6774
6773
6772
6771
6770
6769
6768
6767
6766
6765
6764
6763
6762
6761
6760
6759
6758
6757
6756
6755
6754
6753
6752
6751
6750
6749
6748
6747
6746
6745
6744
6743
6742
6741
6740
6739
6738
6737
6736
6735
6734
6733
6732
6731
6730
6729
6728
6727
6726
6725
6724
6723
6722
6721
6720
6719
6718
6717
6716
6715
6714
6713
6712
6711
6710
6709
6708
6707
6706
6705
6704
6703
6702
6701
6700
6699
6698
6697
6696
6695
6694
6693
6692
6691
6690
6689
6688
6687
