1000
5955
19639
16333
23721
21104
16375
12030
3711
12268
31433
32759
9609
8753
32272
26399
8029
8204
22198
10692
10214
29263
1174
31082
22372
2503
18586
6498
4532
29037
7712
670
27346
12512
25507
31171
13468
13075
30359
19328
6617
1347
18068
8991
27257
557
9143
12121
32030
15741
19526
2415
18908
17289
32146
4726
8765
319
3106
15090
10889
26716
18189
26791
30788
9184
10920
28332
31223
28862
9825
19393
3124
28375
31211
8930
24532
32297
28060
8733
5507
31812
27155
19360
12927
30206
13085
21782
21148
8552
18906
4404
15244
13313
14875
6030
13661
26921
22287
7856
19523
19672
11039
15466
24472
7823
7958
107
8737
24719
7301
7441
28563
26442
12134
4736
6997
32023
27391
4082
7304
28201
5641
32590
15173
4290
25106
28411
8997
7588
12832
19958
32519
27849
13463
11810
525
27219
21596
224
488
22470
17723
480
1622
11637
12166
17463
29160
12346
16127
5553
10249
3946
6392
11368
21564
7944
32185
21141
13989
569
6434
1191
6603
23032
18066
13714
21916
19467
19463
11626
946
30262
20614
13872
18644
8622
4541
2796
22464
19152
7399
15611
4391
20755
3824
939
25850
25404
8153
10757
22756
31697
32095
3818
22552
463
14551
27490
12364
24991
19549
21296
24581
12871
31533
9130
6678
15070
4433
21703
8803
27714
18045
24698
26603
8973
18487
13374
6
17860
12090
24818
26346
4946
25629
31976
10612
13749
14128
27705
23590
27896
12199
859
876
26209
22010
14325
20771
5099
32139
21489
23387
6134
20874
24275
12380
6462
10517
12618
27624
4874
26276
26373
12736
30118
26277
8904
12650
11026
16739
22719
5936
21500
25644
4882
3692
20716
17843
25785
14595
27583
14771
32402
16432
13654
10197
6833
25219
27535
10708
12791
9001
31604
21727
12262
32365
29619
12863
6323
18303
31567
11065
21917
4980
8340
27702
7038
21903
5200
801
8096
4287
9536
15633
3793
17000
4041
1832
31418
27238
30184
22203
12652
21584
4972
23730
13116
1529
611
2098
15057
30525
9170
7290
2939
30458
169
24075
31174
24924
14069
6924
25168
2910
18264
4844
727
1933
22198
329
27030
10255
14386
20497
28370
25061
21337
13543
27824
30061
15004
15816
10569
43
1540
4334
9984
23496
17953
25588
20244
28251
9028
28220
10865
20456
31982
23182
7372
26918
7559
31745
21998
28550
22099
18975
27984
25200
6051
26692
23529
28112
22856
15431
18500
21969
26445
22620
22741
20456
26342
15417
141
27925
10147
12664
31148
31078
5353
18237
25303
29884
23459
12568
12906
2257
6197
3373
29711
8314
8369
21906
1168
1066
16206
248
16361
8120
28950
5774
21922
21858
31966
14626
14171
529
30331
28041
21929
5855
563
8258
7968
27606
27762
11862
30129
12282
27070
30082
3639
6794
4845
12184
28236
16772
29078
7459
31841
14695
12485
17226
22030
25148
17907
16631
24742
1495
9781
32568
18447
11099
23475
16613
24528
17404
3932
21891
6764
5385
23256
29544
2799
809
30398
32032
9414
8933
6408
13840
11731
12902
6084
10841
5825
24704
9228
19967
11669
1264
12599
5963
24198
11746
23633
6253
30479
9911
26569
23654
8002
23556
8042
2853
32095
16606
14476
6384
14245
6485
652
1286
18536
20030
31609
27523
22628
11830
7440
28291
4945
16355
30187
14986
10936
2429
25333
10788
31492
29069
32033
19656
1756
7413
3932
21762
15536
28209
10432
12754
14994
2524
7946
22351
1096
1142
5454
31375
24479
7524
23273
17611
19202
11064
14008
16831
16970
7475
29319
3408
17880
13832
15052
1137
22497
25571
9878
32071
25610
22954
31680
19083
17717
19843
874
3633
23962
150
681
8007
29977
29716
11134
1823
20942
28536
6661
22960
16103
15373
12783
27962
30130
14768
28722
13609
7418
12503
1279
17468
21140
1490
18933
14822
29493
12625
26772
7925
5255
8743
17652
30065
25979
27725
183
32711
26848
26922
10812
806
15925
11537
27669
2346
27835
30220
20668
25784
25807
30680
28289
32297
11127
10544
4039
10922
25659
30287
11120
4834
11574
31920
16790
27862
364
13336
28796
3338
5470
10454
21956
4841
25052
11081
4066
13415
20763
6308
29648
27877
16903
8430
19203
4949
21978
11853
11679
7070
15342
20867
19687
1858
28623
22457
16887
18750
7573
28028
13493
8498
8305
29445
28421
12737
20357
26045
12348
22075
3321
768
21720
31609
19275
2081
9838
9
31974
13231
26595
24460
8695
27639
29151
11611
26748
11978
29567
8817
4765
11905
11082
17029
5952
16445
11367
23670
12504
32628
1037
27116
20093
19113
21306
4669
6978
32122
12456
21645
4035
3040
26365
7482
16893
25267
25409
19063
26467
12652
26518
25654
15662
303
22051
2892
19188
15625
10322
25551
13180
3958
26171
32451
2001
14630
12896
1782
20629
17664
15770
13609
16792
15720
14163
20336
19369
18109
3574
14300
172
17190
5028
20054
32237
25487
23337
10702
20660
18926
24878
27798
2330
8395
21935
14344
28442
19455
6576
879
3563
5820
17708
23077
2445
717
18767
17656
29347
7455
741
25298
3200
31617
20753
29850
14724
18344
1090
24661
425
31606
14691
28561
26457
12924
30034
19715
32387
13501
5268
1391
31213
7860
25415
4040
8908
19097
29015
8345
28306
24289
30453
19619
9991
9732
23877
16071
22683
4994
16215
1319
31482
6696
30553
14729
2018
14223
3083
2300
29745
22759
4723
24253
16195
31986
22481
13915
3194
14163
26581
22810
31518
30985
17168
2709
12392
16951
22953
26792
18393
8486
7761
653
7632
8844
17784
27461
10332
5903
1217
19258
21071
20997
26292
13602
3220
17790
1716
16934
2498
8068
18736
14660
22512
19617
25629
17906
19660
930
19363
516
30695
16027
22294
22223
3923
17707
12841
31119
2672
11265
28254
1798
24323
28063
18625
614
5256
94
30678
15217
8650
3507
5584
24543
18608
11952
31491
15360
25690
20942
7324
28322
23916
11753
17296
5173
14506
26252
12242
11565
29638
17775
31689
17320
9333
11582
21505
5201
3528
10652
22305
16004
8122
16488
12829
16307
5382
26687
19628
15880
9019
18498
6653
26187
28945
9497
24997
24839
18174
7992
5341
8936
11781
9824
1002
7272
28879
18025
2012
3242
13052
12608
29819
31654
4795
10796
26239
8071
2200
13909
16895
12625
31126
13958
29996
29895
12158
20018
