1000
6
9
43
94
107
141
150
169
172
183
224
248
303
319
329
364
425
463
480
488
516
525
529
557
563
569
611
614
652
653
670
681
717
727
741
768
801
806
809
859
874
876
879
930
939
946
1002
1037
1066
1090
1096
1137
1142
1168
1174
1191
1217
1264
1279
1286
1319
1347
1391
1490
1495
1529
1540
1622
1716
1756
1782
1798
1823
1832
1858
1933
2001
2012
2018
2081
2098
2200
2257
2300
2330
2346
2415
2429
2445
2498
2503
2524
2672
2709
2796
2799
2853
2892
2910
2939
3040
3083
3106
3124
3194
3200
3220
3242
3321
3338
3373
3408
3507
3528
3563
3574
3633
3639
3692
3711
3793
3818
3824
3923
3932
3932
3946
3958
4035
4039
4040
4041
4066
4082
4287
4290
4334
4391
4404
4433
4532
4541
4669
4723
4726
4736
4765
4795
4834
4841
4844
4845
4874
4882
4945
4946
4949
4972
4980
4994
5028
5099
5173
5200
5201
5255
5256
5268
5341
5353
5382
5385
5454
5470
5507
5553
5584
5641
5774
5820
5825
5855
5903
5936
5952
5955
5963
6030
6051
6084
6134
6197
6253
6308
6323
6384
6392
6408
6434
6462
6485
6498
6576
6603
6617
6653
6661
6678
6696
6764
6794
6833
6924
6978
6997
7038
7070
7272
7290
7301
7304
7324
7372
7399
7413
7418
7440
7441
7455
7459
7475
7482
7524
7559
7573
7588
7632
7712
7761
7823
7856
7860
7925
7944
7946
7958
7968
7992
8002
8007
8029
8042
8068
8071
8096
8120
8122
8153
8204
8258
8305
8314
8340
8345
8369
8395
8430
8486
8498
8552
8622
8650
8695
8733
8737
8743
8753
8765
8803
8817
8844
8904
8908
8930
8933
8936
8973
8991
8997
9001
9019
9028
9130
9143
9170
9184
9228
9333
9414
9497
9536
9609
9732
9781
9824
9825
9838
9878
9911
9984
9991
10147
10197
10214
10249
10255
10322
10332
10432
10454
10517
10544
10569
10612
10652
10692
10702
10708
10757
10788
10796
10812
10841
10865
10889
10920
10922
10936
11026
11039
11064
11065
11081
11082
11099
11120
11127
11134
11265
11367
11368
11537
11565
11574
11582
11611
11626
11637
11669
11679
11731
11746
11753
11781
11810
11830
11853
11862
11905
11952
11978
12030
12090
12121
12134
12158
12166
12184
12199
12242
12262
12268
12282
12346
12348
12364
12380
12392
12456
12485
12503
12504
12512
12568
12599
12608
12618
12625
12625
12650
12652
12652
12664
12736
12737
12754
12783
12791
12829
12832
12841
12863
12871
12896
12902
12906
12924
12927
13052
13075
13085
13116
13180
13231
13313
13336
13374
13415
13463
13468
13493
13501
13543
13602
13609
13609
13654
13661
13714
13749
13832
13840
13872
13909
13915
13958
13989
14008
14069
14128
14163
14163
14171
14223
14245
14300
14325
14344
14386
14476
14506
14551
14595
14626
14630
14660
14691
14695
14724
14729
14768
14771
14822
14875
14986
14994
15004
15052
15057
15070
15090
15173
15217
15244
15342
15360
15373
15417
15431
15466
15536
15611
15625
15633
15662
15720
15741
15770
15816
15880
15925
16004
16027
16071
16103
16127
16195
16206
16215
16307
16333
16355
16361
16375
16432
16445
16488
16606
16613
16631
16739
16772
16790
16792
16831
16887
16893
16895
16903
16934
16951
16970
17000
17029
17168
17190
17226
17289
17296
17320
17404
17463
17468
17611
17652
17656
17664
17707
17708
17717
17723
17775
17784
17790
17843
17860
17880
17906
17907
17953
18025
18045
18066
18068
18109
18174
18189
18237
18264
18303
18344
18393
18447
18487
18498
18500
18536
18586
18608
18625
18644
18736
18750
18767
18906
18908
18926
18933
18975
19063
19083
19097
19113
19152
19188
19202
19203
19258
19275
19328
19360
19363
19369
19393
19455
19463
19467
19523
19526
19549
19617
19619
19628
19639
19656
19660
19672
19687
19715
19843
19958
19967
20018
20030
20054
20093
20244
20336
20357
20456
20456
20497
20614
20629
20660
20668
20716
20753
20755
20763
20771
20867
20874
20942
20942
20997
21071
21104
21140
21141
21148
21296
21306
21337
21489
21500
21505
21564
21584
21596
21645
21703
21720
21727
21762
21782
21858
21891
21903
21906
21916
21917
21922
21929
21935
21956
21969
21978
21998
22010
22030
22051
22075
22099
22198
22198
22203
22223
22287
22294
22305
22351
22372
22457
22464
22470
22481
22497
22512
22552
22620
22628
22683
22719
22741
22756
22759
22810
22856
22953
22954
22960
23032
23077
23182
23256
23273
23337
23387
23459
23475
23496
23529
23556
23590
23633
23654
23670
23721
23730
23877
23916
23962
24075
24198
24253
24275
24289
24323
24460
24472
24479
24528
24532
24543
24581
24661
24698
24704
24719
24742
24818
24839
24878
24924
24991
24997
25052
25061
25106
25148
25168
25200
25219
25267
25298
25303
25333
25404
25409
25415
25487
25507
25551
25571
25588
25610
25629
25629
25644
25654
25659
25690
25784
25785
25807
25850
25979
26045
26171
26187
26209
26239
26252
26276
26277
26292
26342
26346
26365
26373
26399
26442
26445
26457
26467
26518
26569
26581
26595
26603
26687
26692
26716
26748
26772
26791
26792
26848
26918
26921
26922
27030
27070
27116
27155
27219
27238
27257
27346
27391
27461
27490
27523
27535
27583
27606
27624
27639
27669
27702
27705
27714
27725
27762
27798
27824
27835
27849
27862
27877
27896
27925
27962
27984
28028
28041
28060
28063
28112
28201
28209
28220
28236
28251
28254
28289
28291
28306
28322
28332
28370
28375
28411
28421
28442
28536
28550
28561
28563
28623
28722
28796
28862
28879
28945
28950
29015
29037
29069
29078
29151
29160
29263
29319
29347
29445
29493
29544
29567
29619
29638
29648
29711
29716
29745
29819
29850
29884
29895
29977
29996
30034
30061
30065
30082
30118
30129
30130
30184
30187
30206
30220
30262
30287
30331
30359
30398
30453
30458
30479
30525
30553
30678
30680
30695
30788
30985
31078
31082
31119
31126
31148
31171
31174
31211
31213
31223
31375
31418
31433
31482
31491
31492
31518
31533
31567
31604
31606
31609
31609
31617
31654
31680
31689
31697
31745
31812
31841
31920
31966
31974
31976
31982
31986
32023
32030
32032
32033
32071
32095
32095
32122
32139
32146
32185
32237
32272
32297
32297
32365
32387
32402
32451
32519
32568
32590
32628
32711
32759
