10000
25404
18498
25778
1484
29805
21298
5530
22058
20820
27830
27035
25787
16671
6425
1637
26822
25866
24438
22070
25818
12661
11899
27029
20917
32058
32364
8515
28773
6973
21611
13423
1965
12869
2806
26409
4266
18186
945
1305
5814
11407
9830
29809
20109
20145
20810
29984
10415
2816
7810
24649
25349
3023
8933
31731
24006
22919
2564
14082
14236
5697
13159
24934
29955
6035
13594
13458
14066
21161
26473
16431
17598
20120
24039
3858
27963
4336
29109
6252
804
14480
16640
20801
30909
15039
18380
29212
24246
30328
30192
17664
19027
4612
26210
4001
26314
22223
7093
28116
13805
32628
26080
12357
17416
11290
21825
4968
21261
28931
24290
25266
16622
13154
5626
23560
11595
18541
7863
26488
8781
2740
15930
30503
17618
22961
11236
9098
20426
14240
2000
22489
24288
31121
6816
8897
19550
15803
17021
32602
9802
7187
12633
10840
32469
17693
24695
22405
7159
770
23854
23407
19027
20708
21226
7517
22368
31854
30323
25992
30410
1455
13938
23432
5910
12584
21809
18701
27014
35
20386
29903
8508
839
13731
10696
11681
15210
22400
16032
29704
31910
27833
12649
19599
1967
6150
11148
17990
19811
27801
515
30356
4259
22691
1481
22486
23138
6425
14479
31560
29691
6840
14769
4649
23496
27719
32616
4634
26608
9756
12353
30920
2944
27361
12494
29386
29118
26008
14747
27085
25530
26845
2403
15854
11301
4971
1924
11879
28006
7650
27313
13678
7659
13768
14311
23386
7869
2509
11682
17672
8280
27475
28496
381
18873
10541
1286
23244
21944
1959
882
11834
6808
31175
28689
4001
12253
32723
13729
15378
9821
20243
15578
8126
1690
9944
32089
29463
2383
30398
6877
13106
15945
14893
25269
31088
5496
11558
15737
30301
32326
15932
26873
5080
4391
25056
3699
629
30578
10978
2313
13855
1391
19509
28785
5634
15025
26611
15343
25512
7334
20384
4480
7521
8044
6579
5464
24553
4326
12370
19855
2885
14864
15710
28184
12014
10895
6063
8434
305
25229
5537
7842
26070
20163
26831
10976
18432
19159
26398
18833
19284
7657
25854
16373
6237
9577
1260
13858
18479
8747
8251
3249
13131
23485
11541
15031
10179
3576
17853
18423
19103
21717
13590
14165
10366
2690
11369
30094
14721
19381
1635
8231
23652
5697
15197
14499
3310
13799
27361
6137
22924
29550
7785
13893
23609
14837
10601
6846
15008
9865
19088
2024
29061
13811
29259
14347
28513
1235
21132
15843
16972
22003
7113
23961
23840
21205
2887
29170
14300
14990
11928
12743
20294
29399
99
27061
18389
12130
16995
32277
14285
9066
14514
18734
23724
29070
10824
10666
16325
19935
19134
21831
3627
1592
29016
17359
10192
25806
16707
17994
10734
8455
10011
7794
30886
21136
20401
10855
3048
6826
31754
30884
914
30660
22187
22578
18140
30543
11795
14619
13043
14798
14474
28962
7396
32044
17689
14513
10940
8531
32218
29715
18413
23290
8050
7395
14580
2238
18907
24517
4665
24181
20071
16980
5687
23231
7937
25947
16092
15069
17078
14151
30259
24775
29557
10972
16960
24440
18707
17960
26668
8589
5522
7605
19106
24078
22179
4099
1912
20364
24681
21813
6290
24940
9600
14091
31747
18306
16446
1296
10102
13282
8505
6421
19149
7922
1801
32733
9735
21956
9039
6682
30311
17059
4342
18840
16082
9196
32696
32441
28538
9504
14564
14881
12473
3638
24927
22194
21823
32054
7401
12219
14192
24067
30370
30572
1544
5240
13005
20878
17409
3255
28115
1649
32694
9662
11403
25125
1352
10812
16824
5100
4161
19362
11476
8688
16503
21372
22028
17714
22068
32514
19339
16835
31123
14570
25595
3894
4397
9601
27209
25941
27637
13562
13993
275
16993
12294
22747
13762
21195
29349
14252
7814
7446
18747
18879
1034
404
9190
19341
19057
18215
5135
5803
31632
19623
18495
32332
16730
27012
31284
21766
25755
16813
821
32729
9194
4272
2722
14957
30424
12322
719
28827
4462
23873
26642
20783
15319
472
30235
32236
21081
1123
18308
31953
394
25460
5033
20123
4800
8277
32442
20107
23753
15599
12303
16233
11484
20714
8891
10697
15312
31254
25699
28557
908
11274
13905
14507
2239
8971
17604
7473
27857
32303
26762
12422
23577
17601
9937
20978
11344
23272
25403
26208
16197
10628
30768
24419
32211
32089
10616
13176
32528
24943
9481
11147
12232
30904
1565
10684
3626
6900
3720
19810
19904
14546
2633
6224
30629
19288
4447
31064
23282
21124
7134
24590
24953
10036
7233
15822
7350
9283
5122
6145
7938
27381
22120
3995
29962
18069
28065
488
21376
29532
22032
9865
19728
19605
1000
20154
9366
9727
26362
10710
3982
21619
24779
13084
31947
10694
24810
11443
13165
26609
7040
19436
24077
28527
3625
31432
22074
11495
18178
21178
17449
2571
8708
13485
26280
26048
28816
8777
5972
22399
16202
15474
24332
16891
11819
2834
11941
30980
3794
29209
4063
32427
15643
30658
25240
7079
26099
16407
31296
22263
12395
25015
12173
4297
32011
30679
14960
17563
12136
5511
26695
13984
13816
32310
596
4197
17446
18297
30830
12468
29346
18440
9206
12985
14843
30729
14093
28771
31599
9874
11268
1037
3074
10345
18708
3422
30157
25614
3152
15725
25497
24315
5079
28201
27308
12330
22094
18681
9955
31704
16270
16543
23809
23689
1433
25186
5959
23884
18899
17004
28741
26944
23151
1905
32751
21591
10279
22929
7923
24922
17456
14464
29770
26925
31341
31972
269
1877
23523
2302
7819
28599
19821
27789
8856
20898
28336
32751
7720
27664
27986
14986
27164
14121
6247
18538
30299
18185
18476
9003
3877
19395
28152
12826
3236
21158
24687
13719
8388
11455
14329
446
14149
7838
20339
19526
7183
15709
15652
4520
23493
7391
22514
21892
4764
13142
7381
16961
7534
5640
2189
27637
24842
29522
14736
14980
7119
28141
28231
16139
30073
15728
13177
30847
16698
14358
22280
19345
9741
10690
29403
12757
8519
7232
9243
25636
5998
29902
17058
1087
26447
2779
11440
2484
13131
7182
31456
30214
21746
16778
12379
5128
11987
19057
15180
18058
20625
8102
22932
10807
8506
5336
13758
3774
981
19132
20533
2864
10810
1689
2228
12713
2599
8970
23551
9779
10383
32256
10705
7399
12085
2054
5909
854
122
22729
24664
22823
15731
27863
12415
31745
29247
28839
20405
27307
23704
15578
16040
17265
167
26560
4597
458
29
4126
8672
16185
26495
17710
25161
31601
26049
12264
30428
12220
8727
24960
22407
12701
9224
27440
6449
10420
452
9015
11945
7139
18615
15138
13788
22959
21598
2890
9548
16361
1882
14238
28093
9869
6851
4514
25649
29162
30654
23480
2071
4099
20306
20895
31168
25910
25719
6713
13586
27675
15472
1681
25728
3247
10587
16924
24634
28338
25351
22591
11680
19277
8709
13074
4861
504
28930
30564
4978
29851
10324
25087
26416
28403
18386
2604
17386
7480
8937
11642
2443
22013
4844
26812
10020
15191
9132
593
19496
30529
28233
10664
14811
5951
5703
20482
18696
19266
7396
32378
30706
3020
32425
19779
5262
27476
20288
24626
22255
5868
18309
3196
2
18977
31199
3008
20603
14883
8401
24648
27663
15398
15308
20108
31972
11015
28232
4087
11078
20531
21779
8942
15771
21445
17896
23567
29849
30702
11587
7350
30646
9114
32372
21190
26080
80
27122
9638
24175
12122
19955
29833
5720
23079
5433
2547
19875
8685
30767
10361
14623
12946
21556
21704
13396
31949
3383
232
20409
23433
11652
31938
3879
10378
14301
20448
27790
1106
24525
24693
29415
21830
7225
2973
1385
16909
18488
4837
9984
11065
17957
782
22011
26665
22770
30734
20484
19245
10174
25176
21078
12524
8106
12637
10794
7939
10217
1875
10610
13807
23575
23093
21450
31277
16588
9739
22444
14495
9840
5227
10211
2610
11857
15680
18754
15038
9714
25802
10389
5934
11431
23270
3288
26336
22366
24464
31143
5199
18112
12454
5622
18671
25465
9454
27394
88
13523
30811
3975
22183
1418
11660
4916
5665
19164
10390
15964
18458
479
26371
31214
19734
30487
31003
29607
16429
11336
8290
21126
10676
20617
14177
3969
17689
32410
18089
18038
24079
13687
27414
4964
2283
16173
29009
20443
14926
31213
19096
17585
517
14175
16066
9207
27949
9784
32637
24363
21403
31247
219
11695
5243
17773
15117
22394
1590
14883
14702
6158
7578
17376
6851
11690
4149
12546
26304
26816
30209
23981
23759
20393
11847
5402
8206
10904
3005
7474
25750
3021
3057
8284
515
10251
7659
27027
3889
4939
15374
9915
27459
13746
23872
9525
22506
3265
331
15537
2276
3276
23682
23619
19650
13997
26279
28090
13039
13753
20748
813
21230
6643
10233
726
6371
640
9038
17699
15189
19547
27241
22795
15922
6474
20298
25247
10003
17169
17653
18401
18114
3813
5400
8152
15354
13603
6382
6116
4973
4418
31075
17232
10507
3591
14969
2342
11906
8695
5610
9287
31489
28690
26895
27066
2114
24766
14848
18757
16583
18178
6141
15418
868
26100
23309
5780
32765
27253
1764
28226
20881
11547
21770
3267
31095
20591
10810
7923
8168
3929
31497
5925
15806
20440
25544
30065
4987
19958
30634
27216
4493
29436
2858
1894
5585
11490
32167
29342
8789
23049
18001
20348
29026
7469
18505
21167
2746
11669
12804
13286
15902
30604
27633
29157
10003
8469
23131
7384
7654
18139
30352
6887
14830
1383
835
6922
18705
8853
24623
10783
24713
27465
16637
7738
27368
6494
19304
19516
22362
21983
24735
15271
20011
11130
5610
19632
3721
32049
8337
1174
22922
21843
14586
29747
3697
8363
14609
27857
23597
10743
31212
30526
11298
27036
13488
16675
10796
32151
27310
29841
3553
23991
6354
11741
2327
8201
14910
942
32679
24980
24114
21844
27760
10055
21807
21339
6046
19248
14684
30304
556
18927
22056
22564
10919
1129
13105
8927
3893
18881
18021
2775
4311
15748
4454
1584
7147
28195
11827
14086
14837
12199
3846
15289
28830
3744
30072
22920
4605
28510
25835
13666
25110
11620
5161
3832
13728
20250
8777
12823
28172
8642
4819
4661
30402
20909
21796
17482
10158
21167
23315
19169
12539
11472
724
26734
29726
324
22557
27618
28183
23454
28808
11133
5875
9024
26425
8675
23190
16662
15296
24947
3767
19844
6208
20948
2604
23196
17105
27600
16744
11925
15908
26470
3138
632
23910
4122
30968
6429
20326
13200
20595
16982
25849
24153
12236
7786
5790
23309
23312
13765
3422
10138
11584
14573
13046
21723
18844
31928
3384
1133
29217
1725
26799
30910
10065
15880
5762
27494
30002
5138
16794
7611
4505
14832
7943
22431
12200
13770
32160
18589
11414
27791
30954
32565
31150
29671
21308
27251
26523
16489
15136
6599
14050
1039
32763
12048
4528
20710
31217
14074
21206
21514
10499
23434
15890
15570
20346
9463
3472
9288
2953
15548
30896
2268
13358
26347
6154
12889
32089
9668
19120
4631
10064
15238
178
29555
15698
32389
3816
4220
10106
13181
28651
24303
5095
25126
5733
10598
31514
22536
13451
18636
17311
19857
7399
4628
18672
24933
8283
19498
18838
24053
3427
16938
145
32083
13466
17873
28154
8005
5760
13873
4839
9624
7802
24232
9359
27318
3866
16914
31407
1659
929
9790
15660
21829
10946
29599
5369
30026
7849
15684
25659
11823
32316
1290
18859
30422
11169
4113
29500
3447
21504
24428
1023
22002
9354
8477
4419
29283
20666
11584
31488
18935
19930
25478
9078
29183
26570
31973
18961
11587
4861
9614
3472
30105
8132
29472
22886
17334
13007
2843
16992
2371
9968
3479
5769
4404
15395
6198
9291
14933
14284
30039
31958
16421
23103
19340
13766
1512
19845
24911
28159
6136
29022
18672
6620
22364
10370
2258
23178
923
2860
5079
25774
5842
8921
9753
14926
10245
4941
23003
15342
18355
21720
2239
21753
2733
25559
19769
18275
14120
2429
14403
23181
18448
8660
3922
29033
15007
766
9865
19422
23087
27073
11053
30574
32332
3907
29274
13078
28430
19473
8180
19061
25509
27750
14815
11313
20278
6571
31603
16279
28646
32058
32042
15745
21556
103
1180
4221
19083
19905
4270
43
28439
30613
30214
11239
19417
26548
8130
6312
16118
31862
18537
22056
6997
30463
16161
32582
14184
7873
3363
6568
24138
15938
3949
6308
22283
23840
22710
1889
30280
23378
28583
7737
28158
20912
15688
18274
20383
23478
16313
22222
29798
11909
21794
31055
16360
8490
13036
7935
28909
2595
23858
25823
29821
5663
12914
16830
28478
31750
24457
31325
28925
12857
20446
8400
1674
2331
28125
8999
7625
20176
18343
11598
28678
24645
27655
25138
26249
19312
5033
12325
11626
26329
27270
17540
26791
601
3491
25239
16244
5409
4347
8632
12754
3327
8633
22200
27747
8925
6315
11390
3709
22667
4340
12273
5757
958
22273
21273
26718
2648
17342
11136
8842
13289
22537
28639
13551
13430
11367
30966
28246
21626
2293
18876
29680
23083
14754
25272
22322
6142
29340
25775
15843
17517
22792
18047
20596
32504
1014
8779
25231
9834
2452
24024
2546
25693
27809
12855
6014
4608
32293
22181
9867
23064
1888
21167
13951
15429
20480
15258
671
21895
21655
24833
3109
4608
16715
11456
2706
11260
1232
14865
13893
7214
3987
26613
8525
24380
4920
27350
4732
13439
22087
8554
5820
14852
28706
12506
15526
2518
315
11300
11857
15487
15235
19134
7528
29900
20262
29308
13696
22737
3957
6323
2216
7213
25635
16031
10817
32655
23221
3330
27664
27001
27700
21262
29073
31812
19237
27781
3470
19813
19899
21279
7665
8686
18506
24364
22999
21592
27647
31610
17893
18303
32207
20601
17119
2798
31149
10909
27254
5213
30208
8196
11874
12920
23380
14681
28081
7394
17487
8696
29791
17786
6631
9042
6438
20189
16339
28563
28055
19500
25919
32643
13418
11791
19908
1962
4627
249
9879
18616
11158
24750
15361
16164
10139
17667
8975
30226
17861
3045
11146
378
64
25757
11817
25479
27545
82
2822
24893
18643
11216
27727
2655
32183
13960
8510
30864
26475
19159
9547
2488
15174
7051
10144
6569
27107
2723
9933
32515
14452
11606
29885
20308
1113
20823
14056
11908
25842
26456
14027
11633
8113
30413
5781
31702
8819
32498
15908
29041
30736
26895
5167
12901
27440
28666
22469
29405
19297
8414
11766
7666
2151
22844
14288
25551
6099
26159
17549
29458
22744
10484
29706
24950
27225
25769
23931
1967
10054
6485
3678
21654
15657
4137
30125
23430
4348
32006
3928
8710
26174
22847
25586
28840
31814
23455
12458
11057
5590
12718
19326
29689
7923
24112
6059
7829
25844
24815
7784
13748
5338
3002
8147
6215
29663
10414
12332
29157
1618
21940
13633
4717
6305
14667
22569
26861
24248
29832
16181
9666
7561
30298
9252
18433
4844
5139
6806
6678
4010
2852
6852
25003
30676
20520
9325
18124
7514
20261
3604
13896
10456
270
21608
17242
1203
31372
32260
19592
32357
22525
26456
26572
4629
10942
2791
23026
5227
19365
6580
7489
11938
14034
30710
15197
24799
21672
29203
32364
32449
21526
15820
15736
23097
31259
7093
18452
4252
2697
11497
13635
11766
11785
20731
6549
6818
31071
8240
26771
1815
31215
21995
1373
18949
27520
16232
18066
25761
31553
685
29040
8508
15369
20926
28733
27
12259
24081
18405
26243
2762
8257
4324
17427
4785
18438
30566
8791
16583
26725
1709
21145
2040
13348
17332
11770
25783
24193
23314
7106
6651
29732
26144
20981
16263
16465
2910
1063
1391
4706
32275
29840
20696
30581
8500
7011
5631
15458
20871
22620
4989
19440
6920
25240
21193
15688
23948
27306
4606
9897
9380
8939
31454
2142
14020
8721
19223
25581
8101
21508
20934
21394
14823
27885
26170
13803
31739
4751
15354
16885
3136
12250
14345
5943
24684
9917
11112
7741
27694
21565
5853
19784
8978
6852
23539
9540
20900
26299
32578
31482
4568
24922
24560
24711
24233
17855
2168
17165
2817
3134
31914
4264
8153
24569
10484
31396
26017
4784
22239
10221
7394
730
19164
27590
10786
10228
28481
21694
14600
14617
12431
10208
6848
8659
28406
7211
25505
14641
10523
27202
3085
28441
17432
1124
6297
25568
5316
2717
3438
7704
3638
20286
12528
21161
14724
32652
24989
29476
23248
17589
823
30291
26502
28936
18213
3861
12767
3428
21527
17768
28074
23281
4329
9672
29259
7439
5834
31416
24068
16268
3741
17566
32371
11546
32159
25555
8796
27136
17738
10491
14505
18191
23162
16274
24751
16600
30671
9928
20403
24348
20306
11407
12205
10372
32603
7922
23371
32402
20146
10152
6969
30168
29684
1513
18592
32360
27704
6784
30957
28811
9459
31266
5843
20918
32025
31230
3219
26041
24965
27285
25467
24634
2203
29900
31916
19042
4396
19775
18209
28886
2201
12761
5869
28137
7228
26018
452
9232
31235
7895
25789
15510
9310
6976
30550
32400
15708
20158
4025
4628
3345
24612
31806
934
18234
26695
5680
7155
21540
10073
29140
24514
8393
9330
20391
19495
14908
27504
13032
8953
14408
23809
16726
23431
15188
17662
20539
2951
394
11003
17065
23631
22329
4380
7428
24648
26231
5418
29120
23711
10762
10213
2924
23357
1929
20124
30704
6394
21694
8956
22803
9229
19535
1318
7744
16071
13725
13316
2953
23170
17389
16348
12780
16084
28870
2853
15573
12552
21913
19866
14565
12238
18600
19854
14322
5937
16672
17279
30287
16586
18056
7149
25933
29747
28511
2924
16129
15295
13057
10489
1864
29032
4811
650
7689
6153
24191
24553
18106
21710
6122
10177
18726
7400
14788
6905
3949
27525
26071
23106
25932
5119
15972
27116
15518
1107
28354
10238
6947
3030
10056
26757
5505
31267
4205
11308
31624
10840
31022
9485
6586
20098
17584
32199
13323
3925
23335
5841
7653
21537
8694
11790
4975
18177
16152
9377
14351
26966
11198
22274
24110
19571
23097
15185
31803
17050
29467
14827
29426
7208
28057
29756
2270
17676
1844
28116
16156
22141
24217
19388
25443
28909
13765
7690
833
29240
8044
26547
9383
23586
7068
22689
26536
32512
26526
28165
30078
15541
1309
27887
24782
30688
15497
27420
23341
852
7870
23054
25570
9673
18913
18530
21485
1489
30091
19807
27465
4621
2602
21195
17263
14752
18340
12546
19227
2276
16189
20809
12114
32348
9402
19039
21924
11242
15046
11093
19375
30786
24214
26784
20452
5279
30409
8045
22414
31413
18834
9012
13839
1766
32280
2448
18797
696
19741
10318
20494
13191
9438
14787
19392
16759
17467
7011
5629
2733
4376
23184
2412
14015
11779
944
25770
7784
4887
26498
19019
23425
11808
19122
540
5420
19968
13227
24491
23635
23889
19116
29194
11345
12363
30
24783
25582
27112
27941
6751
19089
15431
8821
14189
30129
2126
22887
14269
8845
8340
15179
31790
22557
13182
13056
8695
25928
8360
31939
9009
3927
15750
26693
24726
1194
19787
256
30856
26537
12297
4298
3925
1534
3354
12459
27833
4098
31936
23532
4772
25716
29960
14704
12606
17521
32244
3912
7208
928
28888
5249
9477
2222
18181
5440
32570
12794
15269
7442
4337
29329
17638
7037
21860
15196
10331
14043
13400
1176
11935
16744
29415
2951
14907
1177
8579
6245
17865
22191
11064
24734
3418
11917
27185
22846
26390
10694
25982
3497
3874
14587
7189
20108
27335
26212
278
19731
1744
27308
3411
30301
21811
1026
2575
9005
28148
17261
30982
28642
22343
17503
15790
20649
6389
654
27581
13809
7936
16895
24299
21791
12170
15715
32761
27011
30707
3751
23282
395
30018
1479
27313
11319
15302
25059
15779
6861
25085
8340
22478
2766
4788
22400
30226
3112
2672
19500
5807
30637
1037
15890
27400
10692
22693
5876
5799
21855
22195
30063
24448
813
5240
17875
13178
4368
16798
23858
10027
17873
15388
19127
20963
19731
27737
21305
10989
12165
11412
19216
19473
7004
16259
16936
15709
4353
6714
13908
11814
18438
1359
16356
16201
24671
22844
27769
17078
13263
23044
15384
5168
23456
30234
29822
28494
16023
27774
16051
26310
15143
7721
17122
24810
16869
3755
13928
15731
29756
22547
4139
2174
7010
5647
22317
24276
2954
3156
16225
26478
18268
3136
2237
1593
30626
23998
21648
11286
2884
12139
25878
26661
4982
20983
31561
7747
12336
17101
18171
1745
8414
18934
7458
23480
19802
12090
26739
22185
23319
19081
2098
25770
8863
29594
4424
13006
6463
5330
9622
30787
768
25959
21897
8594
218
3781
16366
16675
20261
16689
25608
26880
18512
31660
23008
20954
32725
2842
25821
29521
2412
1187
5268
29040
16512
16218
26593
887
9183
4380
9783
14302
6581
21179
25396
14742
12219
28508
24697
31378
11180
798
16824
26502
32761
19709
18190
2287
30909
30709
404
13651
13555
32618
13873
14538
16359
12999
25266
5565
24298
7270
6428
17134
26442
20400
9536
2744
12417
25221
12433
28569
30381
5598
22579
14829
16704
29104
26964
4860
8697
22548
14271
20791
24595
21414
17070
22975
25532
9514
7136
15143
30152
21622
17644
25979
10151
18572
30421
9089
30612
11014
2014
14654
1296
6839
25504
19388
27023
29071
18777
30219
2417
8639
17543
12166
28979
28190
5046
26455
4839
459
29078
31038
30689
11028
29776
24462
15028
15767
30490
18040
23901
24487
16906
25739
20413
18162
25639
15484
14925
10336
29638
11299
24845
24382
10516
27847
12989
3995
1775
26779
22608
18418
1530
2440
22686
26122
30192
25901
9305
17179
2360
27173
7746
27442
16058
29320
29596
25558
7666
24500
22753
17900
31042
9037
32437
11992
10893
22914
21272
19685
32257
22674
25311
2791
16180
22927
28517
7967
7283
7779
3198
350
21591
14608
23212
3181
24984
22588
12694
20141
6438
15596
20149
19963
28278
15760
23633
17110
21018
31296
25772
3780
24213
9797
1405
29169
18285
2779
30623
17434
16002
10037
16139
13481
17309
4546
5892
22050
4684
32431
28305
30909
8686
4013
2352
6229
27658
20724
6089
24960
27877
1927
24033
4608
4691
13498
14096
14426
3277
29426
4277
5828
14020
4013
11240
11588
1589
1730
15280
12055
15486
17129
13174
26448
18544
18301
22970
20673
3749
10113
29445
25886
3091
28130
6431
26464
1762
23291
4737
11624
16763
7006
15885
11493
25570
23506
26365
20343
3909
24216
5402
21013
20437
30195
11566
13228
24788
2023
30139
30472
30447
32576
21485
15352
1231
19926
21710
29613
11755
25616
22201
13412
23456
16807
26385
28741
10371
940
10290
5002
5622
5069
21416
19939
16377
23764
11424
2841
835
10352
30363
24306
18834
2616
17514
26710
28735
31725
13142
28591
32021
3839
26271
17558
5475
22355
22312
7851
27472
29508
19312
1476
5487
21736
3012
1355
1171
12436
9907
12001
3045
13474
22979
12359
12083
28273
29282
127
11147
174
15135
26670
28169
3794
18714
26949
27885
492
15801
18912
5872
2721
20637
18031
19673
1137
13781
12051
6475
7740
13393
29771
6881
27652
153
26319
21629
17908
12223
11964
22492
6305
22161
15858
32366
2705
10516
16826
9317
6906
11822
22445
6668
7627
23459
2513
16219
14576
11843
22020
32200
18130
4705
17566
5215
16926
12422
21074
27157
7880
29287
12629
23130
13391
21525
9666
12269
7490
21876
318
16884
12291
8174
472
26444
29899
13416
6194
13342
15598
13685
22758
13747
16225
8650
7459
8329
24185
4851
5783
9382
31477
21572
23186
23596
30783
26129
10344
2094
21999
16674
28439
4034
657
28257
22057
30039
19368
18134
19932
13897
3827
28629
27265
18611
4334
26486
3874
11141
7324
13638
11111
15574
20612
4924
4282
19067
15609
8943
8874
4312
14239
773
26253
7158
2091
22767
13930
16086
21098
8916
6934
5381
24965
26058
4508
17009
14467
3148
16354
25979
3087
2281
23690
28493
2428
4409
19991
22126
3846
1301
17745
22419
14683
22023
22250
14521
27226
768
22625
17008
11546
31817
1063
25466
6958
956
10497
12948
10023
23860
26797
17044
28763
25410
18888
31924
997
21538
8431
29998
12013
27373
5413
28169
17962
6415
17268
31794
1700
29692
17879
718
29631
11039
8536
30927
22133
6675
24438
11461
16867
19222
22217
31479
16647
32187
26345
10675
4552
1503
11147
24546
4406
5853
27373
27103
15636
20230
17269
16522
28308
5963
23701
1688
12897
11069
7921
28717
25058
23864
14276
18604
25022
27354
27519
2766
10651
30138
31668
16113
31020
29783
9267
5043
24170
12111
29555
25792
28961
7890
563
9192
26543
15445
20064
22645
26888
7307
15674
10427
16382
26001
2227
8688
21440
30057
7191
12862
2464
19625
9202
2327
29721
4468
21807
20937
29456
16042
12157
31826
10586
21340
16119
2165
27519
5763
8451
1805
3005
17137
20602
17826
10064
12167
32010
22586
22769
18345
29145
30065
29853
26607
20331
22732
12439
29469
7366
8011
24496
13142
29652
21053
8390
23436
19720
5208
10123
15675
11844
9481
647
1623
16635
11785
609
7043
5011
3889
9818
25219
2573
7311
12826
4340
16871
697
20655
21306
27969
17761
26835
24507
26944
3114
1645
19019
5040
12730
32091
11238
9197
18705
10607
29349
2819
3353
28599
28139
7956
28286
25858
27359
5626
13247
15775
29984
4910
24454
27240
4020
19688
20789
1792
31297
3208
21441
32088
22143
3637
3779
632
16877
964
3532
20604
14275
16091
20985
16860
20264
18006
8648
12785
10662
23273
2858
18101
9691
12039
19418
1995
10865
22019
5100
26303
7504
11894
22185
7310
23313
19424
7578
105
17078
9106
4579
15286
10649
203
12243
32600
19363
1057
22712
7728
3006
12834
14072
12515
6285
21820
10333
9950
18778
14042
8881
26776
18256
29648
18059
28439
22250
28665
5224
29878
21931
11550
30717
8997
16400
2330
7628
25265
21443
10044
18166
11974
8721
2285
3920
5042
9886
6547
22968
14763
13911
12725
22186
8468
23209
21855
22798
29692
27888
12744
27988
4328
1587
7730
26307
13010
5902
9234
22286
23153
15343
21105
9257
23739
8582
24722
12378
15017
3446
25557
18579
9786
24401
7387
19711
22714
7619
8171
18395
7748
25613
23700
26247
14982
17333
18580
2269
2756
28284
12793
23233
2335
15505
31878
11257
5400
25348
20056
31296
9552
28285
28618
24981
18065
22062
25237
26329
3090
15110
29756
20633
21751
10024
20391
553
2840
24987
21005
3314
16131
10819
10008
27660
17732
29200
28740
7696
14564
25461
31625
4391
1839
20252
19769
5479
26810
20696
299
18784
27557
16603
18201
13553
29470
17705
32327
1633
20518
5964
13413
9642
22424
21065
2999
4632
6503
23764
19571
15891
7463
17344
9579
23865
18383
6329
24555
22705
20157
10549
2789
23995
23546
8616
24907
14987
18368
28919
28605
32087
2873
48
15716
2479
20618
4728
31774
6157
17424
24901
987
21421
2793
18637
7495
2718
695
6334
24489
9242
11936
23855
9738
20755
30106
13270
24475
11022
5605
380
16209
13620
29144
7087
3794
29606
6625
15031
10388
3346
14280
18379
23875
10884
16179
23428
18532
2430
1903
145
22585
29770
12909
3757
3300
5263
1291
12750
13006
21539
5269
29087
7242
16416
28044
19761
7798
8762
6054
16109
21858
17487
6933
15566
29557
4672
27404
2253
8204
3584
22912
26012
10595
18922
30764
918
3513
23896
2775
14839
8111
1905
28377
24648
18930
29762
7132
23582
13849
22545
8672
14084
23249
21741
18562
20662
13623
24202
13181
400
12677
4172
12401
16709
1777
10658
4579
9684
2770
9365
15237
20152
16133
6817
17336
4191
8079
27587
20048
29662
29571
23507
1175
24291
9511
6676
20116
30699
25938
26378
12685
6837
7704
19595
30666
28918
30889
7193
1436
846
31351
10095
32670
22139
32151
26458
9787
26829
2154
1226
2672
9177
18556
30761
32723
5746
13484
13035
28629
2773
6798
1895
29252
19748
6925
17125
20244
13846
23125
11768
19806
19948
26352
26382
29609
7079
7214
19269
7529
29816
971
24960
2501
24440
31436
31675
18333
24985
7594
667
8908
17884
16306
8009
30378
13765
29100
14209
2517
13837
23483
28646
22322
23446
28292
10393
26670
19620
12178
10249
9290
25161
9465
26637
14806
32289
9274
14640
1020
26688
2151
12363
4609
18793
5000
4698
13256
5504
32572
12936
12184
31298
164
30348
1310
9780
17276
30008
25014
31705
8331
25423
10726
1320
4926
17048
15403
15165
12944
1840
20729
30287
12588
10020
7165
6626
10454
18495
4773
20798
13575
33
31714
28703
8407
23185
11565
19374
11296
6677
6344
8112
11233
26303
4422
21502
2528
24393
26189
13877
26516
16485
16027
31662
26689
5710
21319
8113
26213
11427
28745
29157
6227
12405
24125
26891
26654
14495
6500
3564
696
10325
31212
4752
25179
8192
12657
27057
22568
28745
16835
29295
22799
17268
20714
3142
4590
28912
32359
10044
1789
12076
7613
9311
17001
6060
31280
6766
22079
12635
1997
21207
13708
29987
9642
4833
10435
187
21871
1323
24926
27584
3093
22357
28872
29448
32750
24573
9851
28211
6118
24813
6501
17282
24584
14738
24721
19949
10052
7601
16131
26991
10863
9301
18148
6565
28811
17164
14303
32407
15433
2386
7370
3030
14028
12366
27785
13767
14256
21180
12847
2366
20043
24875
103
24910
28722
9832
13331
12128
28927
28730
18994
2435
10066
12367
19719
29443
25366
10615
7288
4925
6406
32016
5556
20145
26479
11457
24088
30297
22583
25708
21844
314
1054
8285
29385
1080
31556
968
4662
23598
5868
29554
29588
15934
6271
18606
29246
8806
14804
12427
14165
15444
4782
2892
27491
30332
30598
24600
11070
9063
13707
14579
17456
22862
20456
31469
31572
11239
8773
3737
25667
14463
3216
27841
2800
14409
3069
25432
29905
3318
25931
9904
15680
31621
17482
750
20768
2397
29850
16826
3523
12185
6069
6203
18187
22691
31791
12610
30928
23556
31293
10181
10114
27770
31093
1424
13328
11339
980
6711
9992
23514
2565
15951
14079
22136
15584
22237
3635
20860
8242
11535
4975
4502
15036
28202
14895
2656
1918
26564
7685
7222
3125
21555
27963
25672
14626
19269
26298
21229
30221
11058
28458
31803
138
3534
347
22228
32635
7683
32228
23810
28630
24959
7690
17415
20136
19114
3555
15790
9306
9947
29115
30758
21811
15563
23222
20496
23327
12106
28343
26839
19631
30768
18305
8000
21856
3991
19740
2626
800
4935
3963
32279
3342
626
25435
17811
30594
24994
18030
1461
14669
23279
20153
32636
17986
11893
10554
9211
8949
1797
27599
11952
26050
1819
15955
14866
18705
8720
7946
617
13017
5521
17983
19170
21859
5968
27947
6371
19793
2809
31769
14748
24798
21608
25544
17887
17511
6681
9745
6193
2091
3040
20937
26913
4943
474
30185
1496
20517
1955
20460
21746
28077
10185
14713
7564
23132
2945
6466
17566
23581
17049
23340
29836
27030
18350
13232
25335
10412
5279
12929
10457
13897
23361
26735
24785
7004
13909
9355
32699
4898
26295
3212
7044
1701
28888
5233
5180
24962
11885
6504
21357
9198
10345
9199
5548
22011
19753
5433
29293
16408
22255
17363
5660
3287
30354
19335
25193
14324
5748
5249
26851
28306
18867
21936
29640
17607
15268
5743
4379
25691
13181
29541
21496
6349
81
10921
16421
23703
24898
13098
5097
19379
15858
25423
25633
8030
17210
27354
16016
5916
14367
9234
18039
29436
7937
33
32613
25373
30486
4795
14929
4209
12823
256
22758
8897
12857
22436
23326
26610
25695
3149
27410
134
19086
11836
23313
13670
2721
2608
18927
23262
21822
17799
24991
25833
14600
13479
25604
4271
13846
28828
31237
18252
9637
28674
30944
7635
18953
10022
4544
5778
6890
29544
8081
1944
8620
21988
1811
19061
31279
16721
23853
6465
19385
32552
18309
15584
20016
28681
19277
28803
12173
11100
32352
7794
28045
16948
20109
23050
30633
10616
21298
15105
11593
3908
23821
32242
3125
8077
14416
3605
9036
31748
21747
23629
7544
27453
18766
10089
30945
785
25319
6563
15969
21057
14729
24429
19769
19803
30870
7022
3842
738
21149
23495
10214
23209
21295
29850
30479
25728
751
25549
31584
31250
4585
8715
28771
14350
31781
1292
14211
4741
23675
5911
24956
2196
25000
1989
27663
15170
6562
6663
2042
27563
1833
13162
31527
9311
13727
28826
29476
4613
16153
25381
23507
20292
30902
23682
3683
10211
14640
27218
27774
5934
28080
26597
15300
1436
28903
18688
21881
2480
22618
478
32378
12317
11261
12404
31606
3885
15364
27386
13658
10595
2294
22438
525
25440
29187
29115
25950
4355
7575
8130
24123
24020
20527
32535
5155
5283
9580
2216
30941
2668
24421
29434
12907
12414
16450
30061
24890
4572
8711
20672
5787
16356
16557
16599
3959
29230
27255
15292
1853
23991
2691
8677
14112
1855
16800
17333
21888
5359
351
24644
10661
25407
23917
355
1971
24855
1823
22747
18650
30516
10063
758
5070
32462
2663
21057
2423
2936
21179
2191
10729
3143
9500
8513
1430
2102
937
4293
3778
31177
19177
7517
7992
3569
1303
13602
1596
18992
1981
25928
12992
24061
3973
22179
19931
9066
20043
29546
22902
4868
8054
6716
10057
12027
22153
608
15366
10627
23541
13649
29395
19065
3122
16762
29950
22602
3341
2622
23020
2065
3396
22843
851
14591
8784
5328
2473
32512
14466
16348
19677
16539
18769
9929
32068
27674
19443
24010
12502
2028
5162
29792
22682
8775
4961
547
10847
25618
12279
28863
21165
19201
9947
10045
763
20226
11097
31364
12322
30424
14643
1823
5394
8197
19700
22592
19908
32238
30337
5
7792
5178
31217
1275
15103
12411
29342
18657
8899
10000
11388
19630
25702
22346
10154
30165
24096
15053
31303
14535
20013
1081
1159
19641
18303
4362
11014
19624
24240
12989
2908
27035
9018
4917
24305
4649
14570
14428
19
13114
9618
27405
17733
30226
9983
1330
9946
8075
9514
27433
25283
29857
5298
13421
4774
18484
23946
18290
26672
5642
6639
27856
939
20244
16798
7588
6355
15090
5443
4403
21989
4792
24116
19921
16634
14579
22111
16642
32659
13031
19586
8926
15477
18203
22682
10426
8119
25880
13469
19204
3353
14957
3435
8815
7319
6390
24578
8272
318
4702
14066
9800
21055
27875
23570
16676
27202
21849
21104
2817
20732
29298
11406
30900
25348
15676
4811
5737
11234
17131
3615
30601
9833
13273
27403
24034
22344
25547
18640
23554
30171
8054
10464
30435
5959
31554
4754
2766
4037
32589
7961
30585
32318
21683
439
22387
13849
22541
24622
18113
31569
13623
3960
31946
17610
28759
2231
15728
30949
26
10863
25984
22610
23873
6643
5708
2853
11101
22813
17558
1068
24278
25666
11952
11904
1074
27749
32226
6491
3220
427
5900
5673
17283
16911
24204
31970
20973
24663
29538
2710
29292
5959
9618
3658
15047
23828
11210
22530
7868
27420
23621
7711
4093
28115
27887
19691
24440
28929
32458
29811
17371
23595
30864
18581
10584
4942
29850
26457
11942
4052
17920
22917
29512
1472
22786
363
6929
26924
29351
27654
10984
26613
5027
14405
8905
11189
638
2215
30988
30705
16627
13064
23274
30868
28823
8891
22077
21660
27323
8408
20615
22804
3986
30423
28470
20546
4247
8030
21798
22817
14889
31064
22888
21266
120
12615
6978
12750
21413
21723
6006
19871
32549
17603
8903
976
6247
30915
28090
15201
16566
18951
30106
8704
15968
14263
1726
13621
12568
22987
13327
27613
26009
30241
26564
5081
3212
27596
29040
14343
22700
26800
13631
8817
18472
7500
24700
20165
7496
25302
18263
24838
19028
1933
20454
29824
21682
13643
3689
22273
29518
9817
30418
1094
27711
7304
18309
30132
30119
20093
4444
6729
7642
16205
238
2769
32451
13386
19729
20061
16516
15644
28317
17137
12125
531
1395
32381
26831
19643
3774
15374
25601
32433
20601
10566
22882
27318
7730
10250
19856
17410
23309
22650
17273
6106
23819
32550
22976
1381
5516
7038
22370
10172
8979
17035
27545
26176
12362
4573
9472
7984
17478
20165
25592
24699
26635
1476
19531
8914
17747
15938
31248
15106
8843
5763
32207
30081
24607
23512
25573
4166
23287
29458
19241
1758
22594
9532
20175
25789
24178
9354
18317
4562
8071
23948
10237
19806
22673
26791
30787
19205
19056
12230
13551
9766
12255
7245
5413
8040
21681
24911
31739
22677
12889
13824
6434
684
13744
5229
31945
12849
4595
20586
8894
19912
17675
6860
14550
19202
12562
17625
9360
11639
28434
22525
3061
31765
16144
21951
26050
8375
14665
13298
21705
26105
9403
26928
21141
1867
5863
7556
27981
1861
16598
21351
7386
16443
3418
7406
29516
25360
29846
12609
11386
22607
10432
30287
24809
14199
38
21184
24560
18583
16495
23595
29977
17435
12068
13706
7369
17638
2927
12779
27684
8353
21794
3944
12331
6738
1274
24152
2087
9008
6694
26823
32587
7606
8451
11812
27029
22262
5930
18234
2037
10800
20652
18018
14257
675
17052
26614
12552
12195
22222
9992
6422
16108
11487
2644
27383
20790
27765
15732
31791
7433
3272
19027
8265
5075
13666
1764
12223
23864
7203
2836
30234
7337
1159
17149
19290
13624
17452
29020
23704
32682
28814
13893
26602
9934
6677
28181
28551
7694
14419
31913
10284
26180
11142
22733
9918
5327
30565
27639
4400
20709
6937
6710
22183
15146
10889
1637
13020
29570
3290
26276
194
12580
1078
32009
8298
8433
25293
2194
29731
32259
4378
16990
14565
6280
18792
15133
15856
16081
11412
11462
16304
15526
5140
5256
27108
25821
17720
10498
17663
22827
27056
182
4814
1081
29007
31931
24156
31226
16655
19379
17171
12861
21332
6397
12067
20862
11637
15404
9512
29698
20088
31927
16647
12067
31517
15857
1048
15592
2847
10044
11403
1496
7094
7290
7172
32016
19296
6853
4489
660
25313
19808
15006
16355
3976
28397
24494
13006
4789
19168
12205
23177
2712
29491
28412
15107
14395
32348
3469
10867
26307
24956
26695
7475
22515
15065
14764
25554
23025
8334
32185
3941
27213
18305
19725
28701
2623
5782
29518
25119
10288
31266
17609
23695
17020
2979
30552
30446
10103
25006
649
22695
30382
7208
19196
18148
18287
185
7437
17574
6283
15230
15027
30997
27994
6142
168
20501
15360
18016
26315
2329
4335
219
24514
10300
2989
9581
23523
32142
6360
6096
29525
13995
3431
32682
31602
11923
1842
14084
2928
28597
14005
31997
13377
7245
30224
16575
28599
12528
20819
6323
2796
21861
25593
14833
4065
12215
12210
1019
29285
28040
20582
29866
1081
30632
12662
6248
29809
999
10309
19104
24093
31015
6135
23155
10793
22965
632
26541
18562
10201
10944
3063
1146
30891
11350
9294
30830
10537
11283
20147
25766
27015
1577
28708
28028
4806
7524
22220
1217
31368
12207
19575
604
14627
21465
11592
12340
5620
1177
22190
19793
3574
23760
660
19518
10386
26895
25304
20657
3769
12889
4351
12397
6193
26154
9767
31592
17196
16311
3900
20265
18975
5752
29039
31093
19409
13796
13028
11818
14771
25212
31659
21611
111
12298
17138
12029
7875
3371
15481
25585
7824
10251
14918
10116
9262
4208
22169
3651
2051
15098
31266
19059
11860
18857
4722
22703
4442
15775
3248
24531
12697
30247
26765
18457
24685
8439
30585
19842
6374
32690
7192
4472
23253
9905
7663
28593
15399
6403
25956
6742
9330
26034
13285
16741
26318
10824
11367
18772
11750
7826
16402
21751
28239
3492
21306
9891
21272
24605
11922
7316
22690
7085
4252
19596
2481
31700
29540
701
4804
2028
23150
10217
8098
19049
15597
21192
14134
3424
24629
2218
2460
16454
13939
29021
25724
27387
5532
593
16791
20998
23203
25850
9119
12323
19695
7286
13644
10491
22028
11888
24236
22834
24993
21316
17595
10150
31138
29027
26419
15350
29382
26618
20645
15938
15676
27854
3273
17458
11674
362
22803
3898
21014
17277
17286
28
10232
7294
11213
25518
17743
5265
23176
31965
19171
19630
8932
28658
12908
25600
17006
29460
19713
19595
29481
26638
1491
21266
25565
17235
15643
24120
2739
25663
20305
10469
1535
17056
7327
31723
32605
5493
9365
10986
17663
22262
2590
22641
3397
18900
5043
17765
6286
25537
31694
12199
9551
16691
9634
1009
27234
1637
2569
26369
2976
20895
28862
23034
15537
8888
18892
32263
1571
23513
15174
15169
24762
16259
14137
20179
6919
4052
11743
1115
15676
13062
12309
7828
24383
312
5647
13107
9469
8049
32331
32270
21761
3042
14531
28547
15685
16235
29287
31256
23112
2145
13514
25439
29792
655
3612
7197
10066
20602
30040
25514
2080
31210
16062
15003
23842
5029
13444
26783
7256
5246
10185
6567
9215
31630
3530
22090
24930
11202
32088
23399
23027
8342
8330
5388
19098
24607
28335
16534
20813
20047
17030
31258
21729
17781
8370
14596
7968
6147
17000
32766
23835
24468
14443
17428
31170
15661
14906
20245
1713
28355
30087
8508
10061
24062
29164
5647
12816
3133
23770
20616
31777
32730
20946
12915
808
5807
29399
25367
26976
25049
25891
10520
30702
28347
1561
7068
7025
8518
27771
28333
3802
888
2525
24287
10366
11811
89
50
32105
12016
133
29753
20213
4003
17314
19324
30364
25249
30230
5660
17419
30895
9757
26549
375
9212
2747
21128
4660
11362
14069
7642
24452
22761
3392
15255
1965
12941
1850
16699
846
25665
9624
26610
13554
23603
7263
22526
5862
4690
3928
17242
31560
6158
29373
5021
4705
21854
25657
12064
11061
5896
4112
6499
25175
21021
30361
29357
13058
16578
9717
6899
7782
15414
15355
31739
23872
30737
17522
16066
20397
714
18307
28698
8000
12156
7277
22679
18258
19690
21627
2988
30617
19904
21044
29202
1277
17948
24785
21353
23718
25164
24564
8994
11610
15066
22422
5276
15110
10693
2113
14989
4250
1298
19328
13732
1050
25219
22677
13933
16626
18599
16745
22132
19595
28947
15305
3245
14619
32750
2766
16659
31425
21683
7325
17296
4817
22578
12369
10781
1389
27608
6198
23082
19797
24113
27704
16704
16895
2219
16539
229
9195
31389
13548
4544
17201
21895
28471
8701
29788
16028
22394
13043
18298
2429
10074
14852
13684
72
8725
18629
14236
27857
2232
95
32133
18223
7826
21558
13591
11643
20968
24520
6370
2260
23786
21463
14515
934
29414
16074
12389
13612
19900
13393
16634
9780
12178
6216
32747
4899
11464
4318
4283
3896
21038
25590
7378
27925
31605
17357
32137
4219
28132
20189
19586
3413
2892
18178
20026
14328
12606
17372
27361
2729
6267
25716
10601
1119
18604
17442
24797
25803
29780
13998
5108
27030
20738
4021
10982
28906
16331
31054
32638
9523
23031
7662
28528
5671
13819
10633
26862
25348
30888
26106
9590
23064
1697
30373
1774
12679
27154
30555
19186
15689
16543
638
2157
18034
17819
25189
11110
26550
19579
29185
25373
4908
16266
28865
13911
9554
30430
19892
12790
10578
31626
11758
26060
12931
2837
12844
9137
28467
28459
16315
13523
22692
32147
20629
31054
9300
21601
3790
9725
23169
9837
16174
5263
13805
11267
16160
23005
12511
3036
6602
5754
25450
20557
30846
13708
5873
15551
29265
3547
13035
5983
32521
6440
26340
15127
4413
13760
13764
1468
7095
9809
18004
30345
1565
17403
7422
4300
21713
5802
8917
22239
2069
18340
7637
29018
30323
8798
32363
22151
9820
6036
9784
1558
27407
30360
3090
11538
18620
20715
24907
17940
25577
15370
7222
2487
22
25994
3048
17227
20892
11623
22844
24014
9947
15002
6426
15640
11412
15849
21496
14165
20884
22275
9888
17080
3475
20428
24628
11118
3931
8694
16752
26065
5677
31441
16688
20703
31328
12644
31282
31978
10571
25276
9756
19088
6245
10372
18881
30190
29611
7638
30368
25105
2882
9809
17837
14509
17502
11116
28501
12818
4450
17417
9404
6491
13641
31310
3657
24809
22084
9136
4964
23312
9124
32592
20350
27407
4859
3723
22610
16966
30846
23500
14699
32163
32430
9125
18663
14174
16696
5151
14714
24806
3865
5710
3510
31003
6149
22056
20617
29373
2314
31895
14087
24356
23665
20428
3945
12594
24805
11735
8534
11399
15319
5492
25442
21747
27424
12584
10709
29233
2536
6285
12973
31698
23751
15338
13030
375
26923
11783
18680
25411
7162
16448
30882
28304
17272
9431
5094
13025
24682
2959
13653
8984
4732
27766
12172
22250
9184
29954
5631
143
30776
19295
17141
27326
25270
7176
32468
4824
10113
9621
11423
13156
11355
14035
8125
21179
7298
21274
32508
10756
979
28891
22741
30819
9525
1657
19698
5742
4149
22874
28397
24033
14830
17213
18011
14738
7468
25038
4105
29095
9681
25719
9349
2054
27511
27770
10208
14605
32598
13117
26291
29828
20840
27364
1120
25295
28876
3365
24218
19048
11113
3160
18984
27021
20691
6862
3301
6198
7282
31844
14604
17994
2785
5720
19890
10770
7828
12635
16532
13038
22462
8679
21779
5191
25457
19154
25725
31940
17927
11812
31630
19905
1218
38
28983
26365
4783
28859
23197
23186
1232
7923
101
7467
20857
27358
14639
1649
7931
6558
19808
13766
25984
32704
18469
12086
26678
9677
22965
17578
18864
6939
11990
8031
16265
27369
24994
32151
10570
26539
26507
30863
3725
16547
8349
26288
18531
5553
27651
11785
23028
32108
26061
6909
15461
12657
12784
3897
8703
21756
30862
7402
29837
2485
30584
25132
4869
18124
19698
14533
4715
9799
24502
3603
1523
7323
2107
30531
4710
20090
24374
21956
20678
30957
21858
8187
17461
8098
30844
8761
26387
30087
2450
19434
4967
13208
18558
23823
19072
20980
6318
2030
8156
22327
25382
23303
19272
12804
22983
1867
9801
20705
32721
22153
6331
27720
7079
26153
14520
14074
30162
31260
8635
26775
2377
31763
18181
22124
2287
31471
17728
3724
24158
15993
30563
10530
1507
17236
21205
17413
27593
13104
20181
23693
11995
11583
23321
31654
27684
29421
10677
26658
30713
19660
20543
21332
10298
15309
1073
13274
5076
19126
30350
17082
27530
5072
4809
20145
20470
20192
9442
22983
18634
31577
10962
13607
16732
31440
21801
3886
11874
12208
31478
10178
16633
29743
1255
7909
19181
32129
5041
4489
14388
32587
26034
30886
16827
9050
16341
32395
15718
10645
23991
15986
12114
17456
11528
8790
93
1059
22579
21257
32232
27099
25665
28289
1755
28207
26106
30834
2538
6037
4686
14627
14615
28566
11764
32378
5752
27775
8273
29528
15931
9050
11675
301
4583
22044
7230
28611
10468
12832
18815
14174
10814
21204
29023
14599
29606
23731
11714
20773
12730
17523
28880
30797
19846
5759
32412
26203
21322
21159
10755
27586
13949
12310
22744
29984
5907
23941
4926
27926
27644
4527
8788
28758
14061
5
536
2045
9570
1442
10885
24100
17124
8833
29695
8369
8327
4846
6897
1651
5560
7482
9909
10863
32309
26547
14260
12660
6493
27347
206
28150
28330
21432
28668
30233
23420
27348
18995
24587
11800
21222
16012
6295
29168
13353
13475
2039
20773
10187
23100
30954
12106
30624
13357
30215
24939
1560
13944
4433
10061
29295
10167
18955
18936
19747
21437
1230
883
28843
20858
18904
5071
21094
24607
15783
10086
24530
8067
1991
29285
15358
10181
7144
9608
28994
17460
6451
8229
27437
21867
13278
876
19647
7872
23806
2797
30424
736
7325
20059
21233
29619
21005
20623
13834
6534
20091
32719
28643
30056
32199
2897
23151
724
4500
12795
32134
7313
25243
28269
6874
10455
31812
9281
13868
20659
1655
12945
28096
18092
431
4026
14094
24743
2385
21088
21434
2312
4157
19379
4806
19226
19362
5872
12807
32433
16406
16938
29653
22286
9446
29770
15623
22786
4522
13397
20255
31831
10781
13805
29377
31851
15404
20251
9834
7198
1101
31563
9566
24814
3090
3992
23266
2401
22270
1098
5548
17060
20887
30621
3992
24945
14012
19909
7580
8757
24377
4654
7166
13427
12185
32264
27332
5475
6204
18435
3693
32224
23465
8535
18654
26497
3876
1032
16031
27909
2436
13928
31815
2548
13375
10205
28725
32131
29383
2788
11393
21688
5145
20566
1330
24528
658
26603
24242
5854
9733
27132
16511
12724
11276
3725
34
30470
10907
5514
6245
1741
20699
1105
193
9194
6709
23665
6422
16652
14252
12209
32159
21715
9073
13653
22308
14646
4785
17564
31601
6690
14770
22669
29192
14179
5662
243
12563
32200
13215
25767
9884
15234
7851
14605
25088
29646
31138
21217
29089
5588
26646
13364
18652
6862
17513
15281
16955
20332
21406
22821
4587
19575
27497
27455
15472
25270
16008
10900
26007
32270
17238
17893
2988
17388
26782
5029
750
28904
3245
31926
17728
14754
27307
1140
27169
13040
29227
4596
23262
1340
15616
24205
5894
28455
5970
11672
7455
23410
19954
12661
19351
3615
14059
16847
19966
11475
10330
18208
27250
9855
20863
32631
17242
15935
10771
121
24919
15747
27612
6821
6519
4460
19072
477
9132
22393
23959
24354
30077
7522
28931
12192
13564
22596
12164
5354
22520
22271
23431
31366
17267
13276
2623
13484
32598
2420
5367
31819
21092
28365
13479
27725
23149
32453
31685
25628
29892
28340
8797
29541
2803
30797
22628
13084
6060
6853
4682
12224
30723
30520
974
18656
23771
19528
15638
10718
28830
21767
7679
16371
1330
3863
5042
20851
24104
11279
21624
6738
27446
12833
3535
4584
1767
4090
14525
15857
3473
10218
2148
14040
24712
5701
9943
16693
10641
14089
13356
8340
29337
11968
15314
1912
26023
31400
5157
18591
18704
19474
23616
11656
3050
13064
3090
5683
30402
23602
19125
17960
21650
26107
32506
698
10221
4335
20041
26253
16509
20327
32168
3670
17583
30825
26905
738
941
8650
1321
1114
9101
26005
7878
6853
32711
5809
19793
4046
19437
10429
19188
13767
20118
20287
10038
8175
18588
6142
1996
12272
23687
1196
27570
7340
2632
26568
9339
22073
4907
2243
31206
27434
23047
21346
11185
21265
5047
5731
17842
16962
23502
5475
31267
27353
391
29183
30270
20222
8443
12346
25866
2151
23703
23070
5236
10527
19148
1703
28833
6534
27656
18396
18819
6042
15590
17471
5802
15220
14498
32615
11613
9493
24527
5612
7402
14179
5964
28803
9530
1135
29556
12906
31656
20217
17301
26375
21011
17718
29091
13004
21554
22737
2606
2909
3880
22575
146
15093
30553
11511
878
13062
123
25554
30039
29215
31728
24943
24013
275
12627
26827
26221
19288
25937
22191
14441
22189
17082
13946
20022
7679
22999
5152
3460
5006
10751
12147
15731
3660
26981
29857
11524
9861
32564
24062
7629
17861
25566
8964
18162
28151
23472
22680
1104
31690
16299
26255
1531
26713
18575
30321
5099
19978
4152
16253
14834
13494
15661
21485
28657
26891
3191
21371
4684
25391
11695
10019
16027
166
9563
10795
26787
5494
10619
25697
15236
6281
11358
14756
6963
28498
2490
12965
23083
7348
2556
17135
30560
22303
12253
12325
30837
18940
1078
32395
13358
1611
21525
1736
8488
26250
5392
6379
31944
27097
25561
20651
24177
19037
20755
32499
2810
21218
28772
19614
7263
14276
24012
31359
20918
30479
11573
25252
7013
997
30795
7899
14227
16672
32397
30838
29404
3897
2980
1356
24905
29033
6132
5632
9087
3597
22386
22918
3126
3663
10933
23010
14829
8451
9807
13875
30940
9423
9309
15857
299
15759
5213
20851
25953
22775
32064
11188
17695
26234
26048
31062
6158
18027
5876
24807
9494
13411
27938
24676
31185
12514
10964
9211
30271
11833
558
14869
16571
1191
18558
18580
13869
29122
2069
10073
10882
10008
25686
1034
3417
11287
1036
29458
18175
5930
30209
4585
24990
25125
17356
7829
21169
24035
9962
10353
30907
2349
5136
15917
8505
20190
4288
15638
10965
28485
1819
9623
6108
6347
3062
6400
9458
29654
19247
25735
14341
9709
3649
15757
15231
4124
4375
4898
14784
19610
6430
6346
19659
12201
670
28289
13887
20414
14410
2558
13194
22754
18710
17717
25177
12120
4168
13855
18770
9600
9170
13245
22790
18683
31967
11355
31009
2832
3756
12562
30180
18510
16281
23184
25046
29555
30848
27420
16310
26509
15941
20948
2227
9567
2478
29497
25312
6
20853
23278
7138
31965
31388
15037
15339
27293
8961
23259
17645
29641
31282
24429
29191
12361
7298
1866
2884
31316
9309
18435
8580
2708
26072
27425
18106
8069
2188
4269
5720
13343
29605
15094
8712
2484
16438
18318
5789
2331
9680
31126
11593
16142
5458
31035
15632
30673
30210
27777
124
15892
14557
3392
25491
16667
13868
24683
28166
26140
2392
29336
7595
2281
24319
15805
17709
12238
26951
7224
17155
14013
28275
27923
9374
13736
9652
19845
2535
9775
22081
3004
23784
3195
27817
14041
12745
10090
31336
28733
25343
27628
21433
25091
15808
20397
16300
32461
21178
9972
28280
28356
16132
6603
10770
19930
341
29792
29951
8019
12148
22187
2918
6787
8175
1873
31337
13529
23568
28104
16821
3356
28173
30652
13144
7157
24447
28082
1492
19886
31765
31468
19569
26937
11402
27788
18903
26740
32212
27644
20699
9643
10399
14476
10138
606
11513
9309
8388
27461
22095
22655
24379
23954
15256
9302
30685
20854
4048
23618
26013
11750
22184
2942
985
10655
20860
32073
744
15720
14469
24900
2802
2967
5200
3868
260
24790
19310
11624
8803
12839
14446
16341
27169
15398
23560
24704
29935
10126
32667
10403
22322
22271
23514
3188
6489
16895
6081
11850
20077
318
13263
27906
30953
28702
13679
12705
12749
1906
9911
16442
17902
21894
15956
4115
15760
14177
17349
28419
566
14150
968
29726
5817
13441
26898
1429
5528
14432
3395
30167
27023
7295
22041
31740
29803
26184
29412
2916
6172
31675
20026
20123
22028
5483
18411
18816
30895
4553
19255
26279
31580
3493
5439
29691
9307
26098
16314
21160
1343
1738
25577
24120
21877
11186
27085
20219
23326
29982
22423
7085
22042
30520
13664
7763
8549
9693
22810
102
32423
16872
11975
12851
16390
11188
20713
29058
17471
16092
1337
9078
30965
6981
29083
1460
22345
32607
7506
31431
3754
6055
4720
30148
20974
26481
13201
18729
31394
12004
6601
23819
30367
29254
3803
4209
13278
1658
30636
18939
32398
18118
17143
31687
1379
22490
12353
7828
30768
7182
784
26664
29880
15596
30296
16624
13762
28142
1078
15591
14443
19592
21984
7096
19392
361
28637
5159
16012
1791
28273
28333
8047
14649
26204
13154
17200
4752
15812
28449
1364
14920
4463
21478
30448
18419
31285
14458
28603
24632
18101
15187
13671
3794
32072
3253
11570
475
14899
9246
19384
2635
15905
25825
14091
1468
16592
30225
20229
5488
23562
20896
4061
18068
8919
20168
761
4038
14577
11178
12803
18390
32376
23094
20543
31177
9191
5194
3612
14884
14919
31518
19209
24935
5026
17887
6537
20439
1979
17306
18826
7808
28924
13404
27891
24955
30128
15768
2684
24429
29042
32200
29378
25168
4837
855
27547
1398
422
10943
9638
9418
8319
10223
12327
20826
16350
16111
24338
28434
21637
28614
22374
24522
1666
6556
13756
24452
11362
22812
800
30190
1698
9756
27679
8495
20326
29824
28193
7647
29293
23643
28410
28759
325
3416
29371
4908
14267
4441
25550
28406
9366
8797
8514
32598
19077
6055
18275
18743
19797
11805
26254
1619
32615
12270
7235
10745
25442
16247
17020
8974
30245
18792
10557
32595
21760
25122
3693
21477
5155
4708
18404
3850
22870
22311
21445
5930
3819
22726
17166
23324
17137
7522
12909
14244
1707
14981
17750
22073
25153
18949
22354
26891
12468
9772
22426
26692
30743
12565
740
13454
4605
11097
28541
17110
14382
24044
8088
13648
18846
6977
3558
1468
23455
23477
26726
9447
27477
31018
28031
13172
17258
19954
8012
14300
27140
15088
16695
30132
10996
22777
21449
18991
4657
22912
704
12771
27268
23155
14690
23504
5252
12640
20754
28062
18885
29148
3617
23846
8269
13093
24294
820
25159
22790
4369
19339
3580
25595
28988
9770
4606
3222
2243
7630
6566
11809
28118
14264
32193
17541
22988
176
11655
363
31162
27466
9165
15520
11589
25448
15483
17342
10164
15104
32319
19721
10058
21536
11395
4503
14034
11311
13725
21172
11643
11381
20806
20100
24806
25566
25422
26602
15742
3578
30350
1449
14600
2889
25629
27849
21370
11958
31431
6717
6673
1121
15034
24514
24734
30113
31107
18442
9505
28234
569
1562
20888
26411
1528
29681
20505
31195
28817
25706
9503
25014
30080
19555
1058
3618
26911
1823
4714
10775
14873
14825
19492
15582
7968
6906
16310
18456
19683
8093
4944
1795
18490
21905
2243
13049
10404
27567
29591
28985
24308
11724
21847
19946
21575
30689
5168
26717
30009
25706
32699
13459
32089
14859
6166
30207
5850
23673
19257
22412
8843
17560
7303
17634
15369
17377
27300
26853
20018
5895
18311
30079
19422
3034
5840
6304
24778
15979
26203
17027
11989
12657
13589
8498
27503
17899
7182
30028
29006
22023
3536
9222
6754
30531
8176
10864
30220
10194
4834
22010
12171
27457
3089
26166
14519
6746
13871
31711
3313
27209
15306
31003
8282
28413
20513
14077
20291
7377
14901
13390
25061
3436
5667
8589
30802
3045
16560
28212
29356
11307
8486
15165
10645
29093
17759
22245
2790
18709
1055
9648
28324
22978
6567
7341
14384
29142
29318
12539
6077
4613
6323
24716
7
23663
30425
14377
9283
27336
26098
31414
4689
20406
14615
19896
15673
18298
15254
3860
3029
23507
21830
14361
16331
32543
18711
29121
18623
25284
16877
15924
22470
3278
8623
23438
18205
28890
18074
17378
10779
4146
15068
28287
6500
25913
606
13938
3936
7690
31457
2636
26859
27228
588
18725
24142
24745
22340
28896
2158
16015
26622
433
17988
2166
849
15069
5773
19571
8208
5313
14787
3180
11926
7190
12363
4989
10402
4723
26864
15003
21350
30739
13200
24695
26586
25305
19477
6309
5462
18065
4519
22014
4704
4729
15905
5187
12227
18432
12737
17667
8673
28365
10019
958
29769
2563
25456
21834
23436
29380
14035
30326
22861
15348
24876
32238
26264
831
12041
21854
6261
21341
25298
19930
29372
31636
15939
21374
23850
127
16415
1105
28341
2575
27171
11887
797
29391
9017
31080
20164
23660
2543
16099
25791
28020
19239
22151
25389
7262
20752
22811
14791
11211
24149
7915
16057
15371
27028
32110
1457
5603
19729
2087
11573
4749
7852
22729
5689
17665
17424
8862
14833
18547
5934
5417
4580
22557
12010
21003
17986
5182
8211
31267
5751
6243
19097
5625
12288
18149
1786
23901
26493
28083
18430
8779
2056
10321
1188
25362
11462
8993
32348
18357
22715
9186
14198
3730
16611
31606
11739
11329
31870
17640
11771
8895
4011
5549
20998
21452
1080
810
351
21137
1209
8567
1102
30854
11735
24419
32757
16787
2539
25528
28293
13174
27340
20416
26545
21604
5604
2823
19811
29939
30346
31843
12462
20791
19084
21554
773
19755
32010
19427
26538
20563
9099
32440
14696
1184
20810
16329
6277
31892
13521
4429
5363
1190
13257
8469
18630
9192
30993
28249
30443
4071
10509
31927
534
6099
12353
14457
20476
19168
24606
28695
27843
24043
19995
1788
694
5217
10504
17805
31294
12381
30879
27240
22029
11792
31581
24809
8093
20070
5776
16627
30681
13542
3248
31725
8218
7387
28146
23306
3924
27057
30491
13006
26514
5793
21138
28622
24479
18833
28602
24759
29958
3381
25726
24977
31293
30331
3374
19525
21790
14630
24201
21085
406
28600
7707
9228
11425
6806
29897
2158
31606
6759
4010
19216
21246
10685
17176
8883
13195
6647
25607
30029
31943
22374
19350
7505
11755
30894
14564
5168
30257
23919
1317
9760
10635
8229
24053
4892
28053
24397
31211
16684
13000
8650
31602
25574
19953
23174
30164
15669
17890
20316
18584
23385
10600
26422
17678
30767
381
9074
21032
23987
13246
18571
651
29635
26911
31221
20710
23334
19677
19784
30339
14796
14260
6305
4124
7255
6995
69
1263
4315
16909
1928
25620
24290
14033
10478
11279
180
26972
14735
12450
16853
25261
7104
4837
9934
7609
1263
32664
560
22625
23247
10167
23255
28833
27574
10063
1900
8714
1603
20113
9005
14194
13379
292
16369
1258
7381
8128
31078
15856
20941
12281
19870
31718
3159
13912
24266
2243
7389
30384
581
16905
4650
3759
16596
10231
23503
7860
11308
27903
27589
29920
11700
6522
6997
28272
12941
6043
22325
842
22736
15265
22260
12245
534
7249
25495
12558
28478
20388
29061
18137
18794
24509
4512
28820
15435
3101
32181
22514
1439
11034
17430
24071
7671
16269
22149
32415
24254
5836
84
32212
18807
728
1995
5088
21574
1239
32458
2863
24498
31684
1711
1209
14761
11109
2938
22158
20932
12157
14896
14514
717
12100
13949
13356
5503
25876
21404
2138
24716
20069
21628
31367
10725
6139
30491
17343
11573
6750
20278
4322
27566
31371
13349
18680
10505
17129
17921
3524
14792
2174
19975
10908
1727
28771
32321
25976
27090
10613
21603
26184
18432
11854
9203
10379
3233
25460
2988
11037
27115
26063
23077
21072
699
7521
9646
12351
24979
26673
7034
10079
24798
29064
18948
6999
26748
2400
27307
9234
9338
4122
28319
30482
6433
19055
21249
31495
14387
12713
70
14752
23409
5139
14557
9121
18528
6574
23313
23350
8525
293
31280
30854
26511
10499
4845
31884
29452
14628
24323
26146
767
105
3099
7519
19448
23216
23024
10531
10020
13060
25521
25328
18126
30224
6311
7420
5158
2266
10263
28292
6721
6062
25706
6754
8802
20823
24971
17378
25976
25238
21137
26066
30439
17868
27294
16344
19595
15098
17670
11785
2042
31723
6324
7862
25866
176
15050
6793
29076
26701
13448
4817
29303
22962
28783
27163
6623
28909
17062
27394
29383
3229
20636
8520
9660
4010
7151
18725
31460
27443
13453
18654
15680
1224
22041
26778
25390
19674
29840
15474
8242
6511
31788
29895
17397
6426
18568
2264
2702
29227
5894
28563
16897
25123
30830
23212
26885
29035
1495
10221
11019
3909
23755
31949
23931
10754
9894
16451
25153
6006
12095
26332
5000
25001
20170
17676
7365
19407
11005
23489
25848
9082
4978
21310
28207
12815
32077
6183
20043
25206
25118
20184
9478
28438
1545
4347
13109
11265
26916
10586
30539
16747
26656
16881
29471
27233
20524
14408
32495
3000
27158
3072
19876
14147
16563
7083
1623
28489
9858
9185
5909
15925
16012
13456
9439
30352
3214
4243
15605
12077
20570
11142
11093
20387
12411
14809
6782
16640
30744
1828
24697
5820
27675
1722
7450
17388
31633
21121
3460
12472
20308
3073
14571
17423
31976
21434
23198
13722
24740
19131
11588
15342
25362
21104
31589
27397
11672
32444
6445
22255
4695
28231
11117
20165
11091
32026
24547
17375
29908
1385
31419
12614
26381
8879
23893
5996
21244
11009
27209
24603
1681
21147
27305
16044
31762
11712
22662
24697
6334
1217
12981
405
16049
11867
15826
14778
13831
25669
22150
5506
12612
17930
14598
20442
28916
32277
25052
16308
19086
15626
27626
19965
5790
32605
4012
1999
18979
20765
10173
8423
16182
1040
24221
31321
28909
3077
27057
386
11903
30054
30091
31551
2473
10765
10092
3932
1104
30808
22535
10320
16743
4224
27528
31527
15635
27686
27349
19391
20493
21551
16916
16695
585
30930
18541
24229
28885
20463
29969
29703
19203
11683
25979
7037
10954
