10000
24464
2
5
5
19
22
29
7
6
26
30
28
38
34
43
48
33
69
27
219
35
38
168
111
50
95
101
93
103
121
105
124
102
64
127
80
70
81
33
305
452
318
120
531
488
182
185
395
312
89
72
459
350
143
145
127
206
431
193
477
146
122
167
452
260
145
325
249
82
696
187
103
180
84
105
176
134
88
394
351
517
547
934
394
331
363
238
833
684
1274
540
194
256
219
278
654
556
362
655
218
99
404
229
934
638
1039
1405
178
979
940
835
174
153
301
536
724
766
658
243
563
974
381
391
123
166
299
670
1014
553
299
315
380
361
475
400
846
378
176
164
1352
1055
433
797
314
534
275
232
138
534
404
293
1224
1063
256
386
585
738
472
478
525
355
758
608
763
1275
1081
939
515
439
1068
427
638
839
976
1094
1395
1381
868
852
1861
1635
675
944
1078
1048
660
649
2222
1019
632
515
942
1479
701
593
1359
1491
1009
1115
596
324
133
375
632
714
1050
2219
1133
1119
1433
1530
1468
1558
2268
2779
269
375
2959
1657
1120
1218
914
1290
1171
446
1073
1255
1059
318
1442
657
876
736
1301
768
997
718
1503
750
1340
2420
1330
981
698
609
697
1135
275
632
601
203
997
458
1034
1296
2227
1866
1965
1484
341
606
744
318
566
1343
1291
784
918
761
422
800
1436
1226
740
593
363
569
1058
1113
3034
2528
2790
2151
588
958
831
1457
629
351
773
694
2547
406
270
651
292
347
728
626
1373
617
474
2042
1709
1495
1391
1623
821
1385
405
945
719
4462
2168
785
730
1833
479
1124
804
823
1853
1455
1430
937
3973
851
1513
908
1590
2201
1159
1330
3345
3005
3057
2817
1260
1929
1318
1074
2710
813
640
650
1565
3626
1107
3212
1933
2769
2342
5610
1844
1476
1758
1309
1764
1489
1867
3995
2927
1766
696
1159
1000
1637
2194
3982
1081
1383
835
1534
2623
928
3625
2329
1174
1081
999
1146
604
2024
2327
2051
3248
2766
1037
813
1481
2775
1584
2816
2739
1535
1637
1571
1593
2145
1745
5388
724
768
808
888
887
846
798
2287
1037
1277
1298
1389
3422
2232
1296
2417
2892
2729
4021
1697
1775
2360
3036
1592
1565
2944
2487
2953
3023
2882
2352
1877
2302
1589
5094
3091
1762
3427
2023
1231
2785
1232
929
2616
3236
1476
1355
1867
492
1137
4971
4809
1924
2513
1755
2371
4404
472
2045
1512
2094
1560
883
1991
773
2239
1655
2238
1101
956
1032
1330
1087
1105
2484
4406
1180
1140
2766
5043
4460
2623
2227
2327
1767
1805
2864
738
2599
647
2573
1703
1645
1286
854
1792
1104
964
1912
1995
882
2810
1057
3126
958
558
1036
2349
1587
2558
3446
2832
2478
2269
2188
3090
1801
2535
671
1873
1232
2999
985
2789
2873
1906
695
2916
1738
1690
1337
1681
1379
1078
1364
2775
1468
2383
504
855
1666
1175
3416
1619
2154
1707
1468
5240
704
667
2243
3255
1449
1020
1528
1310
1320
1840
4773
3536
3089
3045
4161
3008
3029
3142
606
849
1323
2563
3928
1105
2386
2087
4580
1188
3002
810
968
1184
1190
1788
3216
2800
750
1391
1317
381
3383
1263
560
1258
581
842
770
1439
800
717
1797
1727
685
782
2091
767
2266
4480
2040
3229
1701
1875
2910
1545
3000
3214
1722
3073
2142
1681
1217
1999
1040
1104
1811
1000
5199
5622
3125
7544
2817
3842
751
1292
1989
2042
1123
3683
1436
2480
2294
4355
2216
2668
3428
2691
1855
1823
2283
2191
2102
1303
9066
4868
3122
2065
2473
6784
2028
3219
1823
2203
4396
2239
4149
2908
4649
4025
4774
5642
4403
3021
8119
3353
2951
3889
3615
5418
2924
2766
3960
2231
2853
8747
2853
5959
3249
4093
726
1472
1864
2215
8891
3986
3949
5119
6247
1726
5081
3576
6116
2633
5841
3591
9377
3774
7730
6106
2270
2114
8914
5763
4166
4562
5780
2690
5229
4595
3267
3061
2602
2276
5925
9402
7369
3944
2087
2037
1894
2644
1764
2733
2412
6677
4887
2746
3290
4378
6280
5140
1967
2126
6887
2847
1496
1194
2712
3469
3354
3941
2979
3912
5249
5440
2989
3431
1176
2951
1177
3697
2571
3063
3874
1577
1217
660
3769
3553
5752
7936
3371
3651
4259
6861
2834
3112
2672
3492
2481
1129
2218
3893
7286
4311
4454
3273
6714
5265
3846
3744
5493
2590
4297
2569
2174
2954
2887
2237
2884
3612
2080
3530
7458
11472
2098
4424
1713
3133
3781
1561
2525
2412
1187
2747
1850
2604
3928
4112
6499
3138
4122
2988
6428
2113
3422
5598
2766
3152
10138
4544
2429
5079
2014
1725
9780
3896
4219
3413
6267
4505
7943
5671
1774
2157
3995
2440
2837
7746
3790
3627
3547
4413
1905
2069
3198
3090
3048
3472
4968
3475
3780
6154
7638
4450
3657
3723
6089
1927
2314
3277
4013
1730
7162
8856
3749
4628
4737
7006
4149
3909
2054
8515
3160
3301
4839
5191
9359
3866
1649
2841
6939
3725
3839
3897
2485
1523
4710
2450
2030
8156
1023
2377
2287
1507
6475
6881
5072
6305
2705
4861
3472
8132
4705
2538
4686
3479
5769
6198
5640
2189
4527
4851
1651
6493
6136
4034
2039
2258
923
2860
4924
4282
2797
2091
2897
5381
2733
2281
2428
2429
9834
2564
1098
1063
3693
3876
2436
2788
5413
1700
1741
6675
2509
5662
4552
5588
4587
2988
1688
4270
5128
3615
9855
6519
6312
5354
6997
5367
2803
2464
2740
3863
3535
2148
1889
1912
3050
10221
1689
941
4046
5208
1196
2243
3889
2595
2151
5663
3114
5040
2054
2606
878
2331
4020
3460
3208
3637
1531
4152
3191
1959
2490
2556
1078
4347
4579
3327
3006
1356
3597
4340
5213
5224
4126
1191
2069
2285
6547
4288
1819
2293
4124
9098
4168
6142
3756
7387
7138
8961
2756
2335
2546
2331
5458
3392
2281
1888
3004
3195
2000
1839
2890
3356
1492
1633
6682
3987
4048
2942
2802
8616
5820
3188
2479
2071
968
1429
6172
4553
3493
3957
2216
3346
9944
1460
3330
3300
1658
7182
3470
6933
1791
3584
10595
3253
1905
4061
4038
2798
1979
4172
1777
1398
4191
6556
1698
6631
4441
6055
2604
8974
3693
2672
1962
2443
1544
3558
9447
7079
4657
971
820
3580
3222
2517
10164
4503
2655
2889
1121
1649
1562
3618
1823
1795
2243
4926
5850
5262
5895
5840
7182
5781
4422
3313
3196
3436
8486
6227
3564
4689
3860
8401
3278
4146
1789
2158
1997
3180
1967
3093
4087
4137
4348
6261
8710
2575
2543
3030
5590
2366
5417
5182
1786
2056
3730
4011
1080
1054
1080
4662
4717
4429
2313
4071
7561
5217
3737
3248
3069
2852
3374
2158
3523
3604
5168
1424
980
2565
9074
3635
4124
1918
3125
1263
1603
3534
2243
3759
6522
3555
1106
3101
4252
2697
1239
1209
1034
1385
1815
2174
1819
3233
699
5968
2400
6433
5139
3040
3858
1496
4324
2945
6466
11785
5279
4817
4010
4898
3212
2264
5894
3909
5000
3287
4978
4347
7011
3072
5464
4243
5097
1828
3460
4606
2610
4209
5996
4336
3149
2721
2608
2722
4271
3077
2473
3288
1944
2885
1305
5853
6852
7794
12454
10616
3908
3605
9454
10089
3134
4264
7022
3975
4784
1418
4585
4916
4741
2196
6562
10208
6848
4613
14641
10211
3085
6252
6297
2717
3438
3638
8290
5033
5155
5283
4800
3969
3861
3959
15292
5537
4329
5359
1971
4964
3741
2423
2936
3143
3778
7517
1596
1981
9928
14175
6716
8891
7922
9784
2622
3396
5328
14466
9929
11695
5162
4961
12279
9947
11097
5394
8197
6158
5178
8899
6851
5869
7228
8971
4362
9018
4917
7473
9983
4628
5298
5402
6639
5680
5443
4792
8393
13031
8926
8284
3435
6390
4702
9577
11003
4939
4380
5737
9833
13746
8054
4754
4037
3265
8956
9229
2276
3276
6643
2953
16348
9830
3220
5673
13039
10616
3658
5937
7711
6643
7149
4942
2924
9481
6929
10984
4811
6153
13064
18106
6122
6474
4247
10684
6978
6006
6900
10179
8704
3030
5400
5505
4205
8817
6382
6586
4973
3689
6224
7304
4444
4975
13386
14351
4447
8695
10566
9287
14827
7208
5516
8979
4573
7984
14848
15210
7690
18178
6141
9383
7068
8071
10237
12230
7245
5413
12889
6434
5122
6860
12562
6145
7938
4621
9403
5863
8168
3418
12609
10432
14199
11242
11093
11899
4987
5279
6694
7606
4493
10800
2448
9992
5585
11490
3272
5075
2836
5629
4376
13893
9934
7469
10284
5327
4400
5420
12804
3310
8298
11345
10710
11412
5256
6751
8821
4814
7654
6397
8340
9512
12067
6137
4612
3927
4489
3976
4789
10783
4298
3925
7475
4098
7785
4772
10288
12606
10103
7208
18148
6283
6142
11130
4335
4337
3721
13995
1842
2928
7245
6323
2796
4065
17865
6248
3418
6135
8708
3497
9294
7189
9865
4806
1744
3411
1026
2575
10386
4351
5972
3900
6354
11741
10415
8201
7875
7824
3751
13811
4722
4442
12697
8439
6374
4472
4788
6742
10824
5807
3794
9891
4252
5799
2028
1235
3424
2460
5532
10027
9119
10491
11888
10150
7093
7004
7147
3898
10232
7294
14837
8932
7113
13263
15384
5168
7327
9365
4605
3397
6286
9551
3755
2976
4139
3832
5647
4052
3156
5647
3136
3042
4819
4661
12139
4982
13984
5029
5246
6567
11202
8330
12090
16534
4197
6147
11928
6463
5330
8508
5647
8594
5807
11133
5875
7025
3802
8675
2842
4003
5268
5660
3767
4660
3392
1965
9624
7263
4690
6158
4705
5896
15908
9717
4649
12130
13873
7277
12999
3074
7270
13200
8994
2744
4250
13732
12236
7786
3245
4860
4817
6198
12357
15725
7136
14514
8701
10074
8725
9089
3384
11643
2260
4634
12389
12178
4899
4283
5046
4839
9955
5138
10666
7611
15767
5108
10982
9523
7662
10633
9590
11290
10516
9756
11110
4908
5959
10578
11758
9137
13523
9300
9725
5263
7666
5754
5873
5983
4528
13760
7095
4300
2791
7637
7283
6036
10279
14608
3181
9463
6438
6426
11412
9888
11118
3931
5677
9797
9756
6245
16002
9668
11116
4546
4684
4964
8686
4013
6229
8455
3816
3510
4608
10011
3945
4277
5095
10709
2536
10598
11783
13174
9431
8984
4732
5631
7399
4824
9621
8125
7298
7720
5742
10855
8933
4105
3048
10208
13117
17873
3365
8005
5760
7282
5720
7828
7802
16807
10371
10290
4783
5069
9003
1659
3877
9677
8031
16265
10570
8349
5369
6909
5475
7402
7851
4869
3603
2107
13719
8187
3045
4113
4967
3447
11147
12804
9801
3794
9354
8477
4419
2721
10530
11584
11583
7740
10677
7183
5076
12223
11964
9442
10962
3886
9317
6906
4489
7627
10645
11843
7396
11879
4764
2843
5626
5752
8273
4583
7230
7490
7534
8174
5759
13416
6194
5907
4926
8650
7459
6425
4846
5560
9909
12660
10344
16674
11800
6295
6620
12106
10370
3827
10167
1230
3874
5079
8067
5842
6451
8943
4312
7325
4941
6534
7395
4500
6874
9281
4508
3148
2385
2312
5872
4409
9446
3846
10781
12757
7198
3090
2401
3992
7580
4654
10497
5475
8535
4665
13928
2548
3907
5145
7869
5854
3725
5514
2779
6422
8536
9073
4785
6690
5687
9884
7851
7182
6973
5853
15745
15472
10900
5963
4221
3245
7921
4596
5894
5970
11987
10651
10330
17242
9267
6821
9132
7890
7522
8280
17267
7307
10427
13479
8688
8797
6060
3363
5336
4468
7679
3949
6308
3774
2165
5763
5701
3005
11968
5157
7737
3090
17960
10810
4335
3670
2228
1114
6853
5809
10429
8175
1996
1623
4907
7043
5011
5731
5475
4340
8589
5236
5697
6042
5802
7399
5522
9530
9197
10607
2819
2909
1637
1674
5626
12627
4910
7625
5152
5006
3660
7629
3779
15731
3532
5099
12415
5033
4684
10019
2858
5494
6281
10865
5100
3491
11894
1611
5392
17078
8632
7263
12243
7013
7899
7728
2980
5632
10333
3663
8451
4597
6808
5757
6158
5876
11550
8997
2330
13869
10044
3417
3920
4585
7829
9962
5136
8468
6108
3062
12744
3649
4375
5902
9234
13194
9257
8582
9170
8727
4001
9786
13282
7619
8171
7748
15037
9224
6421
2884
8580
2452
4269
5400
2484
9552
7922
6014
4608
11945
2392
7139
7224
2840
3314
9775
10008
10090
7696
14564
4391
6603
5479
2918
4608
15378
7157
2706
9039
1882
9642
10138
4632
6503
9302
7463
6035
4920
2967
3868
8803
15398
8554
10403
6081
4342
12506
4728
2518
4115
987
2793
2718
6334
9242
7528
5483
13270
5439
5605
13620
7087
3794
6625
7213
11975
10884
10817
2430
1903
3754
3757
5263
3803
3247
5269
7242
7828
7798
6054
14443
7096
4672
2253
4752
4463
18419
14458
3513
3638
2635
14091
5488
7132
13074
8672
4861
3612
5026
6537
5213
12401
2684
4579
2770
8319
6817
16111
7394
7401
8696
6877
6676
12219
4908
6438
7704
16339
7193
2806
10095
10557
5155
3850
3819
9177
7522
4627
12468
2773
1895
11097
6925
4844
11768
10139
8012
8975
7214
7529
3045
2501
3617
13093
4369
4606
6566
11809
11655
2822
11589
10664
10058
11311
5951
9290
3578
5703
9274
5496
2151
4609
2488
5504
7051
7396
4714
7968
2723
4944
8331
3020
11606
5168
12944
6166
8843
6626
10454
18311
6304
11989
8407
8113
6677
6344
4834
5868
6746
8282
14077
7377
5667
5100
10645
17759
9648
6567
6077
4613
8414
4752
7666
11476
14361
14288
15924
6099
4590
6500
3936
2636
6060
6766
12635
2166
5313
4833
4391
10054
6485
3678
4704
5187
8673
6118
6501
14738
12041
7601
15939
8942
6565
9017
14303
15433
7262
11211
7915
5603
3699
5689
5934
7923
8211
5751
2435
10066
8779
7784
4925
5338
5556
5549
6215
1102
10414
2539
13174
1618
10978
5868
9638
6271
6277
5363
8469
2892
10509
6099
9063
13707
5720
9252
8093
4844
5139
3924
6678
4010
3318
3381
15680
8685
2397
6806
4010
6069
6647
7505
13896
9760
4892
13000
8650
1203
9992
12294
13246
15584
4266
8242
4502
4315
1928
2791
7222
4837
11652
6580
1900
9005
5634
3879
10378
3159
7389
4650
7690
11700
6043
9306
7249
12558
18137
4512
11034
7671
5836
3991
1995
2863
1711
2938
2973
5503
1461
6139
6750
4322
9211
3524
4837
10613
11854
8720
2988
5521
9646
7034
6371
2809
14748
12713
14752
6574
6193
10499
4845
4943
2762
1955
5803
5158
4785
6754
17378
8791
15098
17670
6324
6793
8106
6623
12637
7004
7151
10794
7044
6511
5180
2702
6504
9198
5548
10754
5433
12095
5660
4706
12815
5748
5249
11265
8500
15268
4379
13181
7083
5909
4989
12077
6920
6782
5820
7450
12472
5227
9234
7937
9380
6445
4695
4326
9194
8721
11009
16044
7517
4272
11836
5506
12612
16308
15626
4012
8423
4751
11431
9637
3136
7635
4224
5778
8081
8620
11112
7037
6465
19385
18309
15584
8978
12173
11100
9540
16948
23050
14864
11593
4568
18671
8077
9036
21747
15710
18766
17165
20783
6563
14729
13523
8153
24569
10484
10214
21295
22183
12014
10221
7394
8715
14350
14211
5665
5911
25000
19164
10895
6663
12431
13162
9311
8659
6063
7211
20292
18308
10523
27202
5934
15300
17432
18688
8434
25568
5316
12404
3885
7704
10595
11336
12528
21161
7575
8130
20527
10676
9580
17589
14177
12907
12414
24890
4572
5787
12767
8277
21527
17768
18038
8677
7842
9672
13687
7439
5834
23753
5814
16268
10063
5070
2663
11546
13938
10729
8796
8513
14926
4293
14505
7992
3569
11484
17585
12992
20714
19931
14480
22902
8054
10057
12027
9207
10627
13649
10697
16762
3341
10152
6969
22843
8784
5910
18592
16348
16539
18432
19443
12502
5243
22682
5843
10847
15117
21165
11407
10045
11274
12322
14643
12584
14702
19908
30337
7792
14507
7578
12411
17376
10000
12761
10154
24096
15053
14535
12546
9232
11014
7895
12989
15510
7657
6976
14428
9618
15708
20158
9946
8075
11847
24612
13421
18484
18234
8206
10904
7155
6355
10073
7474
16373
16634
9330
16642
19495
14908
18203
10426
8953
9937
6237
7319
10251
7659
14066
9800
23570
11344
12661
17065
11406
22329
4811
7428
9915
25403
13273
22344
18640
10762
10213
5959
23357
13858
7961
30585
6394
13849
10628
18113
13623
17610
15039
7744
10863
13725
13316
5708
11101
17389
24278
11904
13997
6491
8251
5900
12552
21913
19866
13753
12238
9618
15047
11210
7868
16672
17279
19691
16586
18056
10233
18581
10584
26457
4052
16129
13131
9038
10489
17699
23485
5027
8905
7689
29809
16627
23274
22795
21660
8408
10177
11541
7400
8030
6905
14889
21266
10003
12750
21413
17169
15972
8903
13731
15201
16566
10238
6947
3720
10056
13327
19810
8152
15354
11308
22700
10840
7500
9485
7496
18263
17584
20454
13323
3925
9817
10696
7653
18309
8694
6729
7642
18177
16152
14969
15644
17137
11198
19103
19643
11681
23097
15185
22882
10250
17410
22650
17273
23282
22976
7038
10172
13590
7134
12362
9472
17478
24217
19388
18757
15938
13765
8843
24953
23512
8044
23287
10036
9532
7233
9354
18317
10366
19806
22673
19205
15541
9766
7350
8040
21681
15497
13824
23341
9283
7870
20586
8894
9673
14550
17625
9360
22525
30091
16144
8375
13298
10810
21195
7923
7556
18340
12546
7386
3929
16189
20809
11386
29704
19381
15806
18583
16495
15046
12068
17638
12779
8353
20145
6738
19958
9008
8045
22414
8451
18834
5930
13839
18018
2858
17052
12195
22222
6422
10318
20494
13191
7433
14787
8265
13666
12223
7011
5697
17149
13624
17452
20348
14015
11779
15197
7694
7784
18505
11142
9918
23425
11808
6710
11669
9366
13020
13227
12580
9727
8433
15902
29194
16990
12363
15133
15856
11462
15526
10003
8469
10498
15431
21619
7384
29007
24156
16655
12861
8845
12067
11637
13084
20088
13182
13056
8695
10044
8360
7094
7172
6853
15750
19808
15006
8853
13006
11443
12205
26537
12297
14395
6150
24956
16637
12459
14764
7738
27368
18305
7040
5782
25119
14704
17609
17020
30446
11148
13893
7208
19196
18287
7437
15230
15027
20011
20501
12794
15269
5610
10300
9581
17638
6096
21860
15196
10331
8337
10601
11495
11935
16575
12528
18178
6846
14586
8579
6245
19811
20582
8363
12662
4001
10309
24093
22846
10793
10694
10201
10743
13485
11350
10537
11283
25766
11298
26280
7524
13488
12207
14627
11592
5620
1177
3574
9005
19518
17261
20657
8777
6193
9767
15790
16311
6389
22399
19409
13028
11818
16895
16202
12298
12029
14910
15474
10251
9262
4208
23282
15098
11860
16891
22703
11319
15302
25059
15779
10055
19842
7192
14347
7663
6046
6403
9330
13285
14684
11367
11750
7826
21751
15890
18927
10692
7316
5876
19596
21855
4804
4063
8098
15597
5240
13105
8927
4368
16798
21132
15643
17873
15388
12323
13644
15843
24236
21305
10989
12165
11412
15350
19473
7079
16259
11674
15709
4353
16407
11827
11213
17743
22486
16356
12199
12908
17006
19713
17078
15289
21266
15643
12395
20305
10469
17056
28494
16023
10986
12173
22641
5043
7721
17122
12199
9634
6425
13928
11620
20895
15537
5161
21205
7010
13728
14137
6919
11743
8777
12309
7828
12823
9469
8049
8642
12136
15685
16235
11286
5511
25439
25878
7197
20602
20983
16062
7747
12336
7256
10158
9215
8414
18934
23315
23027
8342
12539
24607
20813
17030
19081
8370
7968
8863
23835
14443
13006
14906
20245
9622
10061
24062
12743
21897
20616
20946
12468
16366
16675
20261
10520
25608
7068
8518
7810
6840
10366
11811
23190
9206
20213
16662
15296
12985
17419
9757
16218
9212
14769
9183
4380
6208
14302
6581
14093
25396
13554
12219
5862
17105
17242
11180
5021
16824
11061
11925
19709
18190
13058
9874
6899
11268
13651
13555
16066
16995
8000
12156
18258
19690
5565
19904
20326
10345
17134
24564
11610
9536
5276
10693
14285
12433
24153
22677
13933
16745
14829
15305
14619
5790
16659
7325
17296
12369
10781
9066
19797
17070
16704
16539
9195
13548
14573
21895
13046
16028
13043
10151
13684
18844
14236
27857
11014
7826
13591
17416
6370
23786
14515
27023
16074
13612
13393
12330
6216
10065
4318
15880
7378
5762
17357
18681
19586
10824
18178
12606
11028
16794
10601
15028
16270
25803
13998
20738
16325
16331
25739
20413
18162
12200
13770
14925
10336
23064
11299
12679
19186
11414
19935
12989
12353
19579
25373
16266
13911
9554
12790
19134
23884
12931
12844
9305
16315
22692
20629
16489
15136
9837
6599
11267
16160
12511
6602
20557
13708
15551
9037
13035
6440
10893
22914
13764
9809
18004
14074
7422
5802
8917
18340
28517
7967
10499
7779
9784
15890
11538
15570
17940
10192
7222
22588
12694
11623
7923
9947
9288
15849
14165
15760
15548
17110
21018
8694
16752
13358
16688
12644
26347
10571
12494
10372
18881
17434
17994
9809
14509
13481
12818
4631
5892
13641
10064
9136
15238
9124
10734
4859
16966
15698
14699
9125
14174
5151
14714
3865
23523
6149
4691
13181
14087
14426
7819
11735
8534
5492
14020
12584
11240
6285
5733
15338
13030
12055
15486
16448
27789
17272
13025
18301
13653
20673
12172
9184
19857
19295
17141
7176
6431
10113
11423
11355
14747
8283
10756
19498
15885
9525
19698
22874
24033
14830
14738
7468
5402
9681
9349
27511
11566
13228
24788
20840
25295
28154
19048
11113
18984
6862
6198
13873
14604
18538
10770
9624
13038
8679
21779
19154
25725
11812
19905
18185
24290
5002
5622
7923
7467
19939
14639
6558
11424
25984
12086
9790
17578
15660
11990
19395
17514
10946
26507
16547
13142
5553
11785
23028
12826
12657
7849
8703
15684
21158
25132
11823
14533
4715
5487
7323
2403
18140
18859
12436
9907
8098
8761
13474
8388
12359
12083
19072
6318
14329
16622
15854
15135
11795
22153
6331
7079
14074
27885
8635
14149
18181
5872
3724
15993
14619
17236
17413
13104
12051
11995
18935
13393
13043
19660
20543
10298
9078
15709
17082
14798
15652
20192
13154
18634
13607
16732
4520
10516
10178
14474
7909
11822
5041
6668
26034
9050
16341
15718
14576
12114
8790
21892
18130
17334
17566
5215
16926
6037
14627
14615
7880
13142
9968
9050
7381
21525
9666
10468
14174
10814
14599
16884
11714
12730
9291
14513
26203
14933
10755
12310
15598
13685
10940
13747
8788
14061
7650
8329
10885
8833
5783
8327
6897
7482
10863
23596
14260
24911
28150
14980
21999
22919
18995
21222
7119
13353
13475
10187
19368
18134
13357
13897
4433
10061
18955
18611
4334
16139
18904
5071
7324
10086
11111
15358
7144
9608
8921
8229
13278
9753
7872
11595
8050
20059
21005
7158
16698
22767
13930
15342
14358
8916
6934
7659
10455
13868
14580
12945
14467
4026
16354
21088
3087
4806
19226
12807
14120
10690
18541
15623
4522
13397
17745
13805
14683
18448
8660
9566
8519
3922
7232
5548
11546
15007
9243
14311
6958
7166
12185
12948
6204
18435
23465
17044
5998
11053
18888
24181
13375
10205
8431
11393
12013
20566
13078
24242
9733
6415
11276
19473
8180
6245
7863
5530
6709
11039
14252
12209
11440
13653
11313
11461
14770
19222
13131
6571
13215
25767
15234
10675
23231
21217
11147
13364
6862
15281
20332
22821
15636
20230
16008
16522
17238
7937
17388
5029
12897
11069
12379
19905
13040
23262
14276
17672
25022
7455
19954
12661
14059
16847
11239
16113
19417
19057
10771
15180
15747
8130
18058
17078
22393
16118
20625
9192
12164
15445
20064
22056
8102
13484
15674
14151
16161
23149
31685
10807
21440
14184
7191
7873
4682
12224
6568
18656
15638
10718
13758
15938
5042
16042
11279
6738
10586
4584
4090
3473
10218
14040
8451
10641
13356
8340
15314
17826
10064
12167
19474
11656
13064
5683
19125
20912
26107
15688
18274
16509
12439
17583
7366
8011
1321
9101
7878
21053
8390
19437
18707
11909
10038
15675
6142
9481
8970
2632
9339
8490
13036
17960
9779
5047
9818
16962
10383
7311
12826
8443
12346
23703
20655
10527
10705
6534
18396
12914
17471
14498
11613
9493
5612
5964
12085
11238
12906
17301
21011
17718
7605
3353
3880
20446
7956
8400
13062
25554
17618
13247
15775
26221
8999
14441
17082
13946
7679
20176
10751
12147
11598
11524
9861
22143
17861
8964
23472
16877
16299
4099
18575
14275
16091
14834
13494
20264
12325
8648
11695
10662
9563
10795
10619
9691
11358
6963
26791
12965
7348
17135
12253
7504
18940
13358
7310
1736
5409
6379
23704
20651
9106
15578
15286
10649
14276
20918
11573
8633
17265
11834
13423
27747
3897
8925
6132
6285
21820
11390
3709
14829
9807
8881
9309
15857
12273
18059
22775
11188
26048
9600
18027
9494
13411
24676
10964
9211
2648
7628
17342
14091
11136
10073
10008
8721
11287
18175
5042
9886
17356
17710
13551
10353
12725
8505
11367
10965
21855
9623
6347
6400
19247
14341
4328
15231
7730
4898
6430
6346
12201
13887
14410
14754
18710
17717
12120
12220
9600
12378
15017
11355
24960
12562
15843
23184
17517
16310
15941
20948
8505
18395
20426
12701
23700
15339
12253
17333
18580
8779
7298
25231
9309
9834
2708
15505
8069
5720
13343
8712
16438
5789
9680
11593
12855
15632
18065
9015
14557
25491
13868
15110
22181
7595
9867
10024
12238
17155
13729
9374
9652
15138
16131
10819
13788
12745
17732
25343
21433
15258
16300
21178
9972
16132
9735
19930
19769
8019
3109
6787
9548
13529
16821
16603
13144
11456
16361
17705
19569
11260
18903
5964
13413
9643
14238
11513
7214
22095
9821
15256
9869
15891
8525
11750
9579
10655
6851
6329
24555
5200
4514
10549
11624
12839
16341
20243
24704
10126
18368
22271
6489
16895
11850
13263
15716
13679
12705
9911
16442
6157
15760
14177
11300
4099
5817
13441
5528
3395
15235
7295
24489
19134
9196
20026
9738
18411
18816
19255
24475
11022
9307
13696
16209
24288
21877
11186
6323
22423
6713
13664
7763
9693
14280
13586
12851
11188
16179
16092
9078
6981
15472
7506
22585
4720
12909
13201
18729
6601
23819
12750
4209
21262
18939
17143
14564
12353
12869
10587
26664
8762
13762
16109
15591
17487
14881
15566
5159
21279
8047
7665
8204
8686
18506
14920
21478
18922
22591
18101
13671
3794
6816
14839
8111
15905
19277
16592
18930
18303
8709
8919
13849
14577
11178
14084
20543
9191
5194
14884
13623
10909
13181
20439
12677
7808
13404
16709
8196
10658
11874
4837
4978
9365
9638
9418
10223
14681
17336
21637
8079
10324
13756
11362
8897
23507
9756
8495
9511
7647
20116
26416
9042
14267
12685
6837
8514
19077
18275
18743
11805
13106
7235
10745
16247
17386
18792
21760
25122
7480
4708
13418
8937
5930
17166
17137
12909
11642
14981
5746
13484
13035
9772
9879
6798
4605
11158
14382
8088
13648
6977
13846
23125
16164
19806
13172
17667
14300
15088
10020
13005
18991
15191
12771
9132
5252
11146
18885
20878
8269
15803
24985
7594
19339
8908
9770
16306
7630
27545
13765
17541
14209
17021
9165
15520
15483
17342
15104
11216
10393
14034
13725
11643
10249
20100
25161
9465
13960
8510
25629
21370
11958
6673
15034
19159
12363
9505
9547
5000
4698
13256
15174
9503
12936
10144
26911
6569
10775
14825
9662
6906
18456
8093
9933
11403
10404
10726
14452
11724
17048
15403
15165
25125
13459
14859
19779
12588
10020
7165
14056
11908
18495
25842
19422
13575
24778
15979
14027
11633
8498
11565
19374
11296
6754
8176
8112
10194
12171
8819
14519
13871
18309
15306
13877
20513
16485
14901
13390
26689
5710
5167
8113
11307
11427
18977
22245
18709
12405
22469
7341
26654
12539
6323
19297
20603
9283
26098
11766
14615
8192
12657
14883
21830
16331
16835
18623
16877
17268
8623
8688
18074
10779
15068
10044
15398
12076
7613
9311
10484
15308
22340
16503
16015
17988
5080
5773
8208
14787
9642
7190
4989
4723
15003
13200
24695
19477
5462
4519
21654
4729
12227
12737
9851
10019
17714
11078
21834
14035
22861
15348
24721
19949
10052
16431
16131
26991
10863
9301
18148
10840
11887
15771
19339
23660
16099
19239
7370
17896
14028
12366
11057
13767
14256
16835
11573
4749
19326
17424
8862
18547
28722
9832
13331
11587
6059
6243
5625
7350
23901
12367
14570
10321
11462
8993
7288
9186
6406
11739
11329
11771
8147
11457
21452
20820
1209
8567
11735
24419
3894
8285
17693
20416
5604
2823
21940
12462
19084
13633
19755
15934
6305
14696
14667
8806
13521
9601
13257
12122
4782
24248
19955
29832
12353
14457
11070
9666
17598
14579
10504
17805
12381
22029
11792
11239
5776
16627
13542
8218
6806
5433
13562
13006
5793
24479
18833
19875
6852
9904
24695
19525
14630
13993
7707
9228
29850
9325
6759
12185
7514
6203
18187
22691
19350
11755
14564
19509
10456
10181
8229
21556
24397
16684
13328
11339
21704
6711
18584
10600
13396
15951
14079
22136
18571
22237
20710
19677
19784
11535
4975
6995
4629
16909
10942
2656
10478
26564
7685
16853
5227
7609
21195
19365
10167
19269
10063
7489
11938
11058
13379
16369
7381
7159
12281
19870
13912
7683
14301
16905
15025
10231
7860
11308
20136
19114
6997
7814
15820
9947
12245
7446
21811
15563
23222
18794
23327
7093
22514
18452
17430
16269
18305
8000
11497
18747
5088
2626
11766
4935
3963
11109
3342
12157
14514
6549
13356
6818
2138
20069
14669
8240
17343
11573
16909
11893
10554
10505
8949
14792
10908
9190
25976
18949
15955
14866
9203
9984
7946
18066
13017
7521
12351
19170
7334
17957
6999
19057
9234
4122
28319
15369
21249
14387
20384
17887
9121
6681
9745
8525
24081
18186
18405
14628
24323
5135
3099
19448
10531
8257
20460
18126
6311
10185
10263
6062
10174
8802
24971
17566
21137
17049
16344
16583
21078
18350
7862
12524
7521
21145
12929
10457
13897
13348
17062
17332
8520
9660
9355
27443
13453
15680
22041
19674
7106
7939
5233
6426
18568
10217
8044
16897
20981
10345
9199
10610
22011
16465
9894
6006
16408
13807
17363
7365
6579
9082
19335
23093
6183
20043
20184
9478
21450
13109
10586
16747
16881
27233
5743
5631
15458
14147
16563
20871
6349
9739
10921
9439
19440
15605
11142
11093
12411
15858
21193
16813
8030
9840
21121
16016
5916
14367
10211
13722
19131
9897
21104
27397
11672
8939
4795
11117
11091
12823
14020
12614
8879
12857
19223
23326
21147
18754
8101
22662
6334
12981
11867
14778
13670
9714
14823
14598
23262
21822
17799
19965
5790
10389
13479
10173
5934
13846
14957
15354
11903
16885
10765
3932
12250
10320
10022
4544
5943
6890
20493
16695
9917
12322
20463
22366
11683
7741
10954
23853
21565
22368
32552
31143
19784
20016
28681
19277
28803
28827
23539
32352
18112
28045
20900
20109
26299
30633
32578
21298
15105
31482
23873
23821
32242
24922
24560
14416
24711
25465
31748
24233
23629
17855
27453
27394
26642
30945
28184
25319
29109
15969
21057
31914
24429
19769
19803
30870
30811
31854
15319
21149
23495
31396
23209
26017
29850
30479
25728
22239
25549
31584
31250
30235
11660
28771
19164
31781
27590
30323
10786
23675
10228
24956
28481
32236
21694
27663
15170
14600
10390
14617
27563
15964
21081
31527
18458
13727
28826
29476
28406
16153
25381
23507
25505
30902
23682
26371
31214
14640
27218
27774
19734
28080
26597
28441
31953
28903
30487
21881
25992
22618
31003
32378
12317
11261
29607
31606
16429
15364
27386
13658
30410
25460
22438
20286
25440
29187
29115
25950
14724
21126
32652
24123
24020
24989
32535
29476
23248
20123
20617
30941
25229
24421
29434
30291
26502
16450
30061
28936
18213
8711
20672
17689
16356
16557
16599
32410
29230
27255
18089
32442
23991
28074
23281
14112
24079
16800
17333
21888
20107
29259
24644
10661
25407
23917
31416
27414
24855
24068
22747
18650
30516
26070
17566
15599
32462
32371
21057
16173
32159
21179
25555
29009
12303
9500
20443
27136
16233
17738
20163
10491
31177
19177
18191
31213
19096
23162
13602
16274
18992
24751
25928
16600
24061
30671
22179
26831
20403
20043
29546
24348
20306
16066
11407
23432
12205
22153
10372
15366
32603
23541
27949
29395
19065
23371
32402
29950
22602
20146
32637
23020
10976
15312
24363
30168
14591
29684
31254
21403
32512
31247
32360
19677
27704
18769
25699
32068
27674
30957
24010
28811
9459
19159
29792
31266
8775
28557
20918
17773
25618
32025
28863
31230
19201
27830
22394
26041
20226
24965
31364
27285
30424
25467
24634
14883
26398
19700
22592
29900
32238
31916
19042
13905
18833
31217
19775
15103
18209
29342
18657
28886
16640
11388
19630
25702
22346
11690
30165
28137
25818
31303
26018
20013
20801
19284
19641
18303
31235
26304
19624
24240
26816
25789
27035
17604
9310
24305
30209
14570
23981
30550
13114
32400
27405
17733
30226
23759
20393
27857
21809
9514
27433
25283
29857
25854
32303
31806
29805
23946
18290
26672
26695
18701
27856
26762
20244
16798
7588
21540
15090
12422
29140
21989
24514
24116
19921
25750
14579
22111
20391
32659
23577
19586
17601
15477
27504
22682
25404
13032
25880
13469
19204
14408
14957
23809
8815
16726
23431
24578
8272
15188
17662
20978
20539
21055
27875
27027
16676
27202
21849
21104
27014
20732
29298
23631
30900
25348
15676
15374
23272
11234
17131
24648
30601
26231
27459
27403
24034
29120
25547
23711
23554
30171
23872
10464
30435
9525
31554
26208
22506
30909
32589
20124
30704
32318
21683
16197
22387
21694
22541
24622
22803
31569
20386
15537
31946
19535
28759
18479
15728
30949
16071
30768
25984
22610
23873
23682
24419
23619
23170
22813
17558
19650
32211
25666
11952
12780
16084
27749
32226
28870
32089
26279
28090
15573
17283
16911
24204
31970
20973
24663
29538
14565
29292
29903
20748
18600
19854
23828
14322
22530
13176
27420
23621
32528
21230
28115
27887
30287
24440
28929
32458
29811
17371
23595
30864
25933
24943
29747
29850
28511
11942
6371
17920
22917
29512
15295
22786
13057
11147
26924
29351
27654
29032
26613
8508
14405
15189
11189
12232
19547
30988
30705
27241
24191
24553
30868
28823
30904
22077
21710
27323
15922
20615
22804
18726
30423
28470
20546
14788
20298
21798
22817
25247
31064
22888
27525
26071
12615
23106
15031
25932
21723
18380
19871
32549
17603
17653
27116
15518
30915
28090
18401
28354
18951
30106
18114
15968
14263
3813
13621
12568
22987
26757
27613
26009
30241
26564
31267
19904
27596
29040
14343
31624
26800
13631
13603
18472
31022
24700
20165
14546
25302
20098
24838
19028
17853
32199
29824
21682
13643
4418
22273
29518
23335
30418
31075
27711
17232
21537
30132
30119
20093
11790
10507
29212
16205
18423
30629
32451
24246
19729
20061
16516
19288
28317
26966
12125
11906
22274
32381
26831
24110
19571
15374
25601
32433
20601
31064
31803
27318
17050
21717
19856
29467
23309
31489
28690
29426
23819
32550
26895
28057
29756
21124
22370
27066
17676
17035
27545
26176
20109
28116
24766
16156
22141
20165
25592
24699
26635
24590
19531
25443
17747
28909
31248
15106
14165
16583
32207
30081
24607
29240
25573
22400
26547
29458
19241
15418
22594
23586
20175
25789
24178
22689
26100
26536
32512
23948
26526
23309
28165
26791
30787
30078
19056
15822
13551
32765
12255
27887
24782
27253
30688
24911
31739
22677
27420
16032
28226
30328
13744
11369
31945
12849
23054
20881
25570
19912
17675
11547
18913
19202
18530
21770
21485
11639
28434
30094
31095
31765
19807
21951
26050
27465
14665
20591
21705
26105
30192
26928
21141
17263
14752
27381
27981
22120
16598
21351
19227
16443
14721
7406
29516
25360
29846
31497
12114
22607
32348
30287
24809
29962
19039
21184
24560
21924
20440
23595
29977
17435
25544
13706
19375
18069
30786
30065
27684
24214
21794
26784
12331
20452
28065
24152
30409
30634
8231
26823
32587
27216
31413
11812
27029
22262
9012
18234
31910
21376
20652
29436
14257
32280
29532
26614
12552
18797
27833
23652
19741
16108
11487
22032
27383
20790
27765
15732
31791
9438
32167
19027
9865
19392
29342
16759
17467
23864
7203
8789
30234
7337
23049
19728
19290
18001
23184
29020
23704
32682
28814
19605
26602
17664
29026
28181
28551
25770
14419
31913
20154
26180
26498
22733
21167
19019
30565
27639
12649
20709
6937
19122
22183
15146
10889
14499
19968
29570
19027
26276
24491
13286
23635
32009
23889
26362
25293
19116
29731
32259
30604
27029
14565
13799
18792
27633
24783
16081
25582
29157
16304
27112
27941
19599
27108
25821
17720
19089
17663
22827
27056
23131
27361
14189
30129
31931
24779
31226
22887
19379
17171
14269
21332
18139
30352
20862
15179
15404
31790
29698
22557
31927
16647
14830
31517
15857
31947
15592
25928
20810
11403
10694
31939
7290
9009
32016
19296
6922
18705
24810
25313
26693
24726
16355
22924
28397
24494
19787
24623
19168
30856
23177
29550
29491
28412
15107
24713
32348
13165
10867
26307
27465
26695
26609
22515
15065
27833
25554
23025
8334
32185
31936
27213
23532
19725
28701
25716
6494
29518
29960
19304
31266
19436
23695
19516
17521
30552
32244
22362
25006
21983
22695
30382
24077
26210
28888
28527
24735
9477
17574
15271
17990
18181
30997
27994
27035
32570
23609
15360
18016
26315
31432
14837
7442
24514
29984
29329
19632
23523
32142
6360
7037
29525
22074
32049
32682
31602
11923
14043
14084
13400
28597
14005
31997
13377
22922
30224
16744
28599
29415
20819
21843
14907
21861
25593
14833
21178
12215
12210
29747
29285
28040
22191
29866
11064
30632
17449
24734
29809
14609
11917
19104
27185
31015
27857
23155
26390
22965
23597
26541
18562
25982
10944
15008
31212
30891
27801
14587
30830
30526
20108
20147
27335
27015
26212
28708
28028
27036
19731
22220
19088
31368
27308
19575
16675
26048
21465
30301
12340
21811
10796
22190
19793
28816
23760
32151
27310
28148
26895
25304
29841
30982
12889
28642
12397
22343
26154
17503
31592
17196
23991
20649
20265
18975
30356
29039
31093
27581
13796
13809
29061
14771
25212
31659
21611
24299
21791
17138
26314
12170
15715
15481
25585
32761
27011
14918
10116
30707
32679
22169
24332
25787
24980
31266
19059
30018
18857
24114
29259
27313
15775
21844
24531
27760
30247
26765
18457
24685
11819
30585
21807
25085
32690
8340
22478
23253
9905
21339
28593
15399
22400
25956
30226
11941
26034
19248
16741
26318
19500
30980
18772
30304
30637
16402
22691
28239
28513
21306
27400
21272
24605
11922
22693
22690
7085
22056
29209
22564
31700
29540
22195
10919
30063
23150
10217
24448
19049
22223
21192
14134
17875
24629
13178
32427
16454
13939
29021
25724
27387
23858
18881
16791
20998
23203
25850
18021
19127
19695
20963
30658
19731
22028
27737
25240
22834
24993
21316
17595
15748
31138
29027
26419
19216
29382
26618
20645
15938
15676
27854
16972
17458
16936
28195
22803
26099
21014
17277
17286
13908
22003
11814
14086
25518
18438
31296
23176
31965
19171
19630
16201
28658
24671
25600
22844
29460
27769
19595
29481
26638
22263
23044
25565
17235
28830
24120
23138
25663
23456
30072
30234
25015
29822
31723
32605
23961
22920
27774
17663
22262
16051
28510
26310
18900
15143
17765
25835
25537
31694
13666
24810
16691
16869
25110
27234
23840
32011
26369
15731
29756
28862
23034
22547
8888
18892
32263
30679
23513
15174
15169
24762
16259
22317
20179
24276
20250
14960
14479
15676
13062
16225
26478
24383
18268
17563
13107
20917
28172
32331
32270
21761
30626
14531
28547
23998
21648
29287
31256
23112
28116
13514
29170
29792
26695
30402
26661
10066
20909
30040
25514
21796
31210
31561
15003
23842
17482
13444
26783
17101
18171
10185
21167
14300
31630
13816
22090
24930
32310
32088
23399
23480
19169
19802
14990
19098
26739
28335
22185
31560
20047
23319
31258
21729
17781
13805
14596
25770
26734
17000
32766
29594
24468
29726
17428
31170
15661
17446
29691
22557
28355
30087
30787
18297
27618
29164
25959
12816
28183
23770
30830
31777
32730
23454
12915
28808
20294
29399
25367
26976
25049
25891
16689
30702
28347
29346
9024
26880
18512
27771
28333
31660
23008
26425
24287
20954
18440
32725
29399
32105
12016
25821
29753
29521
32628
17314
19324
30364
25249
30230
29040
24947
30895
16512
26549
32058
14843
26593
21128
19844
11362
14069
7642
24452
22761
9783
15255
30729
12941
20948
16699
21179
25665
27061
26610
14742
23603
23196
22526
28508
28771
24697
31378
31560
27600
29373
31599
16744
21854
25657
12064
26502
18389
32761
26080
25175
21021
30361
29357
26470
16578
30909
30709
7782
15414
15355
31739
23872
30737
17522
32618
20397
23910
18307
28698
14538
23496
16359
22679
30968
25266
21627
6429
30617
24298
21044
29202
32277
17948
24785
21353
23718
25164
26442
20400
20595
15066
22422
18708
15110
16982
12417
14989
25221
25849
19328
27719
28569
25219
30381
30157
16626
18599
22579
22132
19595
28947
16704
29104
25614
32750
26964
23309
31425
21683
8697
23312
22548
22578
14271
13765
20791
27608
24595
23082
21414
24113
27704
22975
16895
25532
24649
9514
11584
31389
25497
15143
17201
30152
28471
21622
29788
17644
22394
25979
18298
24315
21723
14852
18572
30421
32616
18629
18734
31928
30612
16671
32133
18223
28201
21558
14654
23724
20968
24520
6839
25504
29217
21463
19388
27308
29414
26799
29071
18777
19900
30219
16634
30910
29070
8639
32747
17543
11464
22094
12166
28979
21038
25590
28190
27925
31605
26455
32137
27494
28132
20189
30002
26608
29078
31038
20026
14328
30689
17372
27361
29776
25349
25716
24462
31704
18604
17442
24797
30490
29780
14832
18040
27030
23901
24487
16543
28906
16906
31054
32638
22431
23031
23809
28528
25639
13819
15484
26862
25348
30888
26106
23689
32160
29638
30373
18589
24845
27154
30555
24382
15689
16543
27847
27791
18034
17819
25189
25186
26550
30954
29185
26779
22608
32565
28865
18418
31150
30430
19892
29671
22686
31626
26122
26060
21308
30192
27251
25901
28467
28459
18899
17179
26523
32147
27173
31054
21831
21601
27442
17004
23169
16058
16174
29320
13805
29596
25558
23005
30920
14050
28741
24500
25450
22753
30846
17900
31042
32763
29265
12048
26944
32437
32521
11992
26340
15127
32364
23151
20710
21272
19685
31217
32257
30345
22674
17403
29016
25311
21713
21206
16180
22239
22927
21514
32751
29018
30323
8798
32363
22151
9820
21825
21591
23434
27407
30360
21591
17359
18620
20715
24907
23212
25577
15370
20346
24984
27361
25994
22929
17227
20892
20141
22844
24014
15596
15002
20149
15640
19963
24922
21496
28278
20884
22275
23633
17080
30896
20428
24628
25806
31296
17456
25772
26065
16707
31441
24213
20703
31328
14464
31282
31978
29169
25276
18285
19088
12889
29770
30623
30190
29611
32089
30368
25105
10037
26925
17837
16139
17502
19120
28501
17309
31341
17417
9404
6491
22050
31310
31972
24809
22084
32431
28305
23312
30909
32592
20350
27407
21261
29386
22610
29555
30846
23500
27658
32163
32430
20724
18663
32389
16696
24960
27877
24806
4220
5710
24033
31003
10106
22056
20617
29373
13498
31895
14096
24356
23665
20428
28651
12594
24805
29426
24303
11399
15319
5828
25442
21747
27424
25126
28599
29233
11588
7794
12973
31698
23751
19821
29118
15280
26923
31514
18680
25411
17129
22536
30882
28304
30886
26448
18544
13451
24682
18636
28931
22970
21136
27766
17311
22250
10113
29954
20898
29445
30776
25886
28336
27326
25270
28130
32468
26008
32751
26464
18672
13156
23291
14035
24933
21179
11624
21274
32508
16763
20401
28891
22741
30819
18838
11493
27664
25570
23506
24053
28397
26365
20343
17213
18011
27986
24216
25038
16938
29095
21013
25719
14986
20437
30195
27770
32083
14605
32598
13466
26291
29828
27164
27364
30139
27085
28876
30472
24218
30447
14121
32576
21485
27021
20691
15352
6247
6826
19926
31844
21710
17994
29613
31754
19890
11755
25616
12635
16532
22201
22462
13412
30299
23456
25457
24232
26385
31940
17927
28741
31630
31731
30884
27318
28983
26365
21298
28859
23197
23186
18476
25530
21416
16914
20857
27358
31407
16377
7931
23764
19808
13766
26845
32704
18469
25266
26678
10352
22965
30363
18864
24306
30660
18834
21829
27369
24994
32151
26710
26539
28735
30863
31725
29599
28152
26288
18531
28591
27651
32021
30026
32108
26061
26271
15461
17558
12784
22187
22355
21756
30862
22312
29837
25659
30584
27472
29508
18124
19698
19312
32316
9799
24502
22578
21736
24687
3012
30531
24006
20090
24374
21956
20678
30957
21858
30422
17461
12001
30844
11169
26387
30087
22979
19434
29500
13208
18558
23823
28273
20980
11455
29282
21504
22327
25382
23303
19272
24428
22983
30543
26670
20705
32721
28169
22002
27720
18714
26153
14520
26949
30162
31260
11301
26775
15801
31763
18912
22124
7838
31471
17728
29283
24158
20637
30563
18031
19673
20666
21205
20339
27593
13781
20181
23693
19526
31488
23321
31654
27684
29421
29771
26658
30713
19930
27652
21332
25478
15309
26319
13274
21629
19126
30350
17908
27530
29183
26570
20145
20470
22492
31973
22983
22161
31577
15858
18961
32366
31440
21801
11587
11874
12208
31478
16826
16633
29743
9614
23493
19181
32129
7391
22445
14388
32587
30105
30886
16827
23459
22514
32395
28962
16219
23991
15986
29472
17456
11528
22020
32200
22886
22579
21257
32232
27099
25665
28289
13007
28207
26106
30834
12422
28773
21074
16992
27157
28566
11764
32378
29287
27775
12629
29528
15931
23130
11675
13391
32044
22044
28006
28611
12269
12832
18815
16961
21876
21204
29023
15395
29606
23731
12291
20773
17689
17523
28880
30797
19846
26444
32412
29899
21322
21159
14284
27586
13949
13342
22744
29984
30039
23941
22758
27926
27644
31958
16225
28758
27637
16421
23560
23103
9570
24842
24185
24100
17124
19340
29695
8369
13766
9382
29522
31477
21572
8531
23186
19845
32309
26547
14736
30783
26129
27347
28159
32218
28330
21432
28668
30233
23420
27348
28439
24587
29022
27313
16012
18672
29168
28257
28141
22057
20773
30039
23100
30954
22364
30624
19932
30215
24939
28231
13944
29715
28629
29295
27265
23178
18936
19747
21437
18413
26486
28843
20858
30073
11141
21094
24607
15783
13638
24530
25774
15728
29285
15574
10181
20612
13678
28994
17460
23290
19067
27437
21867
15609
13177
19647
8874
23806
14926
30424
14239
10245
30847
21233
29619
26253
20623
13834
23003
20091
32719
28643
30056
32199
16086
23151
21098
18355
12795
32134
7313
25243
28269
21720
24965
31812
26058
22280
20659
21753
17009
28096
18092
19345
13768
14094
24743
25559
25979
21434
9741
4157
19379
19769
23690
19362
28493
18275
32433
16406
16938
29653
22286
19991
29770
22126
22786
29403
14403
20255
31831
23181
22419
29377
31851
15404
20251
22023
18907
22250
31563
14521
24814
27226
3992
23266
22625
22270
17008
29033
17060
20887
30621
31817
24945
14012
19909
25466
8757
24377
9865
24517
13427
19422
32264
27332
10023
25636
23087
23860
32224
26797
27073
18654
26497
28763
25410
16031
27909
30574
31924
31815
32332
29902
21538
28725
32131
29383
29998
23386
21688
17058
29274
27373
24528
14082
26603
28169
17962
28430
27132
16511
12724
17268
26447
31794
30470
10907
29692
20071
17879
20699
16980
19061
9194
29631
23665
25509
16652
27750
30927
32159
21715
22133
14815
22308
14646
24438
17564
31601
16867
20278
22669
29192
14179
22217
31479
12563
32200
16647
31603
32187
16279
26345
14605
25088
29646
31138
28646
29089
32058
26646
24546
18652
32042
17513
31456
16955
27373
21406
30214
27103
19575
27497
27455
21556
25270
17269
21746
26007
32270
28308
17893
11682
23701
26782
25947
16778
28904
19083
31926
17728
14754
27307
28717
27169
25058
29227
23864
26488
16092
15616
24205
18604
28455
28439
11672
27354
23410
27519
30613
19351
30214
14236
30138
19966
11475
31668
18208
27250
31020
20863
32631
29783
15935
15069
26548
24919
24170
27612
8781
12111
29555
19072
25792
21611
28961
23959
24354
30077
31862
28931
12192
13564
22596
26543
18537
22520
22271
23431
31366
22645
13276
26888
25778
32598
22932
30463
31819
21092
28365
16382
27725
26001
32453
32582
25628
29892
28340
30259
29541
30057
30797
22628
13084
12862
6853
8506
19625
30723
30520
9202
24775
23771
19528
29721
24138
28830
21767
21807
16371
20937
29456
27475
20851
24104
12157
21624
31826
27446
12833
28496
22283
21340
16119
14525
15857
23840
22710
27519
29557
24712
10972
9943
16693
19132
14089
30280
17137
29337
20602
20533
23378
26023
31400
28583
18591
18704
32010
23616
15930
22586
28158
22769
18345
30402
23602
29145
30065
21650
29853
32506
26607
16960
20331
20041
26253
22732
20327
32168
29469
20383
30825
26905
24440
23478
8650
24496
13142
16313
26005
29652
22222
32711
12713
19793
23436
29798
19720
19188
13767
20118
20287
10123
21794
18588
31055
11844
12272
23687
16360
27570
7340
18873
26568
16635
22073
11785
23551
31206
27434
23047
21346
11185
21265
7935
28909
17842
25219
23502
10541
31267
27353
26668
29183
30270
20222
23858
16871
25866
25823
32256
23070
29821
21306
19148
27969
28833
17761
27656
26835
18819
24507
15590
30503
26944
15220
16830
32615
28478
19019
24527
31750
7402
14179
12730
28803
32091
24457
29556
31325
31656
20217
18705
26375
28925
29349
29091
13004
21554
22737
12857
28599
5909
22575
28139
15093
30553
11511
28286
23244
25858
27359
30039
29215
31728
24943
24013
19106
28125
26827
29984
19288
25937
22191
24454
22189
27240
22729
20022
19688
22999
24078
20789
18343
24664
31297
15731
22823
26981
29857
21441
32088
32564
24062
28678
24645
25566
21944
18162
28151
27655
22680
22179
31690
25138
26255
27863
26713
20604
30321
26249
19978
19312
16253
20985
16860
15661
21485
28657
26891
18006
21371
31745
25391
12785
11626
16027
23273
26329
29247
26787
18101
27270
25697
15236
12039
17540
14756
19418
28498
28839
13159
23083
20405
22019
20364
30560
22303
26303
12325
30837
27307
25239
32395
22185
16244
21525
23313
8488
26250
19424
7578
31944
27097
25561
24681
24177
19037
20755
32499
22961
21218
28772
19614
12754
16040
24012
31359
21813
30479
32600
25252
19363
22200
30795
22712
14227
16672
32397
30838
29404
6290
12834
14072
24905
29033
12515
6315
9087
26560
22386
22918
24934
9950
10933
23010
18778
14042
22667
13875
30940
9423
26776
24940
18256
15759
29648
20851
25953
28439
32064
22250
17695
26234
28665
31062
11236
22273
29878
24807
21931
21273
27938
30717
31185
12514
26718
16400
30271
11833
8672
14869
16571
25265
18558
18580
21443
29122
31747
18166
10882
11974
25686
16185
8842
26495
13289
29458
31175
5930
30209
22537
24990
25125
28639
22968
21169
24035
14763
13911
30907
25161
13430
15917
22186
20190
18306
15638
23209
28485
30966
31601
22798
28246
29692
27888
9458
29654
21626
25735
27988
9709
16446
15757
26049
12264
18876
26307
14784
19610
13010
29680
19659
30428
23083
28289
22286
20414
23153
15343
28689
22754
21105
25272
25177
22322
23739
13855
18770
10102
24722
13245
22790
18683
31967
29340
31009
25557
25775
18579
30180
18510
16281
24401
25046
29555
30848
27420
19711
26509
22714
22407
22792
9567
18047
29497
25312
20596
20853
23278
25613
31965
31388
26247
32504
27293
14982
23259
17645
29641
31282
24429
29191
12361
27440
28284
29955
31316
12793
18435
23233
6449
26072
27425
18106
24024
31878
11257
10420
14240
29605
15094
25348
20056
25693
18318
31296
27809
19149
31126
28285
16142
28618
31035
24981
30673
30210
27777
22062
15892
25237
26329
32723
16667
32293
24683
28166
26140
29756
29336
20633
21751
24319
15805
17709
20391
26951
23064
18615
14013
28275
27923
24987
13736
21005
19845
21167
32733
22081
13951
23784
15429
27817
14041
27660
20480
31336
28733
29200
27628
28740
25091
15808
20397
22959
32461
25461
31625
28280
28356
21895
21598
10770
21655
20252
29792
29951
24833
12148
22187
26810
20696
8175
21956
31337
18784
23568
28104
27557
16715
28173
30652
18201
13553
24447
28082
29470
19886
31765
31468
32327
26937
11402
27788
20518
26740
32212
27644
20699
14865
10399
14476
22424
21065
13893
9309
8388
27461
28093
22655
24379
23954
23764
19571
30685
20854
26613
23618
26013
17344
22184
24380
30311
23865
20860
32073
18383
15720
14469
24900
27350
22705
17059
4732
20157
24790
19310
25649
13439
23995
14446
23546
27169
22087
23560
24907
29935
14987
32667
29162
22322
28919
23514
28605
14852
26822
32087
15578
20077
28706
30654
27906
30953
28702
22489
20618
12749
15526
23480
31774
17902
21894
15956
17424
18840
24901
17349
28419
16082
14150
21421
29726
11857
18637
26898
7495
15487
14432
8126
30167
27023
20306
22041
31740
29803
26184
29412
11936
20895
31675
23855
20123
22028
20755
29900
30106
30895
20262
31168
26279
31580
32696
29308
29691
25910
26098
16314
21160
22737
25719
25577
24120
29144
13594
27085
20219
23326
29982
29606
7085
22042
30520
15031
10388
8549
32441
22810
25635
32423
16872
18379
23875
16390
16031
20713
29058
17471
27675
23428
18532
30965
32655
29083
28538
22345
32607
23221
31431
31121
6055
29770
30148
20974
26481
27664
27001
31394
12004
9504
27700
30367
29254
25728
13006
13278
21539
30636
29073
32398
18118
29087
31687
31812
22490
16416
28044
30768
19237
19761
27781
29880
15596
30296
16624
32089
28142
16924
19813
21858
19592
21984
24634
19392
19899
28637
29557
16012
28338
28273
28333
27404
14649
26204
13154
17200
12473
15812
28449
22912
25351
26012
24364
30448
29463
31285
30764
28603
24632
22999
15187
21592
23896
32072
11680
11570
27647
14899
9246
19384
31610
24927
25825
28377
24648
17893
30225
20229
29762
23562
20896
32207
18068
23582
20168
20601
22545
22194
17119
12803
18390
32376
23094
23249
31177
21741
31149
18562
20662
14919
31518
19209
24935
24202
17887
30398
21823
27254
17306
18826
28930
28924
30208
27891
24955
30128
15768
30564
24429
29042
32200
29378
25168
9684
13458
27547
12920
32054
10943
15237
23380
20152
16133
12327
20826
16350
29851
24338
28434
28081
28614
22374
24522
27587
20048
17487
24452
29662
22812
29571
30190
25087
29791
27679
24291
20326
29824
28193
17786
29293
23643
28410
28759
30699
25938
29371
26378
28403
14192
25550
28406
9366
8797
20189
32598
19595
30666
18386
28918
19797
30889
26254
28563
32615
12270
24067
28055
25442
31351
17020
19500
30245
25919
32670
32595
22139
32643
32151
21477
26458
9787
18404
26829
22870
22311
21445
30370
11791
22726
19908
23324
19550
18556
15945
14244
30761
32723
17750
22073
25153
18949
22354
26891
30572
28629
22426
26692
30743
12565
18616
13454
22013
29252
28541
17110
19748
24044
24750
17125
18846
14893
20244
15361
23455
23477
26726
26812
27477
31018
28031
19948
17258
19954
26352
26382
27140
29609
16695
30132
10996
22777
21449
30226
19269
22912
17861
29816
27268
23155
14690
23504
24960
12640
20754
28062
24440
29148
31436
23846
31675
18333
24294
25269
25159
22790
14066
19496
25757
25595
28988
11817
17884
25479
30529
21161
8009
30378
28118
14264
32193
29100
22988
17409
28233
31088
31162
27466
13837
24893
23483
25448
28646
18643
22322
23446
32319
19721
28292
21536
11395
26670
27727
19620
14811
21172
12178
11381
20806
32183
24806
25566
25422
26602
15742
26637
30350
14806
14600
32289
28115
27849
30864
14640
31431
6717
26475
26688
20482
24514
24734
30113
31107
18442
18696
28234
18793
19266
20888
26411
32602
29681
20505
31195
28817
25706
32572
25014
30080
19555
12184
31298
32694
11558
32378
30348
14873
27107
19492
15582
9780
17276
16310
30008
19683
30706
25014
31705
18490
21905
32515
13049
25423
27567
29591
28985
24308
32425
21847
19946
21575
30689
29885
26717
30009
25706
32699
20308
32089
15737
20729
30207
30287
23673
19257
22412
20823
17560
7303
17634
15369
17377
27300
26853
20018
25866
27476
30079
20798
30301
20288
26456
26473
31714
26203
17027
28703
12657
13589
23185
27503
17899
24626
30028
29006
22023
30413
9222
22255
30531
10812
10864
30220
31702
11233
22010
26303
27457
9802
26166
21502
32498
16824
31711
24393
27209
26189
31003
15908
28413
26516
29041
20291
16027
30736
31662
25061
32326
26895
8589
30802
21319
16560
28212
29356
12901
26213
15165
26409
29093
28745
27440
29157
31199
28666
22058
28324
22978
24125
26891
14384
29142
29318
29405
14495
6500
7187
24716
19362
23663
30425
14377
10325
27336
31212
31414
15932
20406
25179
19896
15673
18298
15254
26873
27057
23507
22568
28745
22844
32543
18711
29121
29295
25284
22799
25551
22470
20714
24648
23438
18205
28890
26159
17378
28912
32359
17549
28287
27663
25913
29458
13938
18498
7690
31457
22744
26859
27228
17001
18725
24142
24745
31280
28896
29706
22079
26622
24950
20108
21372
27225
15069
21207
19571
13708
29987
25769
23931
11926
31972
12363
10435
10402
11015
26864
21871
21350
30739
22028
24926
26586
25305
27584
6309
28232
18065
22357
22014
28872
29448
15905
32750
15657
18432
24573
17667
12633
28365
28211
30125
29769
24813
25456
23430
23436
29380
17282
30326
24584
20531
24876
32238
26264
21779
32006
21854
22068
21341
25298
19930
29372
31636
32514
21374
23850
26174
16415
22847
28341
25056
27171
25586
28811
29391
17164
31080
20164
28840
32407
21445
25791
28020
31814
22151
25389
23455
20752
22811
14791
12458
24149
27785
16057
15371
27028
32110
23567
21180
19729
12847
12718
29849
7852
22729
20043
17665
24875
29689
14833
30702
24910
31123
32469
22557
12010
21003
17986
12128
24112
31267
28927
28730
19097
18994
12288
18149
7829
25844
26493
28083
18430
30646
19719
24815
29443
25362
25366
10615
32348
18357
22715
13748
14198
9114
16611
31606
32016
32372
31870
17640
20145
8895
26479
25595
20998
30578
24088
21190
30297
21137
22583
29663
25708
30854
21844
26080
32757
16787
12332
25528
28293
29385
27340
29157
26545
21604
31556
4397
19811
29939
30346
31843
23598
20791
27122
21554
29554
29588
32010
19427
26538
20563
9099
32440
18606
29246
20810
16329
24175
31892
14804
12427
22569
14165
26861
15444
18630
9192
30993
28249
30443
27491
27209
31927
30332
30598
16181
24600
20476
19168
24606
28695
27843
24043
19995
29833
25941
17456
30298
22862
31294
20456
30879
27240
31469
31572
31581
24809
18433
20070
8773
23079
30681
27637
25667
31725
14463
7387
28146
23306
27841
27057
30491
14409
26514
13855
21138
28622
25432
29905
28602
24759
29958
25931
25726
24977
31293
30331
25003
31621
21790
17482
24201
21085
30676
28600
20768
20520
11425
30767
29897
16826
31606
10361
18124
19216
21246
10685
17176
8883
13195
20261
25607
30029
31943
22374
31791
12610
14623
30894
30928
23556
30257
23919
31293
12946
10635
10114
24053
27770
28053
31093
31211
16993
21608
17242
31602
25574
19953
23174
30164
15669
17890
20316
31372
23385
23514
26422
17678
30767
32260
19592
21032
23987
22747
31949
32357
29635
26911
31221
22525
23334
20860
26456
30339
14796
14260
6305
26572
7255
20120
15036
13762
28202
22405
14895
25620
24290
14033
20409
11279
28785
26972
14735
12450
23026
25261
7104
23433
9934
21555
27963
32664
25672
22625
23247
14626
23255
28833
27574
26298
21229
8714
30221
20113
31938
14194
14034
28458
29349
31803
30710
8128
31078
15856
20941
15197
22228
31718
32635
14252
24266
24799
32228
30384
23810
21672
29203
28630
16596
24959
23503
32364
17415
27903
27589
29920
32449
20448
21526
28272
12941
15790
22325
27790
22736
15265
22260
29115
30758
15736
25495
23097
28478
20388
29061
31259
20496
24509
24525
28820
15435
12106
32181
28343
26839
24693
19631
24071
30768
24039
22149
32415
24254
26611
21856
32212
18807
29415
19740
15343
21574
13635
32458
21830
24498
31684
11785
18879
14761
32279
7225
22158
20932
20731
14896
25435
17811
12100
13949
30594
24994
25876
21404
18030
24716
31071
21628
31367
10725
23279
30491
20153
26771
32636
20278
17986
27566
31371
13349
18680
31215
17129
17921
25512
18488
21995
19975
27599
11952
28771
32321
26050
27090
23854
21603
26184
18432
27520
18705
10379
16232
25460
11065
11037
27115
26063
23077
21072
25761
19341
17983
31553
24979
26673
21859
10079
24798
29064
18948
27947
26748
29040
27307
19793
9338
8508
31769
30482
22011
19055
24798
31495
20926
21608
25544
28733
23409
18215
14557
17511
18528
26665
23313
23350
22770
12259
31280
30854
26511
23407
20937
31884
29452
26913
24438
26146
30734
26243
30185
7519
20484
23216
23024
20517
10020
13060
25521
25328
21746
30224
28077
7420
17427
19245
14713
28292
6721
7564
25706
23132
18438
20823
25176
30566
25976
25238
23581
26066
30439
17868
27294
23340
19595
29836
31632
27030
26725
31723
13232
19623
25866
25335
15050
10412
29076
26701
13448
22070
29303
22962
28783
27163
23361
28909
26735
27394
29383
24785
20636
19027
11770
13909
25783
18725
31460
32699
18495
18654
24193
26295
23314
26778
25390
32332
29840
15474
8242
28888
31788
29895
17397
6651
29732
24962
11885
29227
26144
28563
21357
25123
30830
23212
26885
29035
16263
10221
11019
16730
23755
31949
23931
19753
27012
16451
25153
29293
27963
26332
22255
25001
20170
17676
23575
19407
11005
23489
25848
30354
32275
21310
28207
25193
32077
14324
29840
25206
25118
20696
26851
28438
28306
30581
31284
18867
26916
21936
30539
29640
26656
17607
29471
31277
20524
14408
32495
16588
27158
25691
19876
21766
25755
29541
21496
28489
9858
9185
22620
15925
16012
13456
16421
30352
23703
22444
20708
24898
20570
13098
14495
20387
19379
14809
25240
16640
30744
25423
24697
25633
27675
15688
17210
17388
31633
27354
24553
23948
20308
27306
14571
17423
31976
21434
23198
18039
24740
29436
11588
15342
25362
32729
31589
32613
25373
32444
30486
22255
31454
28231
14929
20165
11857
32026
24547
17375
29908
15680
31419
22758
26381
8897
23893
21226
21244
22436
27209
24603
26610
25581
27305
25695
31762
11712
27410
24697
12370
21508
15038
19086
16049
20934
15826
23313
13831
25669
22150
21394
25802
17930
18927
20442
28916
32277
25052
27885
19086
26170
27626
24991
25833
32605
13803
14600
18979
20765
31739
25604
16182
19855
24221
31321
28909
28828
27057
31237
18252
30054
30091
31551
28674
30424
10092
30944
23270
30808
22535
18953
16743
14345
27528
31527
15635
27686
27349
19391
29544
21551
16916
24684
26336
30930
18541
24229
28885
21988
29969
29703
19203
19061
25979
31279
27694
