100
21042
21041
21040
21039
21038
21037
21036
21035
21034
21033
21032
21031
21030
21029
21028
21027
21026
21025
21024
21023
21022
21021
21020
21019
21018
21017
21016
21015
21014
21013
21012
21011
21010
21009
21008
21007
21006
21005
21004
21003
21002
21001
21000
20999
20998
20997
20996
20995
20994
20993
20992
20991
20990
20989
20988
20987
20986
20985
20984
20983
20982
20981
20980
20979
20978
20977
20976
20975
20974
20973
20972
20971
20970
20969
20968
20967
20966
20965
20964
20963
20962
20961
20960
20959
20958
20957
20956
20955
20954
20953
20952
20951
20950
20949
20948
20947
20946
20945
20944
20943
