10000
5981
15368
4911
28145
28150
27195
14562
6457
3899
13398
2836
25178
247
21256
16778
15507
22971
29103
19705
15702
25217
22895
9673
16380
31631
21121
30744
29112
18590
12238
20738
22985
26684
14525
12576
12788
14959
25929
10318
9010
31387
8278
24242
15014
12453
1093
12026
10961
15705
17862
13796
11529
1545
16621
31492
5927
887
23689
5826
31105
14326
14257
31138
22808
20683
21919
14536
23058
30425
15298
955
28266
4734
13838
10089
23782
1720
13719
17003
13385
10124
32094
3723
32458
28584
4458
25475
18886
14663
7195
22280
21938
32341
15804
7687
595
25555
31319
4911
19249
5246
14797
1711
26697
11947
3621
15169
26370
18806
13349
13415
20322
21787
543
14836
10626
23204
14606
13519
30527
24261
27618
18676
30259
27652
28951
20667
15844
2076
4748
7517
3642
6308
28563
8372
25143
31468
17732
25666
6882
21288
4376
29045
22148
22224
16819
3881
18455
5702
27136
30831
8956
2490
10883
28813
28396
25931
17643
22598
22577
30830
3559
10331
20502
7316
12603
30033
4508
30471
31763
24693
24174
4629
8599
6686
2071
4465
11711
22834
6515
1494
6761
27627
13411
9197
15017
17883
30661
25201
28768
12078
420
17297
24592
31024
25003
19862
5870
23567
4064
30405
22329
25057
15247
2183
32459
744
1667
15815
15342
22293
124
8348
1136
204
30430
27432
762
13543
27815
28608
28317
1021
20131
19532
174
18660
14307
27889
31956
24692
23147
8686
32607
3726
24619
19652
1499
13405
22577
26778
26085
15324
1052
29151
9790
23705
6612
28977
28190
7608
19832
11646
32459
14650
14232
18793
27497
17536
27557
20463
788
16906
21157
29770
8492
133
7723
2325
22512
27397
26503
29362
10575
11919
20282
6377
16890
22746
12461
7121
27326
21590
15906
20468
9233
25966
6378
17838
8171
3338
14808
24534
3543
29785
15863
15776
27977
17869
27512
31682
23090
5991
750
4310
2002
18996
12478
18688
24013
792
13008
9424
27522
8394
1675
8042
9624
21280
13057
8164
8665
14221
870
6639
17732
7912
17863
8634
6237
24686
25080
30483
13768
24075
23759
19408
1814
7637
7055
18797
17375
7385
31655
6646
26385
16155
4765
30759
3719
216
10821
2771
30942
19726
19766
3970
5508
7487
30590
6238
23313
18033
16277
24912
22491
6009
2960
102
12484
11385
9879
30072
599
7080
19097
23819
22548
24401
29246
19061
11783
8479
1822
3394
12448
19095
16432
26071
11966
32486
17541
27989
29197
25053
26166
13504
29074
20538
2459
24417
4740
27945
3261
15464
27486
10506
17166
9174
15666
9589
22872
6810
5952
6779
13812
506
22727
8495
10556
22069
1307
1894
578
16487
7672
4282
23491
32684
30742
18645
13654
28040
15869
19180
11497
8583
5403
8841
27758
30752
6420
10638
8146
223
8537
1911
1839
6084
1276
13791
31042
11750
20675
11845
27167
1371
9083
9489
18979
25692
9358
30162
20779
933
18648
9418
2563
15387
22967
6572
12834
14257
29281
30628
16788
10636
26491
13976
12087
20838
19687
25006
17706
20016
3549
7950
6531
1019
19261
25833
32576
6424
29731
32698
897
20094
19644
19915
19188
14189
22361
21499
25488
5201
21442
4032
24198
21737
18637
10856
18036
1448
19503
29092
17884
11356
31889
14662
4566
22541
25063
2634
27905
26664
10237
17171
22207
20189
26450
3320
15010
21189
28714
19199
13345
5064
19423
26088
14992
22334
26744
6510
18767
24404
8828
9929
22593
20913
8457
4215
14463
29018
14368
17212
10574
12243
17731
20584
14671
22920
14914
7512
18422
24939
19026
11327
15165
4061
27999
25127
15770
6354
11683
28210
6190
23856
29560
13862
32063
23417
17258
27688
22248
5034
8849
12744
28175
25187
5406
27710
32152
5959
27443
11763
1496
19110
20472
22852
29773
13914
20203
24706
29580
5614
17271
18237
30586
20998
26313
18626
22975
31482
28639
18402
6776
22213
31201
27637
6444
1566
9397
3871
23042
1252
9166
25042
11057
2495
12100
26516
16055
2309
2858
12547
3150
24282
6428
30486
3996
25756
10263
31653
13994
30078
30349
21292
5271
9842
6841
31692
11406
13645
17713
26002
26869
29477
4538
20476
4839
11774
23135
8377
24037
23974
16581
6065
23496
6110
25017
1093
27898
4026
26379
24536
230
9291
27551
29070
15021
17019
26049
24403
19995
7735
3001
20512
10457
1748
26271
889
15332
23211
1905
571
31037
24071
4707
19604
23011
31042
5238
10579
32766
8746
22348
31330
18781
29865
10043
14992
26146
16038
16288
2196
18364
806
20854
25423
31766
14519
22567
31570
18702
18190
12449
15776
7209
2031
9901
31669
8837
20301
27772
21703
7439
16051
12419
17483
17653
26594
17802
31163
21599
700
4351
23959
1882
14944
13199
26538
10516
21911
8184
10894
335
15983
5144
14450
13840
11557
10314
17691
30103
31304
26867
10537
31892
23580
11864
10908
19608
4925
9907
11926
9930
19076
18053
14434
7899
11822
4909
22966
23100
32315
31674
30773
20366
8213
13310
3128
6746
29554
17891
15566
14082
28283
19715
32002
15095
17710
4210
3676
23853
8193
28382
3242
25292
9672
20699
26367
17449
23768
5496
27133
7668
10093
11542
16208
17075
24393
22138
1659
110
21662
12832
27351
28332
13358
8146
23256
22687
6321
6778
17555
6044
19319
1589
31613
29134
30798
9384
11126
20778
22694
9111
32006
26277
6643
31155
20198
3493
851
1460
10434
950
7793
9128
19261
18559
26537
11403
310
14836
18797
5143
5705
16589
26343
6365
5785
8502
31199
14997
15309
17352
18400
27315
11097
2744
29334
11067
27135
1870
10107
4053
10389
9113
29363
21796
19976
5218
14643
596
25249
10078
7721
18674
16519
16807
22424
5889
11654
8813
13891
3914
16910
15849
25805
23539
16767
17555
8734
3923
18339
10901
31497
1797
28540
17279
18219
1339
22337
17980
27926
29781
9635
19781
12719
2227
29780
10004
5844
13511
17354
2780
3394
9070
23617
1399
32182
11392
16383
12960
27987
30629
4827
5730
16708
16747
6912
10960
26018
30358
16111
30199
23448
6584
9411
15377
29381
9985
22201
8700
12769
27223
4335
21482
12964
31657
7276
1113
29923
21889
23393
22342
27901
14809
27310
3485
20853
22832
31912
1269
27616
28637
20762
24442
28930
19874
28298
26666
9268
31620
189
1861
18952
29658
125
23294
11824
8357
2201
18551
16540
5151
31790
6380
3555
12183
25125
30511
5860
11387
6653
24916
19373
15287
19914
25261
11676
12093
17790
10745
23747
25061
32616
20440
5265
20856
12794
24962
23471
7943
6863
953
27433
27010
16109
16892
4302
13958
71
24062
4313
23925
11398
13142
19153
10444
26888
888
9645
8625
8233
15844
1852
14796
21442
6301
23236
18264
30960
3293
27370
1914
16663
3079
4817
6865
29734
221
2694
12366
16412
28915
21148
21062
8651
21091
787
2501
19163
27075
383
19494
10515
17492
25189
26336
29396
8828
31209
23971
23782
26231
24486
28324
23928
23369
27102
12597
8289
26615
25555
664
4268
758
884
13589
6996
31204
25148
13642
3916
24950
32088
6595
16066
16818
264
20682
17829
21086
25415
24704
6501
23480
4526
27949
17914
3943
13974
31189
31783
28082
22909
5900
21760
2800
24235
29706
28330
18751
10772
1538
18018
23161
27009
14768
29632
7780
18923
25394
10557
12585
7207
24600
7668
15880
11465
8126
17573
27209
21314
1498
29695
27766
31819
23377
25631
9159
13191
16719
9556
17374
28771
23190
29733
26804
10818
7958
3733
9940
30679
3518
28325
27591
15825
12435
3611
17103
12478
9983
6018
20952
11817
10859
10354
8875
12550
16656
2321
3173
25937
4873
31962
20775
7921
5549
4253
17424
14306
285
2503
2920
6547
17433
23268
21278
30093
27160
16738
885
29014
10135
28824
20474
18837
177
28167
12985
12406
15856
735
10160
27472
9059
26309
15492
29574
7664
2003
18547
7851
23276
5088
24714
4585
32233
9986
23576
1187
26831
17234
32098
5721
18991
30191
4760
15308
26067
19782
8968
1891
19354
1168
31890
20686
28803
2203
13660
32745
24071
14798
30151
32483
27564
3944
7841
6047
14039
8
8092
16474
19681
21362
4606
7055
15214
16784
27547
12055
31482
695
24064
5781
26549
13612
13810
13585
15505
15335
20247
10723
17561
31382
28658
3283
13956
4837
8725
13694
28298
1789
23185
4604
31350
25930
1714
20671
11261
24962
20713
25022
9550
32483
12810
4819
5098
12220
8887
19298
3510
3630
284
11068
17486
4660
32478
4291
669
26849
11085
19022
10411
20713
28129
30415
6581
8291
1252
22963
20611
22477
23660
9737
3574
26193
20876
1255
21985
838
13771
23305
11801
16634
9941
4540
21456
15535
3697
26362
23326
4067
24243
2263
27873
26325
24179
28
5831
24644
6654
11825
25001
6778
19466
25152
8731
4489
21232
18839
14145
13013
1557
16206
11236
18898
32681
16170
28100
10767
11925
32706
3888
14964
17582
30688
18133
17864
21807
21290
8660
13429
14182
6658
7191
5008
429
4266
4836
3348
12444
4524
17842
13678
20093
26489
22844
21055
12032
26960
4309
32349
4913
24417
12795
20251
18854
29235
17966
24266
7933
10563
12035
24703
12934
15598
16500
8471
828
16272
21882
6521
18682
25070
4830
30235
28139
22225
19531
14280
15427
6644
16297
20896
5164
7712
6822
26720
15875
9878
32405
5859
11461
20397
30332
23529
17604
2748
4968
5400
31391
4410
8964
11072
24176
4900
13418
21475
26439
9375
24377
3061
4824
11999
232
12256
11632
26695
25690
21707
22062
6098
1970
18204
4975
10161
29800
21051
2954
19254
23965
13721
13758
15344
30891
27378
5992
21016
17409
8655
24953
31787
12334
5198
552
23001
24379
6437
32484
32286
28222
5861
10893
7343
32044
15484
3043
9879
26863
8958
2111
6690
27576
15525
9857
2554
6039
13590
32329
8080
24393
9957
10090
7357
8529
19036
15771
8362
26954
376
19568
13293
23419
25909
14217
24564
32428
14347
29450
21927
22584
25017
8266
26441
3684
22593
25296
22943
1263
6708
379
20565
10218
7727
10240
22941
22730
23462
23706
23833
12732
20704
32252
29179
4920
10819
23947
24683
12249
28370
18890
21033
2668
22004
7445
30323
6727
10871
9363
7465
2524
24276
29542
3375
17293
14005
30244
6675
16578
10676
23179
15599
20281
25446
8048
13457
16542
1176
24825
28890
14428
2520
13580
19812
2994
31544
11271
24423
26633
18766
18866
23262
13189
31615
2674
21221
23514
4990
18623
22886
1889
18959
5847
16884
23659
2321
24756
3063
21205
18107
27196
14346
17372
9766
32185
3233
11315
267
24200
3567
21587
16079
21525
11527
21267
7356
24839
29249
7800
19346
31415
9951
7886
1598
21735
16880
30711
1513
5553
7285
32004
30516
1469
12483
514
21698
4279
26920
22
19192
10752
16849
16333
2304
27044
16875
32173
8980
30093
4105
15632
27129
2806
9670
15666
23497
15394
26283
17544
4598
13901
7763
13907
20620
9187
10700
9846
6838
32496
20545
24452
28804
26583
3798
3870
6635
21576
23508
3196
8974
10860
9478
27977
28091
7266
3427
23732
31801
22511
11756
26820
22849
24177
24024
14827
16714
6421
17903
26847
28938
32074
17204
26277
15673
21878
23750
10990
22424
487
20744
7335
25906
17932
32256
26828
18913
30181
10493
15229
19733
6072
27005
3923
31697
19974
15181
1780
27638
7613
31730
1253
17604
25775
22344
30112
12446
5187
26473
32743
7181
1130
3024
3927
26120
29397
15295
27968
25971
614
22493
23476
26597
20196
16164
26334
3502
26866
11002
24725
10009
20034
5790
14897
30446
12806
13766
12446
32315
10663
16007
32431
13652
4538
2676
2484
22041
16176
21258
15438
7031
20684
3404
898
6706
13531
10410
8717
5857
14111
13607
19959
32058
11020
13499
19563
23695
1591
7158
32710
3481
32523
17895
7150
25973
957
24380
29925
6636
7555
3242
7070
15095
5121
20624
15631
25986
25860
29655
30599
4977
25715
30236
6722
11489
6275
18705
827
16048
9769
23328
3905
31295
25045
13650
20557
25206
22621
12400
32275
18953
25655
1384
21719
1786
8940
15601
22146
32608
24265
17010
8693
29542
16600
7712
21661
10390
24335
6759
10823
23128
31430
22668
20278
5045
879
6288
6259
22113
12673
14423
5733
13049
19893
11786
13729
13961
30837
441
25091
20817
1425
2629
24574
6857
16437
29053
20528
5858
11032
17287
4410
24719
4341
3458
29646
23940
31039
20329
29962
24381
21777
17722
29444
21827
30820
19288
4006
29867
13188
25134
13756
30943
8389
5398
29771
24993
31345
18553
9252
21068
3334
13111
3002
30301
6558
1865
30001
3891
15535
3493
27319
3859
11508
14689
3351
25967
26283
30236
14475
24680
5889
13722
27602
18321
23499
174
9603
5110
11126
3933
11169
26973
31041
11328
29039
13515
27049
26410
3974
5194
11045
23307
548
27626
18196
2836
8647
19462
32500
6940
2555
3272
2516
26435
25200
17135
17932
16085
15951
29136
13099
18033
1486
7835
18481
17770
7683
10464
31231
25197
17141
3154
1547
4964
18425
28618
21848
17563
12860
9615
2982
31521
24988
212
5862
30322
15292
9346
21232
5458
3415
12088
5496
508
5588
26768
13886
27004
28955
21413
26502
16986
21416
19154
29384
26232
19677
2236
11688
1085
925
17042
15144
10995
8470
14227
27933
30318
24030
22993
23008
7663
25922
29749
31301
27208
731
29124
25553
22336
20066
10784
29479
25656
18884
22354
31428
22543
9593
6342
18924
31812
7954
10135
8164
4954
11794
8206
24418
3713
29439
1125
5698
18034
7353
23760
11642
15259
14346
6334
21840
8572
7549
5467
459
14673
29044
27994
2919
16369
27253
30195
18444
29430
20933
3367
12353
28958
29240
7499
25758
31217
26951
31172
10111
20644
3683
30992
7936
17982
25737
28678
29477
12025
18967
29278
7256
18155
23262
31859
30233
18917
14456
27208
27121
17052
11483
24521
18087
21766
23343
1620
6071
2055
29405
17272
4352
21069
6377
19709
25277
28281
31617
15908
2486
14975
17366
4655
28600
9807
23082
10276
28738
30133
12330
13263
5505
22909
1407
16390
8574
9180
23200
9777
14231
7179
1514
7945
14892
13621
7922
20639
12442
11411
13338
32160
18797
21206
32354
14808
19665
1221
1921
18422
4938
5927
30261
1167
21669
14819
29911
613
25391
5734
26162
15336
10020
11589
23701
32253
28266
14115
1831
28671
25727
3286
2427
23811
18097
23237
29028
8801
10381
9108
16139
26480
23705
22020
13118
656
21830
31252
22539
12142
4640
14701
30606
31363
27976
18172
29959
1502
23844
27105
15407
2852
32341
12168
15053
16085
31209
2325
6276
30928
7122
22534
8431
17946
11671
11795
5104
18395
26954
17497
20548
937
6330
28088
3163
2313
13545
2170
4455
4147
6593
13109
11444
30230
8706
18674
19255
14748
16255
26766
29545
24111
25482
2913
4438
22396
19373
28446
18672
25207
1691
22266
17066
28575
17765
26641
9794
643
19697
9477
14302
10885
7081
19688
19291
30942
6000
8540
482
6114
22490
22520
1468
26501
24732
15086
14439
17183
24641
15595
1769
21612
18207
1087
22628
6103
19082
12606
19179
30200
10311
25574
12948
5723
15939
17602
3790
20355
19077
5389
27125
22574
26466
2587
22308
7643
6128
30709
587
25738
30909
3908
1665
5059
26816
12912
32411
21721
16015
9736
1021
26224
24019
8293
4016
18749
16633
31882
29109
10765
19243
5199
21145
11529
30335
1471
29514
32312
12910
26558
7977
19269
1671
12783
1120
2691
19812
23508
26230
13102
7134
30519
24353
19188
10365
18889
8539
27827
18226
10762
29367
11397
19785
9064
20214
31994
29081
9643
27093
31140
31998
17296
810
15065
24329
17588
16687
5812
31477
3764
1310
29533
16605
10643
28158
3722
26413
25436
32188
24134
22615
22280
5245
28402
10439
23201
13875
25225
10520
6312
20078
29992
26760
22709
26230
10957
15273
15197
406
2654
7002
27992
5050
2542
28662
5603
17981
4157
7371
1124
32508
12157
24526
24909
23983
32092
22924
26178
9081
11326
20836
24958
14525
18890
2548
2163
17716
18089
14801
23984
3644
11146
31867
11784
3955
8042
20368
26865
389
8978
28735
22570
17218
9697
11520
31393
22772
22475
32642
1683
30191
23714
741
22261
17513
17556
6698
18451
24460
28150
23272
18295
13258
13376
4160
6924
14705
4184
27154
9091
15743
3603
11377
7670
11447
15097
29525
10443
5364
29256
24208
4060
20670
10812
14852
9172
4379
9870
30226
8412
14759
13370
1110
26744
17127
21126
27793
4779
5851
27968
11750
6754
7122
3143
16458
10512
24962
7245
18998
17813
9304
13530
24222
27236
6925
32660
22311
18149
17018
9407
7829
12312
7085
24832
32642
1148
4156
10342
19286
1839
28889
31402
28019
30294
16935
19638
16048
24767
19405
11109
11529
32453
7624
31626
2965
4724
5
31539
7864
4846
47
26671
14489
9997
4550
28621
31190
13130
29809
19431
2679
32478
21653
12575
24353
13351
23078
29289
24204
16460
6589
32202
31543
22052
7147
5727
5467
6228
28366
28576
14621
11960
30177
3558
3335
19205
27672
4139
1209
24748
19501
18193
11228
5121
4916
15654
7512
9372
4470
5223
31431
22271
15740
23811
30761
8570
15722
18785
20441
8268
6799
25443
12992
5387
21305
9965
2248
30022
16078
9633
5523
19560
30744
6125
21870
29919
16865
32584
9856
27774
6592
15800
4679
18464
27954
18072
19270
2703
9452
19608
13047
25252
31344
4357
31751
5295
19423
14411
15554
4888
25102
18360
1485
2631
23771
12418
20755
25538
14786
3084
23809
1173
10411
28005
18422
19191
8966
27665
32757
3882
31002
19469
23198
11171
18842
26381
26972
20587
6010
15112
24031
9669
29184
16886
4813
529
25374
30425
3252
14064
6143
11258
1860
14761
30688
5749
25275
10956
7457
13047
1440
277
25756
26567
1716
23442
1845
2051
13094
16136
29106
7213
17670
17044
20174
5094
24060
28558
30600
17656
6714
22706
15809
23450
20399
11394
17670
8176
19837
18150
23979
13522
12206
1558
5657
13262
6946
26297
30312
19056
30156
11087
6705
15552
28447
4812
7325
28941
27842
25221
2754
26857
12171
18256
20528
19317
17579
20967
20934
25823
5926
4750
10955
16168
13703
6134
16442
14379
8145
21856
7772
14555
12728
13317
21660
29132
32017
21430
17304
16629
10376
16064
4468
9396
9873
5394
14451
24594
22689
29346
25544
13385
29341
5388
3753
21379
12947
1148
6566
28901
16552
17359
19001
4556
19281
19445
26782
1110
13254
22170
28644
7973
24244
15365
1093
11871
32050
26688
9139
12793
25079
11129
17587
20790
14026
27048
22382
10090
9785
28018
23813
19972
19854
25165
2342
18379
2815
14822
8669
12648
31781
192
4524
23333
16560
26141
24541
12276
21848
31521
791
3507
6935
27957
16944
29358
24213
16298
5954
9318
29668
18590
18689
13201
14957
29988
11851
353
7466
6303
20481
10761
25366
19311
23830
30846
25570
7376
9445
18298
29930
7166
3016
29639
8807
31902
11750
17338
2278
23129
9292
26622
25337
24522
8256
31122
7980
21658
20689
6421
4666
22249
18099
4930
6529
17392
19018
11959
16820
5093
22533
1786
17872
11551
14061
6333
31313
29307
23934
25441
30885
4350
6325
17338
7905
20668
10602
27666
14259
27896
19424
7536
24215
14220
23963
1562
29774
2956
5489
26968
14221
21286
484
29819
22002
9420
16815
25886
2363
15254
10911
25772
5306
20193
21156
15650
14084
3389
12072
19222
25578
16006
16031
20729
23210
20816
28768
3993
27750
22408
16051
18409
1748
13913
12075
2565
22328
3405
11574
30065
6543
6325
29426
20129
26637
4938
29762
3519
7882
23316
34
19112
10169
23947
3127
10808
17113
3837
24234
12487
7855
28975
2615
7667
21747
27975
28801
13728
8074
1257
16041
6718
22964
7841
6174
7243
8583
29057
25527
8984
11676
21515
28415
4815
11016
29265
23504
21429
14221
12122
3107
24237
19474
13768
38
29438
11089
31672
23183
22869
10448
15850
32560
22542
23570
13858
32716
15535
5134
4301
19242
7861
7904
26088
21095
16276
14783
14622
6288
11257
15663
17712
24689
594
22903
5786
27815
656
30550
14708
1533
19243
4338
32406
15349
26471
5905
7167
5028
4823
13963
11384
6339
22047
4608
21108
1284
24829
17350
571
29090
17803
15397
14151
18236
30910
20423
6382
24547
15411
2666
21058
3954
21803
6616
8502
1565
13524
25881
24834
16717
30154
9191
5064
32428
21213
2658
12151
25979
31509
23813
12784
23084
26355
217
16487
12333
4858
23528
22028
11778
17262
6645
17899
6038
13660
10602
5137
13011
24794
1170
27121
31344
12432
6920
10758
29450
21111
28528
26297
22135
1505
15716
16516
2391
2746
15281
28504
3819
5645
20164
31548
28459
28617
16223
26680
17170
7622
18833
22897
23357
16387
6116
28565
13492
562
32472
26233
12296
18038
3216
13825
16030
28011
16588
14913
31306
24423
279
9953
23327
15103
7490
18886
32646
19661
30736
24814
14990
13425
10291
1948
23683
23254
9591
32438
27074
7607
22078
21611
13259
21601
4396
12056
2200
4538
26403
16237
27694
18306
18802
7628
4209
11993
24649
5873
32572
6657
9585
11224
10929
4966
5945
18651
22478
28123
6068
30748
5953
10791
19489
4898
16510
21952
4267
14279
8974
18134
21587
1105
25130
22931
28970
24287
11912
4770
21699
19463
21109
19182
3304
6333
17444
18604
3212
23414
12870
27035
15617
4238
16090
17034
12139
21991
23623
22556
629
2516
168
21704
20546
20789
9063
24611
14503
18659
14605
31586
23447
26190
8536
1818
22494
19300
15247
22091
8722
4533
5394
29341
18375
20693
26165
30185
29443
25602
20814
7419
16882
13063
6157
30615
18138
608
15116
22969
17488
3743
14247
29217
31149
30479
22542
10767
5052
15254
18840
12876
5557
20960
27995
24937
20079
5561
5881
18251
11729
6331
11708
6632
3722
5418
25574
24395
18433
2076
30786
30942
7311
14045
13823
29672
22509
9105
9918
17237
12776
13595
10986
18102
18780
5694
27720
17032
19295
4098
24271
11705
6845
25434
17337
30824
2981
26115
25306
12269
1953
26287
28209
9241
11723
7267
17341
29118
17215
9502
401
5746
1996
22459
8235
29073
17135
27928
1794
22145
7425
17528
20318
5178
6319
18214
10604
5637
16555
12124
6034
387
23969
13922
29696
30194
18541
28154
29832
20652
11403
18684
8367
6896
20174
5950
28164
1253
11349
30902
30384
4572
1468
3043
32335
22998
10895
23400
14590
1094
6404
20219
2229
24600
17897
9085
9432
15601
8411
11882
24584
27065
10425
28788
63
31831
9304
15211
23836
18107
21368
28512
14459
7458
11255
4874
1353
20885
30533
19305
4247
2227
25624
30376
16620
19377
24673
28232
24544
31647
20350
13435
8678
2541
28849
4302
24682
6701
2513
24587
14876
28954
10815
7006
3467
21722
6684
23222
501
17024
18873
22126
4701
7381
21839
11309
20191
14424
28913
27403
18497
26755
20670
10997
22986
29264
24923
13138
17751
2044
25761
29926
21931
12811
18066
23287
31495
18828
16018
14255
5626
26526
4308
20418
25723
28211
1042
18769
17717
3604
24449
525
17698
28198
1284
4255
11099
22507
31647
30024
30511
3403
32303
15812
1138
11157
25177
8309
18967
16321
27585
21181
26370
28664
24444
7852
28951
24150
27591
31707
14999
10478
14329
12183
428
11022
12470
14402
15938
25541
25702
2039
537
9635
997
21101
7960
29632
23420
29214
2021
12287
22545
10408
7858
32404
27802
15987
26202
708
27608
17812
18860
22764
10817
1009
27910
29125
31806
18598
15911
13030
25750
12456
13886
139
1834
7848
582
5268
13284
27195
1430
18129
7658
2615
27316
10876
4887
15968
13931
9479
18347
31812
4381
25113
2625
9059
14938
18643
29698
15507
23216
22103
26905
18595
10181
395
32102
25151
3748
3098
4471
14099
22613
25788
15284
7220
31920
32440
20953
16827
6002
17063
9898
18867
13201
31866
20450
17973
24781
27326
2156
25297
18312
21279
725
15664
11991
16427
16386
12536
10457
19545
15902
6896
22856
7754
5079
22373
2637
31310
19402
32716
921
3370
5179
11176
22449
21529
5898
14510
7049
17936
3554
24103
15445
8774
26292
3991
26524
2036
3172
29340
14734
15193
10178
27672
9623
15362
27835
2194
19764
4168
18385
17370
14598
27162
32712
29676
10277
2301
8098
23319
27062
32080
15566
9567
29888
12501
28061
21791
12859
22637
1013
25331
11626
13091
24649
5332
7787
14956
28872
20613
781
10157
12501
27951
14817
29438
15544
18504
21396
12078
19859
8632
3707
26375
12695
831
12400
24531
5239
14097
13021
25887
11293
4548
29974
446
7581
4972
26860
18961
11879
9221
28031
7046
5568
28433
19539
30047
627
8833
3238
20149
10435
5337
4353
3516
27813
5776
13070
1096
31788
29365
20905
5520
28229
25305
1337
26930
14756
31272
28225
20344
6142
19417
21042
15066
10617
20681
31364
29380
27745
20578
2564
25497
23836
20674
15472
12279
21088
21017
17473
26429
27043
22867
15048
1354
6099
3576
22140
8072
12872
28496
23443
25386
1015
25802
31439
18609
17128
11678
4763
8373
31210
29618
1622
24034
14981
1467
8175
16449
11056
31908
12210
17848
17860
20531
24161
981
23089
7914
25991
20167
10607
11563
8713
20909
11448
24480
13566
31764
23797
13530
9920
26810
3702
568
16451
8600
13541
30731
3750
25888
9085
12535
17672
20676
7543
20637
28829
5303
19141
30070
13057
5367
25859
514
30412
7051
12459
291
21094
9
5768
10691
3357
26716
29037
17853
31348
1732
25638
32763
8126
31006
19375
24028
22508
11622
8612
26584
27044
28538
25337
17766
17299
1057
20203
20509
21251
30027
4662
25114
10416
29595
12937
25507
24535
28962
20023
23561
31633
22894
1071
2515
11871
2755
6190
17944
16390
29864
10035
14125
1437
32677
52
5761
8164
8780
29967
3524
29655
18294
14275
28495
4483
27087
6112
19904
32025
2197
13372
14052
3649
22940
29928
5595
22960
23702
24930
118
22781
13201
9996
29668
17584
25793
25565
17550
21661
27008
2391
17727
23152
11923
27577
27016
27272
27055
20853
26467
1801
26683
5860
7190
300
15192
14905
14426
1242
25887
25524
30653
634
27433
15896
26437
27399
29269
13150
32598
29285
18373
25003
5333
19445
31530
23680
25998
5479
28226
3632
17363
25551
32159
19864
9574
9979
9897
31754
6554
22276
20198
16266
27316
8228
4217
11581
28311
199
12265
30750
19105
3557
7972
30707
11984
20878
12740
7296
19497
30663
26256
8442
2650
15764
27206
5054
16542
22102
14232
1603
30177
15191
30836
31053
27685
6564
3208
22884
31524
21019
22790
8069
32310
16324
17828
27159
22902
14437
2792
8736
23072
31568
13730
185
30270
640
954
2240
12164
27108
32299
18636
7544
24827
29776
31078
25302
23201
15455
19318
4658
28457
23859
31483
17887
9387
1358
31231
28432
4511
29470
18379
8253
3499
12927
18519
22216
25786
21378
12292
2017
16462
32364
22413
29863
15127
2306
3131
2447
21188
28932
12377
19722
11289
24568
16360
8546
23874
7208
3476
24037
12903
2798
19430
838
8320
10287
14010
3904
23147
5926
28916
13180
15419
12387
27247
29621
212
12563
25142
28442
30133
28545
22775
22772
8468
14557
1972
25736
3632
15421
11964
10303
13283
9953
20698
15364
10614
21947
11980
5870
7610
16430
5878
28703
17492
23
23896
9964
11609
6922
4030
30270
15131
28894
14902
30519
10818
29547
20423
14105
24606
2962
2912
25700
29499
20350
23823
22335
8758
28202
14195
31001
11472
29731
20852
20368
17217
19856
12337
11922
32719
10607
3386
21954
7838
8737
27904
32029
26570
20265
31114
5341
32691
9265
30057
15517
4504
16717
23277
13759
2152
6276
31641
21771
18900
3213
13269
14232
10153
27862
1763
16112
31581
29387
14100
6255
8167
9300
11836
21484
15828
16287
19043
19868
7576
5153
25277
28466
29730
27863
6365
3147
23987
28626
18981
24074
31471
5874
13697
25087
25653
9714
10581
8270
26412
16804
19891
7437
17054
3198
24274
30957
21642
27734
27579
1309
28276
23914
27974
20075
17408
30371
18757
25517
10175
795
5631
23391
2633
21724
12768
23693
28556
13547
878
12020
20067
5253
30079
5732
3691
25512
937
32104
6162
12501
27387
13097
10992
30229
21226
16528
28251
14138
654
6315
28725
21863
30223
10322
1545
15314
26714
2314
17494
18889
9496
23337
43
7667
14048
2875
3828
9945
17835
1701
14484
7332
14729
9096
4020
18472
30099
16360
9306
15138
16161
23566
17597
23998
9533
13354
16472
30045
31831
7485
24893
2196
16954
10550
4012
17528
32318
22107
21476
18201
29119
19947
10809
29516
11471
30210
23911
12718
23336
23228
23334
17125
23908
12957
14078
1833
625
561
20317
24324
30015
8943
18663
2389
12987
12643
21517
8859
7169
9869
28897
10608
30925
8324
9512
11348
32307
7774
22705
1196
11665
13140
19430
17162
8129
29986
23713
12463
4243
10669
3393
2639
15994
30696
508
22548
29317
8184
26743
1765
17553
32407
32147
9959
28606
24502
9610
29508
19231
25702
19004
1836
15030
32760
29635
25626
11423
20579
20301
11609
30347
21991
6187
15558
10096
19952
5925
29911
8575
13629
11281
29660
4183
13633
5540
3205
3960
202
27527
10149
5370
25568
32429
29493
29823
2800
5093
668
3686
17706
11435
17454
32577
17959
21060
28658
25481
10959
5898
21416
913
17786
16900
8202
31673
30037
22713
6995
13540
3336
31558
23806
16684
3221
18095
30416
28884
12931
12659
12056
13181
10301
5731
12342
6557
19893
25011
20826
2606
26700
5202
23694
163
14582
4471
30199
26400
15769
27261
2135
24810
8631
7408
23255
6429
8781
30440
13316
27037
26875
5525
11799
28238
8804
12828
8313
22664
21464
12449
17030
5829
13361
9637
27538
9373
3066
17811
5161
5877
24791
29333
31899
14451
28704
23724
7352
18997
15568
26624
16601
15554
13470
19829
30752
30016
12393
10622
14336
29416
21465
27958
22783
26808
4164
26029
20666
8039
20174
19839
19754
13214
1493
7340
5415
1125
15756
2723
21034
26076
18405
30368
10071
27691
12213
10808
14779
25275
8979
10803
3538
17319
23808
2457
24140
17261
21070
29455
20496
17642
9658
23652
10114
18821
10076
6248
25345
12714
25409
15101
24244
24954
854
880
25991
7616
2183
16649
21360
13607
7977
26080
11511
18859
4757
15347
20469
20046
9238
28790
8604
3340
18694
26986
23991
18704
5171
6513
27443
20776
20104
17889
23007
5751
745
29463
28016
7018
350
27406
22984
20205
7540
4656
5240
10206
11232
32363
24451
5313
870
1160
29029
5046
1273
12216
24147
1705
28452
22384
9925
6089
168
18295
3890
16955
11879
11838
9498
21263
28800
17775
5450
30323
27324
26824
14172
9510
29737
3882
29309
1584
16900
23021
24435
6353
14812
11895
19422
15031
12021
3597
701
24179
3819
8168
32309
1582
16791
8588
26254
22168
16438
12629
639
22050
10184
10067
31915
11373
19127
28760
8811
30210
1465
8014
32718
67
23543
10446
31966
418
7791
31983
24613
8720
8855
29532
23152
26552
19523
15786
32723
23534
28360
21480
20973
31842
18786
3959
16237
19610
8915
26652
15573
7071
18509
1875
23167
20982
29586
9702
31709
23505
23642
26559
5124
903
30965
10746
2924
20546
12849
30527
13041
15607
3710
5711
26654
23452
6224
26332
20139
14485
965
158
17220
4719
22408
18595
27533
14800
7413
28903
1890
11694
23422
5668
26467
18368
25421
28651
11440
3378
11050
18164
13809
30621
17824
9651
23962
18998
12635
30507
28013
18246
2261
2055
27456
23002
21810
7655
8960
1979
2152
6392
4598
16288
25250
21447
5961
22435
18151
13655
3524
20466
17142
10609
13018
11719
20085
29499
32487
666
1355
3596
21177
29589
24907
4223
7759
21832
14098
17862
25824
12190
31282
28993
16928
15887
3216
28751
21694
16408
7434
11877
12849
11752
22877
8029
18356
9565
30534
13328
19599
9006
22760
32038
10649
23658
20590
28717
31227
19489
18161
745
2358
18784
19100
4331
29288
14691
18446
16229
17611
12807
29439
21309
20862
8318
8743
11616
1672
18502
8795
24921
31514
11868
17658
6690
4372
17581
11655
16698
20427
27085
8855
7159
23561
4331
26094
21278
12630
9733
22501
6321
118
600
27151
24584
22323
1307
9499
23587
30045
9324
17916
14399
29454
2699
13896
16039
7218
4934
25566
25037
9543
15796
15308
23449
7522
26150
19568
22273
16755
23643
21213
22490
5321
10739
14207
21742
25305
7462
15875
14414
3643
27574
27761
14826
20725
546
28059
18526
20988
21277
29371
29711
13304
15166
22616
4215
328
19705
4713
32701
6470
6350
9149
23689
716
17856
9370
30230
18423
3593
7333
21129
16170
29708
13313
11137
25942
17291
32699
6383
11641
13082
28006
24104
26981
14804
4610
3384
12227
27980
24611
29817
25431
31687
2383
2661
16262
5800
3751
19369
3605
24875
17609
16250
27187
14166
20214
5676
13498
24877
21872
5633
7602
1574
31526
19007
26391
29916
22163
10373
17627
4871
29156
8286
32303
2476
5721
18711
13311
401
26349
8654
28859
1012
3641
6092
25949
21372
918
18197
30632
20848
11138
10556
1453
17191
22341
9852
660
3008
26580
15621
20633
11795
6133
12948
31829
10982
12708
1094
15679
3941
12981
2222
24434
18380
9404
30757
31409
2663
11306
20321
6824
28348
4792
16458
15476
1287
20745
9480
17766
486
23434
10593
22276
21078
13982
7746
9297
11230
5624
11163
11343
27914
2887
21616
32193
25115
2073
302
26677
16893
14073
1083
15938
30585
28635
19664
3343
2732
19387
15371
27924
16056
7040
20544
20517
14265
17958
6801
28844
15611
21020
12990
17974
27498
7659
7486
9009
27721
3097
22414
24563
1063
9805
32457
14079
3599
31667
17529
13956
14080
16034
9644
27431
3484
25981
6219
10242
14884
21207
8872
4077
29348
18650
4438
17404
32619
11241
16189
23369
25534
22660
9197
2035
32462
4204
7219
3430
14567
17160
8426
27613
4329
13576
24596
25894
7676
19272
27690
16037
22912
31991
30128
25756
17731
12536
17163
21162
16887
2696
23191
26001
10723
26914
4853
31292
984
8095
32162
32256
25191
9890
24526
21538
17233
20019
11627
13465
831
12970
14980
26646
14771
30927
5840
1346
4415
5439
18311
4934
28661
8978
21364
13713
1054
3514
21836
17621
2351
4654
2110
31059
22776
23369
715
2649
7455
15724
5080
26377
13517
21867
30209
27739
8871
3751
19761
15462
5888
21623
8815
6875
27212
29389
20987
29394
7128
27158
8090
27081
10425
14945
25902
9193
20227
27076
3977
7564
4411
18939
23939
15869
3598
16723
5450
1918
66
6855
9210
2192
31470
8552
23406
29294
13798
2818
16981
30939
32378
30204
10888
24349
8288
32384
411
22090
23278
11996
4017
4290
13964
20264
6293
12029
20074
22569
4871
27015
25198
3446
27220
7240
17777
729
32298
5897
31658
4344
21673
22324
7530
32053
12989
3803
21002
22738
3756
7420
30498
23385
4331
23300
18428
15419
5942
25489
6473
20407
28127
13948
32018
27389
13159
24087
25329
21396
6731
31155
2176
15865
32032
20838
19986
8073
30946
22283
17313
22432
394
14473
520
29699
9438
26457
9330
5243
28557
14658
30227
12739
10363
1639
10262
19364
22106
26756
9174
16991
17274
32629
19792
24395
29666
24312
18905
20671
16799
2483
7948
7474
4956
7545
15879
20897
24883
5321
20183
28466
31683
16791
20528
23574
18819
25935
24417
23475
28245
2584
15496
20995
4447
342
24322
22071
13590
11122
11814
22689
21915
27869
12851
24528
16715
29778
20870
8445
24466
13916
28177
30630
23039
16921
30472
120
23454
21309
17117
23410
23170
17753
17775
22856
8097
19550
30335
6149
229
5725
31843
21237
383
14992
28414
27074
19583
6558
18159
25309
15777
4891
19721
27935
27754
13390
7683
9393
28020
17464
5745
7977
15879
20689
15091
757
3560
8597
28845
11773
23414
13119
6647
12164
5618
8405
27477
6479
14879
7652
3241
27658
7435
26125
23207
8935
22828
17856
23690
8840
4526
8264
16901
3871
12
5896
32125
19924
32734
13828
20085
13671
3314
18851
20554
12822
26525
16819
24864
24769
21331
17837
29980
25932
9078
24122
10708
69
2668
22519
11779
10182
24308
17269
20866
10141
19386
13957
20851
3243
7465
12978
13503
24458
8576
21774
19652
29299
20264
13106
11847
18014
9541
2432
14000
19306
31371
7851
29046
128
11858
122
29144
13875
28653
32200
29902
30955
4152
464
24383
26179
4465
13479
27764
29103
26953
1290
8397
23650
10554
32602
21682
25711
282
5605
27597
28462
20465
15975
3190
13025
14088
2257
27503
9111
25410
4936
32722
10065
175
32625
13127
21860
3167
19692
25210
17694
30836
15646
16845
12204
22139
9268
31306
26939
31741
19300
4827
30046
21840
18550
31165
15024
23219
28292
16946
6586
23451
15358
27254
27415
5191
27120
15861
10453
16794
136
10171
18207
10026
5331
2348
25
15253
5063
26869
5900
28436
16006
3650
22211
16466
15329
23602
20277
4990
25371
391
5732
32670
9200
20643
4228
1575
12246
21424
864
26827
18563
28958
30970
4499
22447
13394
13681
16685
13339
3740
17448
30599
14290
9322
24613
19101
2991
31420
15287
8079
19487
6360
27484
31222
27432
29247
30689
21880
29611
11487
23499
15770
4582
6026
28662
6102
1340
25767
2940
21486
24377
32040
23256
30335
13265
32700
12876
12761
7912
16453
24448
270
17176
23436
15979
31049
9646
13107
5494
17761
3061
26092
31967
32686
15800
6121
21852
24092
20738
8084
4610
25725
25384
27263
22884
4388
25353
11934
16895
14255
20629
15284
11734
32292
5516
267
2393
12352
23432
7016
29067
23819
830
32574
1380
29360
8449
4898
26228
19596
8840
20095
11466
26501
496
12427
21012
12445
10756
9081
22536
8646
28605
8177
11778
8441
17669
9405
6638
21890
2240
22213
10344
26526
6157
23869
26658
24135
1225
19997
29830
3919
5462
16081
5021
21932
29082
19762
27440
531
8522
13494
4397
14792
16232
17379
31563
14260
1802
17930
4593
9144
7518
13617
27221
29761
15595
18513
27617
3612
9753
12738
25818
5772
30964
8691
21059
11162
23597
25182
24319
30381
5473
7355
24119
19802
30366
8820
17659
21629
17700
18522
26412
22921
32104
10902
31641
22044
6239
27874
11112
20951
13816
19193
12472
5740
20715
3403
18564
27128
24497
13814
31690
17300
1747
31218
1005
11814
16488
23179
20057
19838
7385
29461
25445
14750
232
20187
13437
9304
1265
23384
5504
32031
22895
19114
25959
1815
21697
31299
10792
5486
3631
12770
9177
25071
10792
20161
6937
12756
15309
12048
28332
15580
24500
29091
9317
2718
29669
24040
329
14877
4393
2075
27889
26524
10629
1469
9264
9396
28673
17986
32502
13987
28077
25610
19828
3815
26598
402
4225
12812
31702
1772
4413
194
4922
21356
7156
5938
5736
14245
25157
13970
32656
19347
18563
27895
13122
29978
8795
28523
16944
12975
8887
23104
30774
32342
739
19364
23703
23756
9454
3189
1930
27909
13652
15190
28917
3033
4057
11778
7288
24570
27576
31968
18093
25129
4861
27864
30638
13737
10544
11110
7896
25844
17715
4332
7119
22190
25197
23885
22722
3799
27945
8887
23025
4164
28216
21184
26220
29264
6622
8629
11805
32463
17900
13358
4360
27715
2857
19174
27602
2131
5622
24778
3456
26232
27186
28496
14978
26362
7772
19722
24816
10779
20983
23163
25107
17297
25395
28969
5415
16954
10185
18675
26463
24588
11559
18341
15658
28235
17357
28362
30901
20990
23031
23490
18865
9379
27004
3604
10838
19746
31990
26629
11688
9472
4131
7529
761
32213
20363
1209
21167
6912
31587
32358
22599
29593
29106
26221
23962
20647
9138
17452
31583
7059
31353
11379
17138
28893
28376
2527
13652
19214
22660
16227
11122
23022
14451
22824
5034
23030
649
16279
10379
8
10868
8372
1244
19806
30677
941
14560
24513
26016
15026
17625
4603
4293
9992
7371
142
31248
857
6530
18086
8013
10319
31446
1869
12209
32609
24366
5854
24437
6124
21571
22716
7876
4741
25895
9539
14295
22158
18821
19455
6239
17927
6698
1564
18979
25511
11972
27934
24298
7979
2282
18899
21403
15343
28765
20357
11939
1467
9358
6003
23959
18399
18272
28803
5658
14978
25902
22321
15874
23095
15888
10699
7862
24017
13402
27872
26586
15993
1126
13302
17711
1533
10644
635
2996
22379
5262
14590
16914
26079
5841
25247
2102
19865
10089
30404
8768
850
25851
25358
10908
19920
30985
29068
12142
32185
16498
24366
16180
22437
23864
13948
10407
25718
5510
17031
29153
7148
9202
11808
19141
7540
23807
9033
32412
27457
19942
32489
10492
23454
14486
27844
12782
13443
4345
32681
21839
9574
24441
6637
14711
4947
11459
14873
22809
27455
23242
32736
17514
28314
3855
32084
32134
11811
4641
10329
29711
9984
18527
89
25623
13838
10245
15417
7232
21878
20583
5260
28449
22657
9847
32263
21484
6573
6797
26677
31310
20224
31592
21612
21911
30876
31344
22784
25371
7572
17725
25782
12248
19198
22621
22140
24921
2377
28498
15703
17882
15313
13787
21660
12204
7857
7797
4195
8155
22232
544
20025
1039
18528
28006
32277
2992
10011
16026
22414
22605
30062
31070
28490
3391
25954
29543
16570
649
20472
16005
4
7939
14013
29661
18497
7608
927
17529
31209
17036
31487
29444
23947
16930
5127
6862
24258
24828
11070
26647
29540
3556
17241
9609
764
31627
18517
17158
25211
32113
2242
14756
14378
11268
22882
28918
23523
5132
5874
2446
1921
30022
31304
12479
27541
21583
29342
25000
31835
25540
31278
14189
2796
2216
6399
13512
32436
32262
2558
9409
17191
23511
13904
30905
15792
1317
31463
18349
24554
16753
27731
21177
10771
1363
3291
13019
12734
11872
10445
5114
199
13904
19730
8487
24716
8545
3077
1570
25946
11254
1158
10784
20006
31620
24393
1995
3198
22190
13940
18059
2239
10415
7018
30980
30343
21497
12001
9440
19821
6171
32571
30670
14832
3816
8467
19914
6830
1238
13846
27808
24023
12452
22036
6315
21216
3648
3670
26339
17532
24807
27443
28695
28360
8334
16350
18806
9669
22145
8322
26196
16396
11594
17041
18219
6589
14292
14169
6624
17337
13264
13528
12104
13073
19288
24785
27115
1214
6610
21023
2568
10642
30744
15434
31449
3694
21462
31064
1303
5302
5683
26085
2753
28418
23987
17270
12314
13846
3931
5387
5617
18965
791
10739
2340
21489
20314
19172
19303
31526
30724
15691
22850
9128
1160
4321
20825
18457
16718
27519
24816
17472
12374
18227
22958
9143
27935
22163
21665
18659
1991
849
1667
41
7027
15120
10556
21343
9201
32374
7847
12673
22172
26243
12441
16038
640
5153
4640
24626
15295
15868
1544
22860
22068
20627
20132
2963
29525
21648
19147
12300
10078
3924
25632
7263
31148
4567
12950
26692
17510
10671
31028
1848
14179
26734
24598
10868
584
13617
4021
32543
27121
7286
4456
7363
19731
21038
6442
14334
23583
6676
7325
28026
2153
2620
23375
14622
28297
23535
15420
28038
16385
16054
9365
16305
28705
25013
11200
15098
10280
10042
20640
12618
18092
13974
5142
31627
28220
24620
7368
7776
26435
1991
18465
10003
22831
2353
19609
21711
7891
19201
20790
25103
14858
29620
7762
598
10910
29951
19360
26657
11368
24932
3946
26393
8376
16388
4892
1678
9975
21172
28934
6177
10378
594
16222
9920
23546
25946
19588
20952
850
5300
28810
26821
27081
17104
6132
23182
25761
18677
27580
19919
23375
7894
15002
29942
6876
28775
1922
29362
30859
17902
24941
25257
1980
29277
26716
23146
26384
15327
9114
30370
26830
29361
3394
18578
6790
27187
30466
14272
28660
2111
11294
11245
5414
24249
29880
4936
11233
871
24142
6369
30786
6659
28036
8032
16545
17551
7460
21495
25786
28137
20067
28053
28687
8863
3686
27741
11144
27652
21764
27990
29277
24964
8398
26212
20021
25652
5196
24183
7824
14509
30858
30210
20322
29467
18643
21423
25344
27025
11197
18769
21312
8352
32102
17689
3548
26151
20220
25358
4120
3692
32643
12983
26021
1900
20946
1306
3780
13936
9183
22251
4527
21473
11069
11005
15156
14685
23267
26876
21155
22026
22063
5214
17642
15659
5419
28567
2815
753
7694
24460
20350
23443
30726
9035
6036
12449
15156
13305
29467
8341
25080
24843
30726
7339
16240
31930
3328
6386
16187
11440
18256
675
21123
13064
24576
28850
11834
17269
1086
17060
16035
14529
1282
8608
29717
15994
10737
6088
19708
17128
11138
12746
16672
17729
6239
24241
29226
21536
10766
514
17764
20532
19664
27652
19136
18229
24265
11359
5404
31517
27234
29416
26564
27028
24556
29372
23864
26540
4742
31628
27440
9678
31808
15671
26590
12277
3456
27038
29811
15897
2981
10420
28900
26863
17131
4820
23790
5839
3982
9560
19032
13557
563
25959
17528
4333
9091
9486
20728
26185
6937
7826
28122
29845
15774
23045
12474
12685
17970
4376
27475
27533
16142
1328
31045
28744
23912
31676
6934
3005
21655
21701
630
29543
25720
28614
29639
29108
10000
21183
8412
26041
24947
18309
8449
27428
23524
25436
10812
15986
1341
11463
28627
12642
26002
21407
18958
17321
9233
12131
2878
13287
9260
30671
9726
7386
32251
27568
2233
29393
21979
23030
21101
30052
22364
16651
17582
26979
22362
30819
5869
12044
24937
6229
3834
2177
13431
5161
712
9337
29356
14962
10097
16693
2197
3998
20857
31670
3970
14027
2647
7981
12076
23772
7985
2227
17051
22988
3304
29498
17479
31811
27988
16323
17790
13159
18897
3538
29957
2805
30458
14367
30978
11664
23988
2447
8217
24921
21871
15970
11734
12991
29608
9646
17995
16793
29874
30476
15610
25714
8631
12433
19189
5667
22522
4352
28739
25000
5470
573
1158
16428
11820
2053
15067
7526
4113
1757
7426
30248
13926
30536
16831
17717
13236
22845
17023
12884
29816
31704
13375
14242
7971
27984
10154
12588
13669
10025
29825
2749
23211
19115
21568
32757
25575
402
4095
8859
5263
22279
17814
6964
11496
7375
2052
22485
11652
12483
24338
7477
29705
13952
27187
11782
5429
6495
10927
31878
6175
27304
14592
6737
30400
28674
27004
23161
1969
30254
9269
23000
13622
15349
29726
24997
9596
2399
4463
22598
14367
18214
27466
13413
31983
10858
29854
9798
2036
18598
14412
27480
18096
10211
30856
10
15011
7980
23938
9183
15637
6977
30534
25541
12303
7056
5857
7843
16555
31584
17094
14385
7821
23376
19056
28172
19634
16128
15688
778
28521
13070
18632
13514
15262
3908
16865
12176
27486
10511
23962
29776
23448
2611
23803
25865
14113
32702
12329
27477
21243
5434
21714
27965
8151
20519
29643
1105
21720
16297
504
11001
14234
13437
26733
21510
9587
13617
30674
8332
16889
661
11020
10228
28356
16493
32026
1613
28789
5736
22076
9443
25846
23894
21595
28947
28420
11413
29349
30045
15083
23500
21624
2235
16529
19676
14209
2097
26294
4628
20773
20134
27514
17573
6943
24306
13856
8021
21355
29752
30225
12663
13155
27766
13092
15898
8745
16730
13084
7041
26180
856
22643
9939
6798
2809
24150
8212
27213
21622
5616
596
22688
14725
2283
11302
5917
32115
9524
27732
12216
24435
22015
18129
1510
10038
11788
1519
29443
24507
1832
27602
497
13417
15094
6181
3587
9307
22767
30219
18713
32763
32168
18009
27916
25810
12115
6658
7244
11166
25481
20691
13767
31909
4679
28768
8205
32330
31286
26430
20402
20958
31279
4210
3316
21176
9214
2858
15518
19336
27750
15019
12333
5608
7270
651
16688
22580
26555
4896
15349
21916
19622
23096
23905
1143
8431
27658
26656
24282
28714
30829
5375
8554
3897
8264
25237
27758
2322
16202
2089
31529
18627
32219
4048
25958
9395
16210
23510
8020
12074
16488
7007
11156
28691
31212
29262
13201
27649
7097
22630
31248
7281
13286
29615
23560
15695
22076
29212
21427
5051
22509
9834
12773
4620
29570
27723
413
32021
26902
6084
18905
30376
28354
29652
8623
4441
1368
5206
19098
20868
1364
32552
17682
16274
30735
28813
4959
28535
4406
16080
7854
8575
23675
8491
29285
24651
29578
24038
16820
16406
20543
9155
27500
9022
3862
4762
28693
10239
13795
14145
3643
9089
21187
32430
30984
19989
1874
25696
23832
1211
21534
24571
10120
17385
14428
22066
17232
16263
31194
4329
16595
15422
10549
667
7093
3570
13900
22778
4845
24461
10484
8918
18203
10239
20974
3392
4891
28803
2070
31727
21210
20515
17884
227
3176
16510
15096
30535
12111
12233
9818
17820
24100
29716
3168
2836
30299
974
7500
15420
19039
6028
24565
29406
16867
6406
29885
29990
21618
866
1218
14339
4686
6326
12633
24784
12151
4296
6072
2612
17674
9496
15602
20551
15564
7712
30249
26614
6919
17882
8446
17832
6805
25475
16461
5922
20282
9375
20760
5287
16951
5949
27584
28004
15643
6524
1403
21260
14045
25166
26114
26816
5928
1916
9610
6449
17398
9450
18166
6152
11616
2333
16971
4742
19380
2810
4964
21351
17353
27856
8423
24077
9615
28825
3959
17626
30954
381
21803
16094
3265
5784
8511
16562
15442
13053
27658
7331
7880
9979
17200
28179
21775
30367
9753
21533
27111
2425
1698
16248
30775
1955
16914
22430
2980
2048
9807
15149
28515
29634
22354
8077
24395
17199
10456
5075
20271
30628
16474
27365
15466
30426
4928
4319
15803
11112
5458
20406
17748
3721
11119
18204
18733
32544
13953
7075
17822
2553
19120
8484
20013
1874
26326
1122
8357
12698
16435
14315
28264
6520
30307
10303
20485
6927
17292
31540
5901
14465
31964
24217
29219
32177
30515
10778
5971
20814
9244
22627
26789
22285
31490
7049
18161
18229
673
4261
1780
24417
3770
22210
15524
20609
1547
3321
20673
20003
17534
31706
5293
8945
28065
28174
18557
28282
17238
31803
18256
28725
21708
20520
19935
962
6573
8994
3926
12916
19865
31646
3171
32269
8148
28191
24716
18632
2875
25946
31173
32413
27261
13720
28226
25536
7303
32605
25738
11371
19776
9543
16845
16861
13943
22840
4727
22691
27929
1208
24837
15382
3752
4244
28439
29477
25320
20427
1223
8788
17884
4523
19002
20229
28144
7992
24436
26614
25208
10189
9841
14092
13913
24838
29553
8271
23302
24028
6035
21045
8111
24850
31141
19235
12469
11985
12603
22577
11104
8591
22526
28974
6612
1589
1351
5604
27457
896
10221
4252
15451
4263
12891
16869
1034
16191
19685
22930
30818
23644
604
8450
16341
11514
6879
15012
17063
18843
6389
31417
12451
23857
3289
15708
3853
19261
12821
24000
25303
313
2898
12986
19223
30516
28783
13439
8121
9148
17104
12206
26737
26368
15353
10641
16372
12598
2651
22944
30568
26683
12397
23622
3609
20601
23039
744
20845
32014
7116
25892
14618
2859
20814
5974
21398
11449
3286
10849
22224
17987
19931
22700
10525
9232
29074
1130
30325
2703
4544
27423
9695
9721
17869
12895
17194
7473
31257
12761
12510
19439
20883
7829
13938
26653
17799
31610
16063
5761
30647
29459
23221
12957
27310
32403
23629
19923
5201
32278
7614
10701
32439
9769
18676
12828
27450
26253
13118
14623
11214
11832
8519
31783
9874
12445
1863
13016
14245
4141
6522
11731
25915
4638
16594
18578
6640
16235
18409
12946
22876
5916
21561
21432
8935
13767
32655
20462
30430
5719
9661
28173
12743
20492
14991
26111
12786
30147
15361
23077
31569
31352
5295
32758
19849
16137
653
15337
24649
11580
21976
13461
14811
1028
7245
8471
21497
14592
3224
22197
737
4933
17935
22977
21164
25437
14496
30143
20187
31887
18696
8394
26675
21345
1350
11827
27851
25948
32080
5228
18019
19983
5124
18980
29431
11607
23649
32436
27540
17117
22263
12730
28011
25311
9116
28163
22820
10292
31585
11183
7284
1930
1733
7567
23026
10227
25640
28114
17190
9376
29314
11745
22755
7147
13396
32135
1495
12187
24287
11605
18273
23140
27029
24645
22690
16046
12749
28829
5079
21144
1722
7190
32230
3387
12702
15166
12342
31027
20027
2075
5316
20572
1930
14353
10356
1241
3248
27909
14245
23387
21038
16835
18695
31391
29528
30109
10929
5177
18440
31573
21870
2705
659
28478
6744
14379
27132
14493
20137
15403
1128
23125
27085
28696
17874
14020
18876
27360
5888
19176
4486
13596
18614
9414
22063
4758
18217
6412
3518
1288
8630
31733
29841
27687
15060
24941
23795
26336
13384
10358
7409
23010
27544
21962
3689
16220
6849
449
21859
9224
28972
23926
24740
30056
14559
4901
22657
1360
23537
1496
28658
26276
24128
13379
19431
1891
8038
17132
29919
11236
30952
29071
1718
12128
3249
32704
4798
11697
22463
17618
26642
31321
23837
32504
13863
2246
32017
7594
15780
10709
19606
2890
884
17044
268
14856
14873
24652
17455
30723
21827
19903
1094
20144
31649
3502
5276
29056
19191
24222
12852
32701
8817
11228
16569
7605
26423
4031
21428
10523
30529
19245
22530
3242
15981
22112
29060
30475
8654
28394
24856
30969
13639
18167
1736
20131
28505
14803
21570
22610
20282
10668
17288
1611
10535
27288
9705
15351
3322
24282
24368
28225
31487
10337
24859
320
23300
5009
31503
10518
27055
8006
21001
21016
4117
17942
5336
21551
22919
27863
16522
30077
31663
6753
2340
68
9437
23701
14998
28676
1179
32415
9709
31204
17031
29815
28363
29779
22370
8110
19732
25071
31844
20839
5867
9126
9426
11684
9949
5659
13779
21443
29275
7755
28800
28744
25710
26992
16954
7132
20646
25638
28480
11158
4692
11468
19328
22138
11256
1325
30126
21567
31485
1887
18580
22870
21412
8684
30377
5159
6463
7984
996
3998
9887
15362
4562
7910
6863
4503
12775
13940
24067
22178
12818
22088
29387
15296
6035
26991
26508
26388
15377
16077
31793
21294
16615
32537
20510
5426
19648
17449
11365
20022
18275
13680
15933
19435
2000
19909
21936
7296
10379
11877
31891
6595
30264
9020
31163
12170
11368
15456
5230
24913
29875
8415
11288
21284
23559
32442
30783
22976
12863
15409
1209
22005
2039
20033
15901
24398
16031
22636
8823
500
24271
31160
27200
5072
10458
27386
15757
25840
5030
21076
18822
20268
11707
28669
18970
26889
5273
2112
23537
24541
30287
11976
10914
15668
20809
22298
20263
7027
26218
20067
29326
3515
4443
628
2288
16144
31522
14859
14503
3259
23286
8788
16828
8172
14673
21935
31135
19108
26952
16308
12059
11218
11288
628
2696
24253
13057
16642
15939
14753
29527
29491
7003
24477
214
9889
24205
10700
25142
20726
18803
11187
5119
5991
23544
22235
11679
12158
16911
446
23737
15645
18853
21992
10945
20928
29907
26966
16582
28930
31833
1826
7566
15971
22088
27490
29160
14408
5374
30285
5950
9283
12887
6815
21610
4245
6946
2879
25802
3825
3794
27679
30103
3203
10102
2660
3442
27441
7660
24520
4672
16417
7761
25916
24888
23419
16571
30929
11578
32112
31275
23256
5987
23675
6589
1608
13790
24806
9762
26721
31997
14737
12112
15247
16008
11759
26744
2449
13141
20817
7737
6362
17176
31591
23827
18744
32381
10755
23582
9139
32628
12321
32764
8632
9164
22053
2572
28535
22020
20323
18400
11657
22622
10468
22258
30166
17972
5479
20626
10166
16271
15015
29219
16214
29430
25564
5511
15454
31108
15748
3544
23504
14654
32355
15449
10547
16803
8649
29100
10994
22148
5907
28485
11775
7445
2676
7454
29883
8005
10998
18348
19738
6475
4539
31251
20994
17793
11913
18582
23541
6774
23942
8017
25840
12094
2623
26922
25491
14861
1007
8965
24961
23813
26367
12087
20746
13643
16329
32061
26120
24672
19105
22959
30214
27567
29974
31343
9128
25186
1141
6950
22855
28026
1423
15857
22235
14879
27068
25687
22302
6708
29984
21631
4078
4911
25133
16031
4595
20264
24169
22200
19331
9263
17522
13953
12994
9699
14143
7072
23310
30017
680
22048
31130
17081
25897
31520
7512
13959
9955
12232
7709
13120
8675
8322
1792
9899
8103
30822
3
23763
12254
27893
31477
2394
23664
12811
10134
31504
24254
27151
29437
11716
14891
26221
5687
11867
24539
19526
30769
1311
16315
29030
26327
6745
27329
1398
27518
18721
10869
23410
15999
5237
12720
26462
7717
12937
19107
17461
3274
25182
9756
22051
14908
16278
12293
23795
7270
2183
3373
2763
31532
2702
9804
29463
29590
10405
25665
26051
13873
12344
413
2733
1202
28725
5477
20826
13021
18019
15124
2280
11941
5876
31712
13379
21397
25181
23870
28316
3438
28005
14504
29719
3602
12156
16542
8900
6816
31567
22251
2001
13281
5529
6185
19710
7651
11836
16519
6736
2787
28560
19914
16394
28016
6139
658
15577
13774
20930
11999
29775
32409
15646
25043
10642
27818
24723
26810
4694
17983
29565
16199
5640
1365
14060
21792
3404
26969
20657
19614
5546
19456
23737
5837
19844
15732
10394
4283
3148
11184
19820
1519
27380
6445
7130
15415
12453
9918
3704
27815
30643
29880
13912
19934
7889
8023
21976
5003
23169
23133
7613
1840
31439
28668
16518
7718
14655
9974
20474
12514
8964
21507
6404
14198
29554
6771
29120
12122
29366
8212
11734
3693
11461
14422
11527
26423
5266
19117
14341
8817
26500
30775
8072
29127
25895
17567
20894
24540
12066
17985
22850
8591
25961
8591
31793
3197
21171
21427
27385
22214
15663
4214
14163
1045
12146
14176
1202
9178
19892
9248
10012
17626
2877
24111
9273
16874
21530
27569
19114
19447
32532
19356
21403
21834
7139
23323
17052
16906
29086
10805
30636
515
16758
938
10135
30629
8612
11293
11907
20560
1184
7288
28869
12751
16532
15245
15865
24866
11024
23289
27217
18048
7423
31566
4653
29340
29402
7025
15340
2344
23835
5952
19458
13463
5365
22904
32587
1832
18754
25814
24480
27936
22461
30845
26279
5206
9841
21400
17135
27893
12657
23616
29500
10110
8394
11680
11295
21516
31414
20823
15306
1756
17938
10269
24611
9740
12562
17834
17175
17571
4148
17364
4401
11986
18802
20727
24171
2938
32700
32153
19780
14061
4773
3406
11282
15097
18013
20186
31898
2083
10207
16278
6622
21552
363
32277
28726
16874
29495
20486
31650
13856
1122
16220
95
32239
16425
4781
12728
10816
13149
9432
15135
17554
24084
24555
24444
16634
28064
24388
8901
20839
21181
31990
12751
32299
2062
20078
31844
10167
7371
21590
13717
21926
22452
25017
11857
30462
1609
32360
15927
30642
19516
18589
11945
20331
1831
6623
23586
28039
6779
29477
457
9826
14264
29758
25414
1493
30436
25200
18644
11005
21302
608
407
4414
24594
18737
24625
27271
19002
10480
26000
28375
31042
31792
3593
17664
25924
21745
29867
26795
29910
12999
16589
12700
30521
25656
4586
24631
3795
5989
23983
21315
8159
24045
29777
19183
5988
10254
7972
23826
7779
31501
3434
32439
3413
26328
872
18137
13269
32491
32704
20075
18585
23152
19194
20892
5542
24490
9572
30296
13508
24211
1820
23570
28720
16068
9835
22721
7058
17558
14420
1832
31022
12679
8045
2651
32606
17375
31982
10879
4672
22931
22536
11985
1452
14953
20344
6378
31593
19805
2395
9537
29088
15683
21828
13553
5520
20655
13452
1212
11908
30994
15593
21840
13570
23845
2370
26826
27206
25227
11458
31097
1007
31410
23596
3556
16375
14074
16750
19982
29928
26649
11640
15864
29261
19646
7246
360
17767
4980
16220
3305
13858
13257
523
26643
4167
25264
15505
25868
3315
9765
2317
29007
28744
19471
28371
25516
12130
18538
22532
27536
12941
16037
1379
1415
1973
14921
29795
6399
6430
23260
27525
9039
15445
30469
8416
5112
11622
31473
12033
15914
19023
1524
19446
906
8885
2932
30374
7218
12246
31491
3684
8185
18623
13259
2243
13557
9918
18223
14763
1855
3611
20143
25004
28150
28419
22796
30355
24967
4805
12973
23099
10027
10561
3394
29606
21937
19100
19111
24140
6013
16697
28427
9139
19921
12261
32337
13120
31051
26706
18614
3149
2991
1479
27317
20092
1767
8213
1064
9290
3400
10957
27311
15335
18199
21680
23381
16965
16716
31591
28529
5230
10645
1909
22731
6940
2974
17513
10496
1155
29584
2392
10280
20594
6616
17802
32437
25242
31785
17780
13982
3885
1988
17382
22462
21932
14583
7046
9079
15866
21475
11389
13210
2996
6787
19056
139
15301
9194
18098
4768
52
14540
27320
25291
11841
22848
30413
11897
21169
20420
30982
17081
24678
30082
4217
673
11570
3026
28842
11501
12525
20223
14662
9450
15045
9806
30228
17043
4310
5436
23336
28153
11771
21000
4442
2536
4579
9585
9974
29127
22375
30657
30901
3776
1306
12042
9964
18465
19490
17072
27396
21250
10567
10279
24874
9513
7242
31998
6727
3882
27000
4637
2611
16850
6526
15435
9766
17094
11135
3571
18287
5224
11620
24103
9832
5370
11892
16613
425
22790
16420
21657
17788
1277
31024
2276
18321
27166
12010
17052
27379
27289
22738
276
16443
26869
21096
26781
30212
18095
28478
22092
11678
13860
5457
24830
2055
25520
20889
27546
32534
14872
6879
11414
24314
17957
14031
20157
29667
32146
30030
3887
16383
27945
13838
31913
19880
4648
27743
15366
29148
25321
5448
30214
4845
19138
21462
21071
18297
7467
10164
9137
24989
17438
29180
10670
14950
11716
15437
2874
20872
15693
30238
28351
5459
17183
7249
21348
26338
16436
32523
3983
11926
30909
6596
6312
5315
6668
12698
30753
12968
30640
11755
4531
20389
9186
24354
7914
32424
26400
10193
995
12265
23319
15361
24917
2775
11462
27334
1998
9297
18913
9750
12351
25882
32115
15578
7611
13447
16328
31558
3196
15227
15754
9574
4647
21397
23082
32762
21328
30376
12673
23428
12865
17004
23736
21919
23287
25715
32357
17554
20590
606
23030
293
24351
29264
31315
692
6342
22435
11199
385
15720
30682
19711
4942
13717
23511
15295
30252
491
4431
24625
32142
17371
8314
7159
21921
17328
2575
8259
4320
6092
24943
28477
13283
20789
22304
3237
13175
20817
18302
8633
6388
11502
8621
6233
16587
16517
15058
29033
26463
22976
24963
23159
30742
6713
17788
18077
21167
30597
1939
3753
31446
31857
1518
23676
26101
12171
14451
26032
23374
17125
12672
14718
6727
28949
5852
9694
15108
11136
9966
30703
32059
32217
7725
7066
31044
19172
4312
24178
26480
18048
3303
23007
29084
20708
6209
18556
17158
5929
24367
19133
19039
7433
10001
24277
25121
5094
22864
4055
21282
8973
14995
8219
25962
1341
8758
13027
29505
8035
17912
14654
12941
29864
28147
9773
10331
7085
9426
11781
31420
6421
14398
5396
5330
17221
7577
20871
20778
4967
3823
1163
7756
1973
29737
3763
20881
31476
27780
17306
7221
5438
3138
201
22189
14853
8864
11227
5691
5973
7175
23519
16575
14937
21638
12797
4816
19745
28288
9565
19467
24994
418
17988
30123
28159
13848
15488
30555
24071
8193
1287
28232
24062
28448
13019
31353
17056
18132
14128
30307
12899
21066
29905
19640
29693
26865
8896
24705
1574
22318
16924
15212
25759
8018
11080
30311
7795
18121
30282
4205
8573
915
17009
10144
24362
24057
8507
18585
11904
6776
10357
18428
3935
2
28580
23119
13063
20070
31908
24076
28123
30988
25487
3060
30309
31205
7649
423
5529
20642
