10000
2
3
4
5
8
8
9
10
12
22
23
25
28
34
38
41
43
47
52
52
63
66
67
68
69
71
89
95
102
110
118
118
120
122
124
125
128
133
136
139
139
142
158
163
168
168
174
174
175
177
185
189
192
194
199
199
201
202
204
212
212
214
216
217
221
223
227
229
230
232
232
247
264
267
267
268
270
276
277
279
282
284
285
291
293
300
302
310
313
320
328
329
335
342
350
353
360
363
376
379
381
383
383
385
387
389
391
394
395
401
401
402
402
406
407
411
413
413
418
418
420
423
425
428
429
441
446
446
449
457
459
464
482
484
486
487
491
496
497
500
501
504
506
508
508
514
514
514
515
520
523
525
529
531
537
543
544
546
548
552
561
562
563
568
571
571
573
578
582
584
587
594
594
595
596
596
598
599
600
604
606
608
608
613
614
625
627
628
628
629
630
634
635
639
640
640
643
649
649
651
653
654
656
656
658
659
660
661
664
666
667
668
669
673
673
675
680
692
695
700
701
708
712
715
716
725
729
731
735
737
739
741
744
744
745
745
750
753
757
758
761
762
764
778
781
787
788
791
791
792
795
806
810
827
828
830
831
831
838
838
849
850
850
851
854
856
857
864
866
870
870
871
872
878
879
880
884
884
885
887
888
889
896
897
898
903
906
913
915
918
921
925
927
933
937
937
938
941
950
953
954
955
957
962
965
974
981
984
995
996
997
1005
1007
1007
1009
1012
1013
1015
1019
1021
1021
1028
1034
1039
1042
1045
1052
1054
1057
1063
1064
1071
1083
1085
1086
1087
1093
1093
1093
1094
1094
1094
1096
1105
1105
1110
1110
1113
1120
1122
1122
1124
1125
1125
1126
1128
1130
1130
1136
1138
1141
1143
1148
1148
1155
1158
1158
1160
1160
1163
1167
1168
1170
1173
1176
1179
1184
1187
1196
1202
1202
1208
1209
1209
1209
1211
1212
1214
1218
1221
1223
1225
1238
1241
1242
1244
1252
1252
1253
1253
1255
1257
1263
1265
1269
1273
1276
1277
1282
1284
1284
1287
1287
1288
1290
1303
1306
1306
1307
1307
1309
1310
1311
1317
1325
1328
1337
1339
1340
1341
1341
1346
1350
1351
1353
1354
1355
1358
1360
1363
1364
1365
1368
1371
1379
1380
1384
1398
1399
1403
1407
1415
1423
1425
1430
1437
1440
1448
1452
1453
1460
1465
1467
1467
1468
1468
1469
1469
1471
1479
1485
1486
1493
1493
1494
1495
1496
1496
1498
1499
1502
1505
1510
1513
1514
1518
1519
1519
1524
1533
1533
1538
1544
1545
1545
1547
1547
1557
1558
1562
1564
1565
1566
1570
1574
1574
1575
1582
1584
1589
1589
1591
1598
1603
1608
1609
1611
1613
1620
1622
1639
1659
1665
1667
1667
1671
1672
1675
1678
1683
1691
1698
1701
1705
1711
1714
1716
1718
1720
1722
1732
1733
1736
1747
1748
1748
1756
1757
1763
1765
1767
1769
1772
1780
1780
1786
1786
1789
1792
1794
1797
1801
1802
1814
1815
1818
1820
1822
1826
1831
1831
1832
1832
1832
1833
1834
1836
1839
1839
1840
1845
1848
1852
1855
1860
1861
1863
1865
1869
1870
1874
1874
1875
1882
1887
1889
1890
1891
1891
1894
1900
1905
1909
1911
1914
1916
1918
1921
1921
1922
1930
1930
1930
1939
1948
1953
1955
1969
1970
1972
1973
1973
1979
1980
1988
1991
1991
1995
1996
1998
2000
2001
2002
2003
2017
2021
2031
2035
2036
2036
2039
2039
2044
2048
2051
2052
2053
2055
2055
2055
2062
2070
2071
2073
2075
2075
2076
2076
2083
2089
2097
2102
2110
2111
2111
2112
2131
2135
2152
2152
2153
2156
2163
2170
2176
2177
2183
2183
2183
2192
2194
2196
2196
2197
2197
2200
2201
2203
2216
2222
2227
2227
2227
2229
2233
2235
2236
2239
2240
2240
2242
2243
2246
2248
2257
2261
2263
2276
2278
2280
2282
2283
2288
2301
2304
2306
2309
2313
2314
2317
2321
2321
2322
2325
2325
2333
2340
2340
2342
2344
2348
2351
2353
2358
2363
2370
2377
2383
2389
2391
2391
2392
2393
2394
2395
2399
2425
2427
2432
2446
2447
2447
2449
2457
2459
2476
2483
2484
2486
2490
2495
2501
2503
2513
2515
2516
2516
2520
2524
2527
2536
2541
2542
2548
2553
2554
2555
2558
2563
2564
2565
2568
2572
2575
2584
2587
2606
2611
2611
2612
2615
2615
2620
2623
2625
2629
2631
2633
2634
2637
2639
2647
2649
2650
2651
2651
2654
2658
2660
2661
2663
2666
2668
2668
2674
2676
2676
2679
2691
2694
2696
2696
2699
2702
2703
2703
2705
2718
2723
2732
2733
2744
2746
2748
2749
2753
2754
2755
2763
2771
2775
2780
2787
2792
2796
2798
2800
2800
2805
2806
2809
2810
2815
2815
2818
2836
2836
2836
2852
2857
2858
2858
2859
2874
2875
2875
2877
2878
2879
2887
2890
2898
2912
2913
2919
2920
2924
2932
2938
2940
2954
2956
2960
2962
2963
2965
2974
2980
2981
2981
2982
2991
2991
2992
2994
2996
2996
3001
3002
3005
3008
3016
3024
3026
3033
3043
3043
3060
3061
3061
3063
3066
3077
3079
3084
3097
3098
3107
3127
3128
3131
3138
3143
3147
3148
3149
3150
3154
3163
3167
3168
3171
3172
3173
3176
3189
3190
3196
3196
3197
3198
3198
3203
3205
3208
3212
3213
3216
3216
3221
3224
3233
3237
3238
3241
3242
3242
3242
3243
3248
3249
3252
3259
3261
3265
3272
3274
3283
3286
3286
3289
3291
3293
3303
3304
3304
3305
3314
3315
3316
3320
3321
3322
3328
3334
3335
3336
3338
3340
3343
3348
3351
3357
3367
3370
3373
3375
3378
3384
3386
3387
3389
3391
3392
3393
3394
3394
3394
3394
3400
3403
3403
3404
3404
3405
3406
3413
3415
3427
3430
3434
3438
3442
3446
3456
3456
3458
3467
3476
3481
3484
3485
3493
3493
3499
3502
3502
3507
3510
3514
3515
3516
3518
3518
3519
3524
3524
3538
3538
3543
3544
3548
3549
3554
3555
3556
3556
3557
3558
3559
3560
3567
3570
3571
3574
3576
3587
3593
3593
3596
3597
3598
3599
3602
3603
3604
3604
3605
3609
3611
3611
3612
3621
3630
3631
3632
3632
3641
3642
3643
3643
3644
3648
3649
3650
3670
3676
3683
3684
3684
3686
3686
3689
3691
3692
3693
3694
3697
3702
3704
3707
3710
3713
3719
3721
3722
3722
3723
3726
3733
3740
3743
3748
3750
3751
3751
3752
3753
3753
3756
3763
3764
3770
3776
3780
3790
3794
3795
3798
3799
3803
3815
3816
3819
3819
3823
3825
3828
3834
3837
3853
3855
3859
3862
3870
3871
3871
3881
3882
3882
3882
3885
3887
3888
3890
3891
3897
3899
3904
3905
3908
3908
3914
3916
3919
3923
3923
3924
3926
3927
3931
3933
3935
3941
3943
3944
3946
3954
3955
3959
3959
3960
3970
3970
3974
3977
3982
3983
3991
3993
3996
3998
3998
4006
4012
4016
4017
4020
4021
4026
4030
4031
4032
4048
4053
4055
4057
4060
4061
4064
4067
4077
4078
4095
4098
4105
4113
4117
4120
4131
4139
4141
4147
4148
4152
4156
4157
4160
4164
4164
4167
4168
4183
4184
4195
4204
4205
4209
4210
4210
4214
4215
4215
4217
4217
4223
4225
4228
4238
4243
4244
4245
4247
4252
4253
4255
4261
4263
4266
4267
4268
4279
4282
4283
4290
4291
4293
4296
4301
4302
4302
4308
4309
4310
4310
4312
4313
4319
4320
4321
4329
4329
4331
4331
4331
4332
4333
4335
4338
4341
4344
4345
4350
4351
4352
4352
4353
4357
4360
4372
4376
4376
4379
4381
4388
4393
4396
4397
4401
4406
4410
4410
4411
4413
4414
4415
4431
4438
4438
4441
4442
4443
4447
4455
4456
4458
4463
4465
4465
4468
4470
4471
4471
4483
4486
4489
4499
4503
4504
4508
4511
4523
4524
4524
4526
4526
4527
4531
4533
4538
4538
4538
4539
4540
4544
4548
4550
4556
4562
4566
4567
4572
4579
4582
4585
4586
4593
4595
4598
4598
4603
4604
4606
4608
4610
4610
4620
4628
4629
4637
4638
4640
4640
4641
4647
4648
4653
4654
4655
4656
4658
4660
4662
4666
4672
4672
4679
4679
4686
4692
4694
4701
4707
4713
4719
4724
4727
4734
4740
4741
4742
4742
4748
4750
4757
4758
4760
4762
4763
4765
4768
4770
4773
4779
4781
4792
4798
4805
4812
4813
4815
4816
4817
4819
4820
4823
4824
4827
4827
4830
4836
4837
4839
4845
4845
4846
4853
4858
4861
4871
4871
4873
4874
4887
4888
4891
4891
4892
4896
4898
4898
4900
4901
4909
4911
4911
4911
4913
4916
4920
4922
4925
4928
4930
4933
4934
4934
4936
4936
4938
4938
4942
4947
4954
4956
4959
4964
4964
4966
4967
4968
4972
4975
4977
4980
4990
4990
5003
5008
5009
5021
5028
5030
5034
5034
5045
5046
5050
5051
5052
5054
5059
5063
5064
5064
5072
5075
5079
5079
5080
5088
5093
5093
5094
5094
5098
5104
5110
5112
5114
5119
5121
5121
5124
5124
5127
5132
5134
5137
5142
5143
5144
5151
5153
5153
5159
5161
5161
5164
5171
5177
5178
5179
5187
5191
5194
5196
5198
5199
5201
5201
5202
5206
5206
5214
5218
5223
5224
5228
5230
5230
5237
5238
5239
5240
5243
5245
5246
5253
5260
5262
5263
5265
5266
5268
5271
5273
5276
5287
5293
5295
5295
5300
5302
5303
5306
5313
5315
5316
5321
5321
5330
5331
5332
5333
5336
5337
5341
5364
5365
5367
5370
5370
5374
5375
5387
5387
5388
5389
5394
5394
5396
5398
5400
5403
5404
5406
5414
5415
5415
5418
5419
5426
5429
5434
5436
5438
5439
5448
5450
5450
5457
5458
5458
5459
5462
5467
5467
5470
5473
5477
5479
5479
5486
5489
5494
5496
5496
5504
5505
5508
5510
5511
5516
5520
5520
5523
5525
5529
5529
5540
5542
5546
5549
5553
5557
5561
5568
5588
5595
5603
5604
5605
5608
5614
5616
5617
5618
5622
5624
5626
5631
5633
5637
5640
5645
5657
5658
5659
5667
5668
5676
5683
5687
5691
5694
5698
5702
5705
5711
5719
5721
5721
5723
5725
5727
5730
5731
5732
5732
5733
5734
5736
5736
5740
5745
5746
5749
5751
5761
5761
5768
5772
5776
5781
5784
5785
5786
5790
5800
5812
5826
5829
5831
5837
5839
5840
5841
5844
5847
5851
5852
5854
5857
5857
5858
5859
5860
5860
5861
5862
5867
5869
5870
5870
5873
5874
5874
5876
5877
5878
5881
5888
5888
5889
5889
5896
5897
5898
5898
5900
5900
5901
5905
5907
5916
5917
5922
5925
5926
5926
5927
5927
5928
5929
5938
5942
5945
5949
5950
5950
5952
5952
5953
5954
5959
5961
5971
5973
5974
5981
5987
5988
5989
5991
5991
5992
6000
6002
6003
6009
6010
6013
6018
6026
6028
6034
6035
6035
6036
6038
6039
6044
6047
6065
6068
6071
6072
6072
6084
6084
6088
6089
6092
6092
6098
6099
6102
6103
6110
6112
6114
6116
6121
6124
6125
6128
6132
6133
6134
6139
6142
6143
6149
6152
6157
6157
6162
6171
6174
6175
6177
6181
6185
6187
6190
6190
6209
6219
6224
6228
6229
6233
6237
6238
6239
6239
6239
6248
6255
6259
6275
6276
6276
6288
6288
6293
6301
6303
6308
6312
6312
6315
6315
6319
6321
6321
6325
6325
6326
6330
6331
6333
6333
6334
6339
6342
6342
6350
6353
6354
6360
6362
6365
6365
6369
6377
6377
6378
6378
6380
6382
6383
6386
6388
6389
6392
6399
6399
6404
6404
6406
6412
6420
6421
6421
6421
6424
6428
6429
6430
6437
6442
6444
6445
6449
6457
6463
6470
6473
6475
6479
6495
6501
6510
6513
6515
6520
6521
6522
6524
6526
6529
6530
6531
6543
6547
6554
6557
6558
6558
6564
6566
6572
6573
6573
6581
6584
6586
6589
6589
6589
6592
6593
6595
6595
6596
6610
6612
6612
6616
6616
6622
6622
6623
6624
6632
6635
6636
6637
6638
6639
6640
6643
6644
6645
6646
6647
6653
6654
6657
6658
6658
6659
6668
6675
6676
6684
6686
6690
6690
6698
6698
6701
6705
6706
6708
6708
6713
6714
6718
6722
6727
6727
6727
6731
6736
6737
6744
6745
6746
6753
6754
6759
6761
6771
6774
6776
6776
6778
6778
6779
6779
6787
6790
6797
6798
6799
6801
6805
6810
6815
6816
6822
6824
6830
6838
6841
6845
6849
6855
6857
6862
6863
6863
6865
6875
6876
6879
6879
6882
6896
6896
6912
6912
6919
6920
6922
6924
6925
6927
6934
6935
6937
6937
6940
6940
6943
6946
6946
6950
6964
6977
6995
6996
7002
7003
7006
7007
7016
7018
7018
7025
7027
7027
7031
7040
7041
7046
7046
7049
7049
7051
7055
7055
7056
7058
7059
7066
7070
7071
7072
7075
7080
7081
7085
7085
7093
7097
7116
7119
7121
7122
7122
7128
7130
7132
7134
7139
7147
7147
7148
7150
7156
7158
7159
7159
7166
7167
7169
7175
7179
7181
7190
7190
7191
7195
7207
7208
7209
7213
7218
7218
7219
7220
7221
7232
7240
7242
7243
7244
7245
7245
7246
7249
7256
7263
7266
7267
7270
7270
7276
7281
7284
7285
7286
7288
7288
7296
7296
7303
7311
7316
7325
7325
7331
7332
7333
7335
7339
7340
7343
7352
7353
7355
7356
7357
7363
7368
7371
7371
7371
7375
7376
7381
7385
7385
7386
7408
7409
7413
7419
7420
7423
7425
7426
7433
7434
7435
7437
7439
7445
7445
7454
7455
7457
7458
7460
7462
7465
7465
7466
7467
7473
7474
7477
7485
7486
7487
7490
7499
7500
7512
7512
7512
7517
7518
7522
7526
7529
7530
7536
7540
7540
7543
7544
7545
7549
7555
7564
7566
7567
7572
7576
7577
7581
7594
7602
7605
7607
7608
7608
7610
7611
7613
7613
7614
7616
7622
7624
7628
7637
7643
7649
7651
7652
7655
7658
7659
7660
7663
7664
7667
7667
7668
7668
7670
7672
7676
7683
7683
7687
7694
7709
7712
7712
7712
7717
7718
7721
7723
7725
7727
7735
7737
7746
7754
7755
7756
7759
7761
7762
7763
7772
7772
7774
7776
7779
7780
7787
7791
7793
7795
7797
7800
7821
7824
7826
7829
7829
7835
7838
7841
7841
7843
7847
7848
7851
7851
7852
7854
7855
7857
7858
7861
7862
7864
7876
7880
7882
7886
7889
7891
7894
7896
7899
7904
7905
7910
7912
7912
7914
7914
7921
7922
7933
7936
7939
7943
7945
7948
7950
7954
7958
7960
7971
7972
7972
7973
7977
7977
7977
7979
7980
7980
7981
7984
7985
7992
8005
8006
8013
8014
8017
8018
8020
8021
8023
8029
8032
8035
8038
8039
8042
8042
8045
8048
8069
8072
8072
8073
8074
8077
8079
8080
8084
8090
8092
8095
8097
8098
8103
8110
8111
8121
8126
8126
8129
8145
8146
8146
8148
8151
8155
8159
8164
8164
8164
8167
8168
8171
8172
8175
8176
8177
8184
8184
8185
8193
8193
8202
8205
8206
8212
8212
8213
8213
8217
8219
8228
8233
8235
8253
8256
8259
8264
8264
8266
8268
8270
8271
8278
8286
8288
8289
8291
8293
8309
8313
8314
8318
8320
8322
8322
8324
8332
8334
8341
8348
8352
8357
8357
8362
8367
8372
8372
8373
8376
8377
8389
8394
8394
8394
8397
8398
8405
8411
8412
8412
8415
8416
8423
8426
8431
8431
8441
8442
8445
8446
8449
8449
8450
8457
8467
8468
8470
8471
8471
8479
8484
8487
8491
8492
8495
8502
8502
8507
8511
8519
8522
8529
8536
8537
8539
8540
8545
8546
8552
8554
8570
8572
8573
8574
8575
8575
8576
8583
8583
8588
8591
8591
8591
8597
8599
8600
8604
8608
8612
8612
8621
8623
8625
8629
8630
8631
8631
8632
8632
8633
8634
8646
8647
8649
8651
8654
8654
8655
8660
8665
8669
8675
8678
8684
8686
8691
8693
8700
8706
8713
8717
8720
8722
8725
8731
8734
8736
8737
8743
8745
8746
8758
8758
8768
8774
8780
8781
8788
8788
8795
8795
8801
8804
8807
8811
8813
8815
8817
8817
8820
8823
8828
8828
8833
8837
8840
8840
8841
8849
8855
8855
8859
8859
8863
8864
8871
8872
8875
8885
8887
8887
8887
8896
8900
8901
8915
8918
8935
8935
8940
8943
8945
8956
8958
8960
8964
8964
8965
8966
8968
8973
8974
8974
8978
8978
8979
8980
8984
8994
9006
9009
9010
9020
9022
9033
9035
9039
9059
9059
9063
9064
9070
9078
9079
9081
9081
9083
9085
9085
9089
9091
9091
9096
9105
9108
9111
9111
9113
9114
9116
9126
9128
9128
9128
9137
9138
9139
9139
9139
9143
9144
9148
9149
9155
9159
9164
9166
9172
9174
9174
9177
9178
9180
9183
9183
9186
9187
9191
9193
9194
9197
9197
9200
9201
9202
9210
9214
9221
9224
9232
9233
9233
9238
9241
9244
9248
9252
9260
9263
9264
9265
9268
9268
9269
9273
9283
9290
9291
9292
9297
9297
9300
9304
9304
9304
9306
9307
9317
9318
9322
9324
9330
9337
9346
9358
9358
9363
9365
9370
9372
9373
9375
9375
9376
9379
9384
9387
9393
9395
9396
9396
9397
9404
9405
9407
9409
9411
9414
9418
9420
9424
9426
9426
9432
9432
9437
9438
9440
9443
9445
9450
9450
9452
9454
9472
9477
9478
9479
9480
9486
9489
9496
9496
9498
9499
9502
9510
9512
9513
9524
9533
9537
9539
9541
9543
9543
9550
9556
9560
9565
9565
9567
9572
9574
9574
9574
9585
9585
9587
9589
9591
9593
9596
9603
9609
9610
9610
9615
9615
9623
9624
9633
9635
9635
9637
9643
9644
9645
9646
9646
9651
9658
9661
9669
9669
9670
9672
9673
9678
9694
9695
9697
9699
9702
9705
9709
9714
9721
9726
9733
9736
9737
9740
9750
9753
9753
9756
9762
9765
9766
9766
9769
9769
9773
9777
9785
9790
9794
9798
9804
9805
9806
9807
9807
9818
9826
9832
9834
9835
9841
9841
9842
9846
9847
9852
9856
9857
9869
9870
9873
9874
9878
9879
9879
9887
9889
9890
9897
9898
9899
9901
9907
9918
9918
9918
9920
9920
9925
9929
9930
9939
9940
9941
9945
9949
9951
9953
9953
9955
9957
9959
9964
9964
9965
9966
9974
9974
9975
9979
9979
9983
9984
9985
9986
9992
9996
9997
10000
10001
10003
10004
10009
10011
10012
10020
10025
10026
10027
10035
10038
10042
10043
10065
10067
10071
10076
10078
10078
10089
10089
10090
10090
10093
10096
10097
10102
10107
10110
10111
10114
10120
10124
10134
10135
10135
10135
10141
10144
10149
10153
10154
10157
10160
10161
10164
10166
10167
10169
10171
10175
10178
10181
10182
10184
10185
10189
10193
10206
10207
10211
10218
10221
10227
10228
10237
10239
10239
10240
10242
10245
10254
10262
10263
10269
10276
10277
10279
10280
10280
10287
10291
10292
10301
10303
10303
10311
10314
10318
10319
10322
10329
10331
10331
10337
10342
10344
10354
10356
10357
10358
10363
10365
10373
10376
10378
10379
10379
10381
10389
10390
10394
10405
10407
10408
10410
10411
10411
10415
10416
10420
10425
10425
10434
10435
10439
10443
10444
10445
10446
10448
10453
10456
10457
10457
10458
10464
10468
10478
10480
10484
10492
10493
10496
10506
10511
10512
10515
10516
10518
10520
10523
10525
10535
10537
10544
10547
10549
10550
10554
10556
10556
10556
10557
10561
10563
10567
10574
10575
10579
10581
10593
10602
10602
10604
10607
10607
10608
10609
10614
10617
10622
10626
10629
10636
10638
10641
10642
10642
10643
10644
10645
10649
10663
10668
10669
10670
10671
10676
10691
10699
10700
10700
10701
10708
10709
10723
10723
10737
10739
10739
10745
10746
10752
10755
10756
10758
10761
10762
10765
10766
10767
10767
10771
10772
10778
10779
10784
10784
10791
10792
10792
10803
10805
10808
10808
10809
10812
10812
10815
10816
10817
10818
10818
10819
10821
10823
10838
10849
10856
10858
10859
10860
10868
10868
10869
10871
10876
10879
10883
10885
10888
10893
10894
10895
10901
10902
10908
10908
10910
10911
10914
10927
10929
10929
10945
10955
10956
10957
10957
10959
10960
10961
10982
10986
10990
10992
10994
10995
10997
10998
11001
11002
11005
11005
11016
11020
11020
11022
11024
11032
11045
11050
11056
11057
11067
11068
11069
11070
11072
11080
11085
11087
11089
11097
11099
11104
11109
11110
11112
11112
11119
11122
11122
11126
11126
11129
11135
11136
11137
11138
11138
11144
11146
11156
11157
11158
11162
11163
11166
11169
11171
11176
11183
11184
11187
11197
11199
11200
11214
11218
11224
11227
11228
11228
11230
11232
11233
11236
11236
11241
11245
11254
11255
11256
11257
11258
11261
11268
11271
11281
11282
11288
11288
11289
11293
11293
11294
11295
11302
11306
11309
11315
11326
11327
11328
11343
11348
11349
11356
11359
11365
11368
11368
11371
11373
11377
11379
11384
11385
11387
11389
11392
11394
11397
11398
11403
11403
11406
11411
11413
11414
11423
11435
11440
11440
11444
11447
11448
11449
11458
11459
11461
11461
11462
11463
11465
11466
11468
11471
11472
11483
11487
11489
11496
11497
11501
11502
11508
11511
11514
11520
11527
11527
11529
11529
11529
11542
11551
11557
11559
11563
11570
11574
11578
11580
11581
11589
11594
11605
11607
11609
11609
11616
11616
11620
11622
11622
11626
11627
11632
11640
11641
11642
11646
11652
11654
11655
11657
11664
11665
11671
11676
11676
11678
11678
11679
11680
11683
11684
11688
11688
11694
11697
11705
11707
11708
11711
11716
11716
11719
11723
11729
11731
11734
11734
11734
11745
11750
11750
11750
11752
11755
11756
11759
11763
11771
11773
11774
11775
11778
11778
11778
11779
11781
11782
11783
11784
11786
11788
11794
11795
11795
11799
11801
11805
11808
11811
11814
11814
11817
11820
11822
11824
11825
11827
11832
11834
11836
11836
11838
11841
11845
11847
11851
11857
11858
11864
11867
11868
11871
11871
11872
11877
11877
11879
11879
11882
11892
11895
11897
11904
11907
11908
11912
11913
11919
11922
11923
11925
11926
11926
11934
11939
11941
11945
11947
11959
11960
11964
11966
11972
11976
11980
11984
11985
11985
11986
11991
11993
11996
11999
11999
12001
12010
12020
12021
12025
12026
12029
12032
12033
12035
12042
12044
12048
12055
12056
12056
12059
12066
12072
12074
12075
12076
12078
12078
12087
12087
12088
12093
12094
12100
12104
12111
12112
12115
12122
12122
12124
12128
12130
12131
12139
12142
12142
12146
12151
12151
12156
12157
12158
12164
12164
12168
12170
12171
12171
12176
12183
12183
12187
12190
12204
12204
12206
12206
12209
12210
12213
12216
12216
12220
12227
12232
12233
12238
12243
12246
12246
12248
12249
12254
12256
12261
12265
12265
12269
12276
12277
12279
12287
12292
12293
12296
12300
12303
12312
12314
12321
12329
12330
12333
12333
12334
12337
12342
12342
12344
12351
12352
12353
12366
12374
12377
12387
12393
12397
12400
12400
12406
12418
12419
12427
12432
12433
12435
12441
12442
12444
12445
12445
12446
12446
12448
12449
12449
12449
12451
12452
12453
12453
12456
12459
12461
12463
12469
12470
12472
12474
12478
12478
12479
12483
12483
12484
12487
12501
12501
12501
12510
12514
12525
12535
12536
12536
12547
12550
12562
12563
12575
12576
12585
12588
12597
12598
12603
12603
12606
12618
12629
12630
12633
12635
12642
12643
12648
12657
12659
12663
12672
12673
12673
12673
12679
12685
12695
12698
12698
12700
12702
12708
12714
12718
12719
12720
12728
12728
12730
12732
12734
12738
12739
12740
12743
12744
12746
12749
12751
12751
12756
12761
12761
12768
12769
12770
12773
12775
12776
12782
12783
12784
12786
12788
12793
12794
12795
12797
12806
12807
12810
12811
12811
12812
12818
12821
12822
12828
12828
12832
12834
12849
12849
12851
12852
12859
12860
12863
12865
12870
12872
12876
12876
12884
12887
12891
12895
12899
12903
12910
12912
12916
12927
12931
12934
12937
12937
12941
12941
12946
12947
12948
12948
12950
12957
12957
12960
12964
12968
12970
12973
12975
12978
12981
12983
12985
12986
12987
12989
12990
12991
12992
12994
12999
13008
13011
13013
13016
13018
13019
13019
13021
13021
13025
13027
13030
13041
13047
13047
13049
13053
13057
13057
13057
13063
13063
13064
13070
13070
13073
13082
13084
13091
13092
13094
13097
13099
13102
13106
13107
13109
13111
13118
13118
13119
13120
13120
13122
13127
13130
13138
13140
13141
13142
13149
13150
13155
13159
13159
13175
13180
13181
13188
13189
13191
13199
13201
13201
13201
13201
13210
13214
13236
13254
13257
13258
13259
13259
13262
13263
13264
13265
13269
13269
13281
13283
13283
13284
13286
13287
13293
13302
13304
13305
13310
13311
13313
13316
13317
13328
13338
13339
13345
13349
13351
13354
13358
13358
13361
13370
13372
13375
13376
13379
13379
13384
13385
13385
13390
13394
13396
13398
13402
13405
13411
13413
13415
13417
13418
13425
13429
13431
13435
13437
13437
13439
13443
13447
13452
13457
13461
13463
13465
13470
13479
13492
13494
13498
13499
13503
13504
13508
13511
13512
13514
13515
13517
13519
13522
13524
13528
13530
13530
13531
13540
13541
13543
13545
13547
13553
13557
13557
13566
13570
13576
13580
13585
13589
13590
13590
13595
13596
13607
13607
13612
13617
13617
13617
13621
13622
13629
13633
13639
13642
13643
13645
13650
13652
13652
13652
13654
13655
13660
13660
13669
13671
13678
13680
13681
13694
13697
13703
13713
13717
13717
13719
13720
13721
13722
13728
13729
13730
13737
13756
13758
13759
13766
13767
13767
13768
13768
13771
13774
13779
13787
13790
13791
13795
13796
13798
13809
13810
13812
13814
13816
13823
13825
13828
13838
13838
13838
13840
13846
13846
13848
13856
13856
13858
13858
13860
13862
13863
13873
13875
13875
13886
13886
13891
13896
13900
13901
13904
13904
13907
13912
13913
13913
13914
13916
13922
13926
13931
13936
13938
13940
13940
13943
13948
13948
13952
13953
13953
13956
13956
13957
13958
13959
13961
13963
13964
13970
13974
13974
13976
13982
13982
13987
13994
14000
14005
14010
14013
14020
14026
14027
14031
14039
14045
14045
14048
14052
14060
14061
14061
14064
14073
14074
14078
14079
14080
14082
14084
14088
14092
14097
14098
14099
14100
14105
14111
14113
14115
14125
14128
14138
14143
14145
14145
14151
14163
14166
14169
14172
14176
14179
14182
14189
14189
14195
14198
14207
14209
14217
14220
14221
14221
14221
14227
14231
14232
14232
14232
14234
14242
14245
14245
14245
14247
14255
14255
14257
14257
14259
14260
14264
14265
14272
14275
14279
14280
14290
14292
14295
14302
14306
14307
14315
14326
14329
14334
14336
14339
14341
14346
14346
14347
14353
14367
14367
14368
14378
14379
14379
14385
14398
14399
14402
14408
14411
14412
14414
14420
14422
14423
14424
14426
14428
14428
14434
14437
14439
14450
14451
14451
14451
14451
14456
14459
14463
14465
14473
14475
14484
14485
14486
14489
14493
14496
14503
14503
14504
14509
14510
14519
14525
14525
14529
14536
14540
14555
14557
14559
14560
14562
14567
14582
14583
14590
14590
14592
14592
14598
14605
14606
14618
14621
14622
14622
14623
14643
14650
14654
14654
14655
14658
14662
14662
14663
14671
14673
14673
14685
14689
14691
14701
14705
14708
14711
14718
14725
14729
14734
14737
14748
14750
14753
14756
14756
14759
14761
14763
14768
14771
14779
14783
14786
14792
14796
14797
14798
14800
14801
14803
14804
14808
14808
14809
14811
14812
14817
14819
14822
14826
14827
14832
14836
14836
14852
14853
14856
14858
14859
14861
14872
14873
14873
14876
14877
14879
14879
14884
14891
14892
14897
14902
14905
14908
14913
14914
14921
14937
14938
14944
14945
14950
14953
14956
14957
14959
14962
14964
14975
14978
14978
14980
14981
14990
14991
14992
14992
14992
14995
14997
14998
14999
15002
15010
15011
15012
15014
15015
15017
15019
15021
15024
15026
15030
15031
15045
15048
15053
15058
15060
15065
15066
15067
15083
15086
15091
15094
15095
15095
15096
15097
15097
15098
15101
15103
15108
15112
15116
15120
15124
15127
15131
15135
15138
15144
15149
15156
15156
15165
15166
15166
15169
15181
15190
15191
15192
15193
15197
15211
15212
15214
15227
15229
15245
15247
15247
15247
15253
15254
15254
15259
15262
15273
15281
15284
15284
15287
15287
15292
15295
15295
15295
15296
15298
15301
15306
15308
15308
15309
15309
15313
15314
15324
15327
15329
15332
15335
15335
15336
15337
15340
15342
15343
15344
15347
15349
15349
15349
15351
15353
15358
15361
15361
15362
15362
15364
15365
15366
15368
15371
15377
15377
15382
15387
15394
15397
15403
15407
15409
15411
15415
15417
15419
15419
15420
15420
15421
15422
15427
15434
15435
15437
15438
15442
15445
15445
15449
15451
15454
15455
15456
15462
15464
15466
15472
15476
15484
15488
15492
15496
15505
15505
15507
15507
15517
15518
15524
15525
15535
15535
15535
15544
15552
15554
15554
15558
15564
15566
15566
15568
15573
15577
15578
15580
15593
15595
15595
15598
15599
15601
15601
15602
15607
15610
15611
15617
15621
15631
15632
15637
15643
15645
15646
15646
15650
15654
15658
15659
15663
15663
15664
15666
15666
15668
15671
15673
15679
15683
15688
15691
15693
15695
15702
15703
15705
15708
15716
15720
15722
15724
15732
15740
15743
15748
15754
15756
15757
15764
15769
15770
15770
15771
15774
15776
15776
15777
15780
15786
15792
15796
15800
15800
15803
15804
15809
15812
15815
15825
15828
15844
15844
15849
15850
15856
15857
15861
15863
15864
15865
15865
15866
15868
15869
15869
15874
15875
15875
15879
15879
15880
15887
15888
15896
15897
15898
15901
15902
15906
15908
15911
15914
15927
15933
15938
15938
15939
15939
15951
15968
15970
15971
15975
15979
15981
15983
15986
15987
15993
15994
15994
15999
16005
16006
16006
16007
16008
16015
16018
16026
16030
16031
16031
16031
16034
16035
16037
16037
16038
16038
16039
16041
16046
16048
16048
16051
16051
16054
16055
16056
16063
16064
16066
16068
16077
16078
16079
16080
16081
16085
16085
16090
16094
16109
16111
16112
16128
16136
16137
16139
16142
16144
16155
16161
16164
16168
16170
16170
16176
16180
16187
16189
16191
16199
16202
16206
16208
16210
16214
16220
16220
16220
16222
16223
16227
16229
16232
16235
16237
16237
16240
16248
16250
16255
16262
16263
16266
16271
16272
16274
16276
16277
16278
16278
16279
16287
16288
16288
16297
16297
16298
16305
16308
16315
16321
16323
16324
16328
16329
16333
16341
16350
16360
16360
16369
16372
16375
16380
16383
16383
16385
16386
16387
16388
16390
16390
16394
16396
16406
16408
16412
16417
16420
16425
16427
16428
16430
16432
16435
16436
16437
16438
16442
16443
16449
16451
16453
16458
16458
16460
16461
16462
16466
16472
16474
16474
16487
16487
16488
16488
16493
16498
16500
16510
16510
16516
16517
16518
16519
16519
16522
16528
16529
16532
16540
16542
16542
16542
16545
16552
16555
16555
16560
16562
16569
16570
16571
16575
16578
16581
16582
16587
16588
16589
16589
16594
16595
16600
16601
16605
16613
16615
16620
16621
16629
16633
16634
16634
16642
16649
16651
16656
16663
16672
16684
16685
16687
16688
16693
16697
16698
16708
16714
16715
16716
16717
16717
16718
16719
16723
16730
16738
16747
16750
16753
16755
16758
16767
16778
16784
16788
16791
16791
16793
16794
16799
16803
16804
16807
16815
16818
16819
16819
16820
16820
16827
16828
16831
16835
16845
16845
16849
16850
16861
16865
16865
16867
16869
16874
16874
16875
16880
16882
16884
16886
16887
16889
16890
16892
16893
16895
16900
16900
16901
16906
16906
16910
16911
16914
16914
16921
16924
16928
16930
16935
16944
16944
16946
16951
16954
16954
16954
16955
16965
16971
16981
16986
16991
17003
17004
17009
17010
17018
17019
17023
17024
17030
17031
17031
17032
17034
17036
17041
17042
17043
17044
17044
17051
17052
17052
17052
17054
17056
17060
17063
17063
17066
17072
17075
17081
17081
17094
17094
17103
17104
17104
17113
17117
17117
17125
17125
17127
17128
17128
17131
17132
17135
17135
17135
17138
17141
17142
17158
17158
17160
17162
17163
17166
17170
17171
17175
17176
17176
17183
17183
17190
17191
17191
17194
17199
17200
17204
17212
17215
17217
17218
17220
17221
17232
17233
17234
17237
17238
17241
17258
17261
17262
17269
17269
17270
17271
17272
17274
17279
17287
17288
17291
17292
17293
17296
17297
17297
17299
17300
17304
17306
17313
17319
17321
17328
17337
17337
17338
17338
17341
17350
17352
17353
17354
17357
17359
17363
17364
17366
17370
17371
17372
17374
17375
17375
17379
17382
17385
17392
17398
17404
17408
17409
17424
17433
17438
17444
17448
17449
17449
17452
17454
17455
17461
17464
17472
17473
17479
17483
17486
17488
17492
17492
17494
17497
17510
17513
17513
17514
17522
17528
17528
17528
17529
17529
17532
17534
17536
17541
17544
17550
17551
17553
17554
17554
17555
17555
17556
17558
17561
17563
17567
17571
17573
17573
17579
17581
17582
17582
17584
17587
17588
17597
17602
17604
17604
17609
17611
17618
17621
17625
17626
17626
17627
17642
17642
17643
17653
17656
17658
17659
17664
17669
17670
17670
17672
17674
17682
17689
17691
17694
17698
17700
17706
17706
17710
17711
17712
17713
17715
17716
17717
17717
17722
17725
17727
17729
17731
17731
17732
17732
17748
17751
17753
17761
17764
17765
17766
17766
17767
17770
17775
17775
17777
17780
17786
17788
17788
17790
17790
17793
17799
17802
17802
17803
17811
17812
17813
17814
17820
17822
17824
17828
17829
17832
17834
17835
17837
17838
17842
17848
17853
17856
17856
17860
17862
17862
17863
17864
17869
17869
17872
17874
17882
17882
17883
17884
17884
17884
17887
17889
17891
17895
17897
17899
17900
17902
17903
17912
17914
17916
17927
17930
17932
17932
17935
17936
17938
17942
17944
17946
17957
17958
17959
17966
17970
17972
17973
17974
17980
17981
17982
17983
17985
17986
17987
17988
17995
18009
18013
18014
18018
18019
18019
18033
18033
18034
18036
18038
18048
18048
18053
18059
18066
18072
18077
18086
18087
18089
18092
18093
18095
18095
18096
18097
18098
18099
18102
18107
18107
18121
18129
18129
18132
18133
18134
18137
18138
18149
18150
18151
18155
18159
18161
18161
18164
18166
18167
18172
18190
18193
18196
18197
18199
18201
18203
18204
18204
18207
18207
18214
18214
18217
18219
18219
18223
18226
18227
18229
18229
18236
18237
18246
18251
18256
18256
18256
18264
18272
18273
18275
18287
18294
18295
18295
18297
18298
18302
18306
18309
18311
18312
18321
18321
18339
18341
18347
18348
18349
18356
18360
18364
18368
18373
18375
18379
18379
18380
18385
18395
18399
18400
18400
18402
18405
18409
18409
18422
18422
18422
18423
18425
18428
18428
18433
18440
18444
18446
18451
18455
18457
18464
18465
18465
18472
18481
18497
18497
18502
18504
18509
18513
18517
18519
18522
18526
18527
18528
18538
18541
18547
18550
18551
18553
18556
18557
18559
18563
18563
18564
18578
18578
18580
18582
18585
18585
18589
18590
18590
18595
18595
18598
18598
18604
18609
18614
18614
18623
18623
18626
18627
18632
18632
18636
18637
18643
18643
18644
18645
18648
18650
18651
18659
18659
18660
18663
18672
18674
18674
18675
18676
18676
18677
18682
18684
18688
18689
18694
18695
18696
18702
18704
18705
18711
18713
18721
18733
18737
18744
18749
18751
18754
18757
18766
18767
18769
18769
18780
18781
18784
18785
18786
18793
18797
18797
18797
18802
18802
18803
18806
18806
18819
18821
18821
18822
18828
18833
18837
18839
18840
18842
18843
18851
18853
18854
18859
18860
18865
18866
18867
18873
18876
18884
18886
18886
18889
18889
18890
18890
18897
18898
18899
18900
18905
18905
18913
18913
18917
18923
18924
18939
18952
18953
18958
18959
18961
18965
18967
18967
18970
18979
18979
18980
18981
18991
18996
18997
18998
18998
19001
19002
19002
19004
19007
19018
19022
19023
19026
19032
19036
19039
19039
19043
19056
19056
19056
19061
19076
19077
19082
19095
19097
19098
19100
19100
19101
19105
19105
19107
19108
19110
19111
19112
19114
19114
19115
19117
19120
19127
19133
19136
19138
19141
19141
19147
19153
19154
19163
19172
19172
19174
19176
19179
19180
19182
19183
19188
19188
19189
19191
19191
19192
19193
19194
19198
19199
19201
19205
19214
19222
19223
19231
19235
19242
19243
19243
19245
19249
19254
19255
19261
19261
19261
19269
19270
19272
19281
19286
19288
19288
19291
19295
19298
19300
19300
19303
19305
19306
19311
19317
19318
19319
19328
19331
19336
19346
19347
19354
19356
19360
19364
19364
19369
19373
19373
19375
19377
19380
19386
19387
19402
19405
19408
19417
19422
19423
19423
19424
19430
19430
19431
19431
19435
19439
19445
19445
19446
19447
19455
19456
19458
19462
19463
19466
19467
19469
19471
19474
19487
19489
19489
19490
19494
19497
19501
19503
19516
19523
19526
19531
19532
19539
19545
19550
19560
19563
19568
19568
19583
19588
19596
19599
19604
19606
19608
19608
19609
19610
19614
19622
19634
19638
19640
19644
19646
19648
19652
19652
19661
19664
19664
19665
19676
19677
19681
19685
19687
19688
19692
19697
19705
19705
19708
19709
19710
19711
19715
19721
19722
19722
19726
19730
19731
19732
19733
19738
19745
19746
19754
19761
19762
19764
19766
19776
19780
19781
19782
19785
19792
19802
19805
19806
19812
19812
19820
19821
19828
19829
19832
19837
19838
19839
19844
19849
19854
19856
19859
19862
19864
19865
19865
19868
19874
19880
19891
19892
19893
19893
19903
19904
19909
19914
19914
19914
19915
19919
19920
19921
19923
19924
19931
19934
19935
19942
19947
19952
19959
19972
19974
19976
19982
19983
19986
19989
19995
19997
20003
20006
20013
20016
20019
20021
20022
20023
20025
20027
20033
20034
20046
20057
20066
20067
20067
20067
20070
20074
20075
20075
20078
20078
20079
20085
20085
20092
20093
20094
20095
20104
20129
20131
20131
20132
20134
20137
20139
20143
20144
20149
20157
20161
20164
20167
20174
20174
20174
20183
20186
20187
20187
20189
20191
20193
20196
20198
20198
20203
20203
20205
20214
20214
20219
20220
20223
20224
20227
20229
20247
20251
20263
20264
20264
20264
20265
20268
20271
20277
20278
20281
20282
20282
20282
20301
20301
20314
20317
20318
20321
20322
20322
20323
20329
20331
20344
20344
20350
20350
20350
20355
20357
20363
20366
20368
20368
20389
20397
20399
20402
20406
20407
20418
20420
20423
20423
20427
20427
20440
20441
20450
20462
20463
20465
20466
20468
20469
20472
20472
20474
20474
20476
20481
20485
20486
20492
20496
20502
20509
20510
20512
20515
20517
20519
20520
20528
20528
20528
20531
20532
20538
20543
20544
20545
20546
20546
20548
20551
20554
20557
20560
20565
20572
20578
20579
20583
20584
20587
20590
20590
20594
20601
20609
20611
20613
20620
20624
20626
20627
20629
20633
20637
20639
20640
20642
20643
20644
20646
20647
20652
20655
20657
20666
20667
20668
20670
20670
20671
20671
20673
20674
20675
20676
20681
20682
20683
20684
20686
20689
20689
20691
20693
20698
20699
20704
20708
20713
20713
20715
20725
20726
20727
20728
20729
20738
20738
20744
20745
20746
20755
20760
20762
20773
20775
20776
20778
20778
20779
20789
20789
20790
20790
20809
20814
20814
20814
20816
20817
20817
20817
20823
20825
20826
20826
20836
20838
20838
20839
20839
20845
20848
20851
20852
20853
20853
20854
20856
20857
20862
20866
20868
20870
20871
20872
20876
20878
20881
20883
20885
20889
20892
20894
20896
20897
20905
20909
20913
20928
20930
20933
20934
20946
20951
20952
20952
20953
20958
20960
20967
20973
20974
20982
20983
20987
20988
20990
20994
20995
20998
21000
21001
21002
21012
21016
21016
21017
21019
21020
21023
21033
21034
21038
21038
21042
21045
21051
21055
21058
21059
21060
21062
21066
21068
21069
21070
21071
21076
21078
21086
21088
21091
21094
21095
21096
21101
21101
21108
21109
21111
21121
21123
21126
21129
21144
21145
21148
21155
21156
21157
21162
21164
21167
21167
21169
21171
21172
21176
21177
21177
21181
21181
21183
21184
21187
21188
21189
21205
21206
21207
21210
21213
21213
21216
21221
21226
21232
21232
21237
21243
21250
21251
21256
21258
21260
21263
21267
21277
21278
21278
21279
21280
21282
21284
21286
21288
21290
21292
21294
21302
21305
21309
21309
21312
21314
21315
21328
21331
21343
21345
21348
21351
21355
21356
21360
21362
21364
21368
21372
21378
21379
21396
21396
21397
21397
21398
21400
21403
21403
21407
21412
21413
21416
21416
21423
21424
21427
21427
21428
21429
21430
21432
21442
21442
21443
21447
21456
21462
21462
21464
21465
21473
21475
21475
21476
21480
21482
21484
21484
21486
21489
21495
21497
21497
21499
21507
21510
21515
21516
21517
21525
21529
21530
21533
21534
21536
21538
21551
21552
21561
21567
21568
21570
21571
21576
21583
21587
21587
21590
21590
21595
21599
21601
21610
21611
21612
21612
21616
21618
21622
21623
21624
21629
21631
21638
21642
21648
21653
21655
21657
21658
21660
21660
21661
21661
21662
21665
21669
21673
21680
21682
21694
21697
21698
21699
21701
21703
21704
21707
21708
21711
21714
21719
21720
21721
21722
21724
21735
21737
21742
21745
21747
21760
21764
21766
21771
21774
21775
21777
21787
21791
21792
21796
21803
21803
21807
21810
21827
21827
21828
21830
21832
21834
21836
21839
21839
21840
21840
21840
21848
21848
21852
21856
21859
21860
21863
21867
21870
21870
21871
21872
21878
21878
21880
21882
21889
21890
21911
21911
21915
21916
21919
21919
21921
21926
21927
21931
21932
21932
21935
21936
21937
21938
21947
21952
21954
21962
21976
21976
21979
21985
21991
21991
21992
22002
22004
22005
22015
22020
22020
22026
22028
22036
22041
22044
22047
22048
22050
22051
22052
22053
22062
22063
22063
22066
22068
22069
22071
22076
22076
22078
22088
22088
22090
22091
22092
22102
22103
22106
22107
22112
22113
22126
22135
22138
22138
22139
22140
22140
22145
22145
22146
22148
22148
22158
22163
22163
22168
22170
22172
22178
22189
22190
22190
22197
22200
22201
22207
22210
22211
22213
22213
22214
22216
22224
22224
22225
22232
22235
22235
22248
22249
22251
22251
22258
22261
22263
22266
22271
22273
22276
22276
22279
22280
22280
22283
22285
22293
22298
22302
22304
22308
22311
22318
22321
22323
22324
22328
22329
22334
22335
22336
22337
22341
22342
22344
22348
22354
22354
22361
22362
22364
22370
22373
22375
22379
22382
22384
22396
22408
22408
22413
22414
22414
22424
22424
22430
22432
22435
22435
22437
22447
22449
22452
22459
22461
22462
22463
22475
22477
22478
22485
22490
22490
22491
22493
22494
22501
22507
22508
22509
22509
22511
22512
22519
22520
22522
22526
22530
22532
22533
22534
22536
22536
22539
22541
22542
22542
22543
22545
22548
22548
22556
22567
22569
22570
22574
22577
22577
22577
22580
22584
22593
22593
22598
22598
22599
22605
22610
22613
22615
22616
22621
22621
22622
22627
22628
22630
22636
22637
22643
22657
22657
22660
22660
22664
22668
22687
22688
22689
22689
22690
22691
22694
22700
22705
22706
22709
22713
22716
22721
22722
22727
22730
22731
22738
22738
22746
22755
22760
22764
22767
22772
22772
22775
22776
22778
22781
22783
22784
22790
22790
22796
22808
22809
22820
22824
22828
22831
22832
22834
22840
22844
22845
22848
22849
22850
22850
22852
22855
22856
22856
22860
22864
22867
22869
22870
22872
22876
22877
22882
22884
22884
22886
22894
22895
22895
22897
22902
22903
22904
22909
22909
22912
22919
22920
22921
22924
22930
22931
22931
22940
22941
22943
22944
22958
22959
22960
22963
22964
22966
22967
22969
22971
22975
22976
22976
22977
22984
22985
22986
22988
22993
22998
23000
23001
23002
23007
23007
23008
23010
23011
23021
23022
23025
23026
23030
23030
23030
23031
23039
23039
23042
23045
23058
23072
23077
23078
23082
23082
23084
23089
23090
23095
23096
23099
23100
23104
23119
23125
23128
23129
23133
23135
23140
23146
23147
23147
23152
23152
23152
23159
23161
23161
23163
23167
23169
23170
23179
23179
23182
23183
23185
23190
23191
23198
23200
23201
23201
23204
23207
23210
23211
23211
23216
23219
23221
23222
23228
23236
23237
23242
23254
23255
23256
23256
23256
23260
23262
23262
23267
23268
23272
23276
23277
23278
23286
23287
23287
23289
23294
23300
23300
23302
23305
23307
23310
23313
23316
23319
23319
23323
23326
23327
23328
23333
23334
23336
23336
23337
23343
23357
23369
23369
23369
23374
23375
23375
23376
23377
23381
23384
23385
23387
23391
23393
23400
23406
23410
23410
23414
23414
23417
23419
23419
23420
23422
23428
23432
23434
23436
23442
23443
23443
23447
23448
23448
23449
23450
23451
23452
23454
23454
23462
23471
23475
23476
23480
23490
23491
23496
23497
23499
23499
23500
23504
23504
23505
23508
23508
23510
23511
23511
23514
23519
23523
23524
23528
23529
23534
23535
23537
23537
23539
23541
23543
23544
23546
23559
23560
23561
23561
23566
23567
23570
23570
23574
23576
23580
23582
23583
23586
23587
23596
23597
23602
23616
23617
23622
23623
23629
23642
23643
23644
23649
23650
23652
23658
23659
23660
23664
23675
23675
23676
23680
23683
23689
23689
23690
23693
23694
23695
23701
23701
23702
23703
23705
23705
23706
23713
23714
23724
23732
23736
23737
23737
23747
23750
23756
23759
23760
23763
23768
23771
23772
23782
23782
23790
23795
23795
23797
23803
23806
23807
23808
23809
23811
23811
23813
23813
23813
23819
23819
23823
23826
23827
23830
23832
23833
23835
23836
23836
23837
23844
23845
23853
23856
23857
23859
23864
23864
23869
23870
23874
23885
23894
23896
23905
23908
23911
23912
23914
23925
23926
23928
23934
23938
23939
23940
23942
23947
23947
23947
23959
23959
23962
23962
23962
23963
23965
23969
23971
23974
23979
23983
23983
23984
23987
23987
23988
23991
23998
24000
24013
24017
24019
24023
24024
24028
24028
24030
24031
24034
24037
24037
24038
24040
24045
24057
24060
24062
24062
24064
24067
24071
24071
24071
24074
24075
24076
24077
24084
24087
24092
24100
24103
24103
24104
24111
24111
24119
24122
24128
24134
24135
24140
24140
24142
24147
24150
24150
24161
24169
24171
24174
24176
24177
24178
24179
24179
24183
24198
24200
24204
24205
24208
24211
24213
24215
24217
24222
24222
24234
24235
24237
24241
24242
24243
24244
24244
24249
24253
24254
24258
24261
24265
24265
24266
24271
24271
24274
24276
24277
24282
24282
24282
24287
24287
24298
24306
24308
24312
24314
24319
24322
24324
24329
24335
24338
24349
24351
24353
24353
24354
24362
24366
24366
24367
24368
24377
24377
24379
24380
24381
24383
24388
24393
24393
24393
24395
24395
24395
24398
24401
24403
24404
24417
24417
24417
24417
24418
24423
24423
24434
24435
24435
24436
24437
24441
24442
24444
24444
24448
24449
24451
24452
24458
24460
24460
24461
24466
24477
24480
24480
24486
24490
24497
24500
24502
24507
24513
24520
24521
24522
24526
24526
24528
24531
24534
24535
24536
24539
24540
24541
24541
24544
24547
24554
24555
24556
24563
24564
24565
24568
24570
24571
24574
24576
24584
24584
24587
24588
24592
24594
24594
24596
24598
24600
24600
24606
24611
24611
24611
24613
24613
24619
24620
24625
24625
24626
24631
24641
24644
24645
24649
24649
24649
24651
24652
24672
24673
24678
24680
24682
24683
24686
24689
24692
24693
24703
24704
24705
24706
24714
24716
24716
24719
24723
24725
24732
24740
24748
24756
24767
24769
24778
24781
24784
24785
24791
24794
24806
24807
24810
24814
24816
24816
24825
24827
24828
24829
24830
24832
24834
24837
24838
24839
24843
24850
24856
24859
24864
24866
24874
24875
24877
24883
24888
24893
24907
24909
24912
24913
24916
24917
24921
24921
24921
24923
24930
24932
24937
24937
24939
24941
24941
24943
24947
24950
24953
24954
24958
24961
24962
24962
24962
24963
24964
24967
24988
24989
24993
24994
24997
25000
25000
25001
25003
25003
25004
25006
25011
25013
25017
25017
25017
25022
25037
25042
25043
25045
25053
25057
25061
25063
25070
25071
25071
25079
25080
25080
25087
25091
25102
25103
25107
25113
25114
25115
25121
25125
25127
25129
25130
25133
25134
25142
25142
25143
25148
25151
25152
25157
25165
25166
25177
25178
25181
25182
25182
25186
25187
25189
25191
25197
25197
25198
25200
25200
25201
25206
25207
25208
25210
25211
25217
25221
25225
25227
25237
25242
25247
25249
25250
25252
25257
25261
25264
25275
25275
25277
25277
25291
25292
25296
25297
25302
25303
25305
25305
25306
25309
25311
25320
25321
25329
25331
25337
25337
25344
25345
25353
25358
25358
25366
25371
25371
25374
25384
25386
25391
25394
25395
25409
25410
25414
25415
25421
25423
25431
25434
25436
25436
25437
25441
25443
25445
25446
25475
25475
25481
25481
25482
25487
25488
25489
25491
25497
25507
25511
25512
25516
25517
25520
25524
25527
25534
25536
25538
25540
25541
25541
25544
25551
25553
25555
25555
25564
25565
25566
25568
25570
25574
25574
25575
25578
25602
25610
25623
25624
25626
25631
25632
25638
25638
25640
25652
25653
25655
25656
25656
25665
25666
25687
25690
25692
25696
25700
25702
25702
25710
25711
25714
25715
25715
25718
25720
25723
25725
25727
25736
25737
25738
25738
25750
25756
25756
25756
25758
25759
25761
25761
25767
25772
25775
25782
25786
25786
25788
25793
25802
25802
25805
25810
25814
25818
25823
25824
25833
25840
25840
25844
25846
25851
25859
25860
25865
25868
25881
25882
25886
25887
25887
25888
25892
25894
25895
25895
25897
25902
25902
25906
25909
25915
25916
25922
25924
25929
25930
25931
25932
25935
25937
25942
25946
25946
25946
25948
25949
25954
25958
25959
25959
25961
25962
25966
25967
25971
25973
25979
25981
25986
25991
25991
25998
26000
26001
26002
26002
26016
26018
26021
26029
26032
26041
26049
26051
26067
26071
26076
26079
26080
26085
26085
26088
26088
26092
26094
26101
26111
26114
26115
26120
26120
26125
26141
26146
26150
26151
26162
26165
26166
26178
26179
26180
26185
26190
26193
26196
26202
26212
26218
26220
26221
26221
26224
26228
26230
26230
26231
26232
26232
26233
26243
26253
26254
26256
26271
26276
26277
26277
26279
26283
26283
26287
26292
26294
26297
26297
26309
26313
26325
26326
26327
26328
26332
26334
26336
26336
26338
26339
26343
26349
26355
26362
26362
26367
26367
26368
26370
26370
26375
26377
26379
26381
26384
26385
26388
26391
26393
26400
26400
26403
26410
26412
26412
26413
26423
26423
26429
26430
26435
26435
26437
26439
26441
26450
26457
26462
26463
26463
26466
26467
26467
26471
26473
26480
26480
26489
26491
26500
26501
26501
26502
26503
26508
26516
26524
26524
26525
26526
26526
26537
26538
26540
26549
26552
26555
26558
26559
26564
26567
26570
26580
26583
26584
26586
26590
26594
26597
26598
26614
26614
26615
26622
26624
26629
26633
26637
26641
26642
26643
26646
26647
26649
26652
26653
26654
26656
26657
26658
26664
26666
26671
26675
26677
26677
26680
26683
26683
26684
26688
26692
26695
26697
26700
26706
26714
26716
26716
26720
26721
26733
26734
26737
26743
26744
26744
26744
26755
26756
26760
26766
26768
26778
26781
26782
26789
26795
26804
26808
26810
26810
26816
26816
26820
26821
26824
26826
26827
26828
26830
26831
26847
26849
26857
26860
26863
26863
26865
26865
26866
26867
26869
26869
26869
26875
26876
26888
26889
26902
26905
26914
26920
26922
26930
26939
26951
26952
26953
26954
26954
26960
26966
26968
26969
26972
26973
26979
26981
26986
26991
26992
27000
27004
27004
27004
27005
27008
27009
27010
27015
27016
27025
27028
27029
27035
27037
27038
27043
27044
27044
27048
27049
27055
27055
27062
27065
27068
27074
27074
27075
27076
27081
27081
27085
27085
27087
27093
27102
27105
27108
27111
27115
27120
27121
27121
27121
27125
27128
27129
27132
27133
27135
27136
27151
27151
27154
27158
27159
27160
27162
27166
27167
27186
27187
27187
27187
27195
27195
27196
27200
27206
27206
27208
27208
27209
27212
27213
27217
27220
27221
27223
27234
27236
27247
27253
27254
27261
27261
27263
27271
27272
27288
27289
27304
27310
27310
27311
27315
27316
27316
27317
27319
27320
27324
27326
27326
27329
27334
27351
27360
27365
27370
27378
27379
27380
27385
27386
27387
27389
27396
27397
27399
27403
27406
27415
27423
27428
27431
27432
27432
27433
27433
27440
27440
27441
27443
27443
27443
27450
27455
27456
27457
27457
27466
27472
27475
27477
27477
27480
27484
27486
27486
27490
27497
27498
27500
27503
27512
27514
27518
27519
27522
27525
27527
27533
27533
27536
27538
27540
27541
27544
27546
27547
27551
27557
27564
27567
27568
27569
27574
27576
27576
27577
27579
27580
27584
27585
27591
27591
27597
27602
27602
27602
27608
27613
27616
27617
27618
27626
27627
27637
27638
27649
27652
27652
27652
27658
27658
27658
27665
27666
27672
27672
27679
27685
27687
27688
27690
27691
27694
27710
27715
27720
27721
27723
27731
27732
27734
27739
27741
27743
27745
27750
27750
27754
27758
27758
27761
27764
27766
27766
27772
27774
27780
27793
27802
27808
27813
27815
27815
27815
27818
27827
27835
27842
27844
27851
27856
27862
27863
27863
27864
27869
27872
27873
27874
27889
27889
27893
27893
27895
27896
27898
27901
27904
27905
27909
27909
27910
27914
27916
27924
27926
27928
27929
27933
27934
27935
27935
27936
27945
27945
27945
27949
27951
27954
27957
27958
27965
27968
27968
27974
27975
27976
27977
27977
27980
27984
27987
27988
27989
27990
27992
27994
27995
27999
28004
28005
28005
28006
28006
28011
28011
28013
28016
28016
28018
28019
28020
28026
28026
28031
28036
28038
28039
28040
28053
28059
28061
28064
28065
28077
28082
28088
28091
28100
28114
28122
28123
28123
28127
28129
28137
28139
28144
28145
28147
28150
28150
28150
28153
28154
28158
28159
28163
28164
28167
28172
28173
28174
28175
28177
28179
28190
28191
28198
28202
28209
28210
28211
28216
28220
28222
28225
28225
28226
28226
28229
28232
28232
28235
28238
28245
28251
28264
28266
28266
28276
28281
28282
28283
28288
28292
28297
28298
28298
28311
28314
28316
28317
28324
28325
28330
28332
28332
28348
28351
28354
28356
28360
28360
28362
28363
28366
28370
28371
28375
28376
28382
28394
28396
28402
28414
28415
28418
28419
28420
28427
28432
28433
28436
28439
28442
28446
28447
28448
28449
28452
28457
28459
28462
28466
28466
28477
28478
28478
28480
28485
28490
28495
28496
28496
28498
28504
28505
28512
28515
28521
28523
28528
28529
28535
28535
28538
28540
28545
28556
28557
28558
28560
28563
28565
28567
28575
28576
28580
28584
28600
28605
28606
28608
28614
28617
28618
28621
28626
28627
28635
28637
28639
28644
28651
28653
28658
28658
28658
28660
28661
28662
28662
28664
28668
28669
28671
28673
28674
28676
28678
28687
28691
28693
28695
28696
28703
28704
28705
28714
28714
28717
28720
28725
28725
28725
28726
28735
28738
28739
28744
28744
28744
28751
28760
28765
28768
28768
28768
28771
28775
28783
28788
28789
28790
28800
28800
28801
28803
28803
28803
28804
28810
28813
28813
28824
28825
28829
28829
28842
28844
28845
28849
28850
28859
28869
28872
28884
28889
28890
28893
28894
28897
28900
28901
28903
28913
28915
28916
28917
28918
28930
28930
28932
28934
28938
28941
28947
28949
28951
28951
28954
28955
28958
28958
28962
28969
28970
28972
28974
28975
28977
28993
29007
29014
29018
29028
29029
29030
29033
29037
29039
29044
29045
29046
29053
29056
29057
29060
29067
29068
29070
29071
29073
29074
29074
29081
29082
29084
29086
29088
29090
29091
29092
29100
29103
29103
29106
29106
29108
29109
29112
29118
29119
29120
29124
29125
29127
29127
29132
29134
29136
29144
29148
29151
29153
29156
29160
29179
29180
29184
29197
29212
29214
29217
29219
29219
29226
29235
29240
29246
29247
29249
29256
29261
29262
29264
29264
29264
29265
29269
29275
29277
29277
29278
29281
29285
29285
29288
29289
29294
29299
29307
29309
29314
29317
29326
29333
29334
29340
29340
29341
29341
29342
29346
29348
29349
29356
29358
29360
29361
29362
29362
29363
29365
29366
29367
29371
29372
29380
29381
29384
29387
29387
29389
29393
29394
29396
29397
29402
29405
29406
29416
29416
29426
29430
29430
29431
29437
29438
29438
29439
29439
29443
29443
29444
29444
29450
29450
29454
29455
29459
29461
29463
29463
29467
29467
29470
29477
29477
29477
29477
29479
29491
29493
29495
29498
29499
29499
29500
29505
29508
29514
29516
29525
29525
29527
29528
29532
29533
29540
29542
29542
29543
29543
29545
29547
29553
29554
29554
29560
29565
29570
29574
29578
29580
29584
29586
29589
29590
29593
29595
29606
29608
29611
29615
29618
29620
29621
29632
29632
29634
29635
29639
29639
29643
29646
29652
29655
29655
29658
29660
29661
29666
29667
29668
29668
29669
29672
29676
29693
29695
29696
29698
29699
29705
29706
29708
29711
29711
29716
29717
29719
29726
29730
29731
29731
29733
29734
29737
29737
29749
29752
29758
29761
29762
29770
29771
29773
29774
29775
29776
29776
29777
29778
29779
29780
29781
29785
29795
29800
29809
29811
29815
29816
29817
29819
29823
29825
29830
29832
29841
29845
29854
29863
29864
29864
29865
29867
29867
29874
29875
29880
29880
29883
29885
29888
29902
29905
29907
29910
29911
29911
29916
29919
29919
29923
29925
29926
29928
29928
29930
29942
29951
29957
29959
29962
29967
29974
29974
29978
29980
29984
29986
29988
29990
29992
30001
30015
30016
30017
30022
30022
30024
30027
30030
30033
30037
30045
30045
30045
30046
30047
30052
30056
30057
30062
30065
30070
30072
30077
30078
30079
30082
30093
30093
30099
30103
30103
30109
30112
30123
30126
30128
30133
30133
30143
30147
30151
30154
30156
30162
30166
30177
30177
30181
30185
30191
30191
30194
30195
30199
30199
30200
30204
30209
30210
30210
30210
30212
30214
30214
30219
30223
30225
30226
30227
30228
30229
30230
30230
30233
30235
30236
30236
30238
30244
30248
30249
30252
30254
30259
30261
30264
30270
30270
30282
30285
30287
30294
30296
30299
30301
30307
30307
30309
30311
30312
30318
30322
30323
30323
30325
30332
30335
30335
30335
30343
30347
30349
30355
30358
30366
30367
30368
30370
30371
30374
30376
30376
30376
30377
30381
30384
30400
30404
30405
30412
30413
30415
30416
30425
30425
30426
30430
30430
30436
30440
30446
30458
30462
30466
30469
30471
30472
30475
30476
30479
30483
30486
30498
30507
30511
30511
30515
30516
30516
30519
30519
30521
30527
30527
30529
30533
30534
30534
30535
30536
30550
30555
30568
30585
30586
30590
30597
30599
30599
30600
30606
30615
30621
30628
30628
30629
30629
30630
30632
30636
30638
30640
30642
30643
30647
30653
30657
30661
30663
30670
30671
30674
30677
30679
30682
30688
30688
30689
30696
30703
30707
30709
30711
30723
30724
30726
30726
30731
30735
30736
30742
30742
30744
30744
30744
30748
30750
30752
30752
30753
30757
30759
30761
30769
30773
30774
30775
30775
30783
30786
30786
30798
30818
30819
30820
30822
30824
30829
30830
30831
30836
30836
30837
30845
30846
30856
30858
30859
30876
30885
30891
30901
30901
30902
30905
30909
30909
30910
30925
30927
30928
30929
30939
30942
30942
30942
30943
30946
30952
30954
30955
30957
30960
30964
30965
30969
30970
30978
30980
30982
30984
30985
30988
30992
30994
31001
31002
31006
31022
31024
31024
31027
31028
31037
31039
31041
31042
31042
31042
31044
31045
31049
31051
31053
31059
31064
31070
31078
31097
31105
31108
31114
31122
31130
31135
31138
31140
31141
31148
31149
31155
31155
31160
31163
31163
31165
31172
31173
31189
31190
31194
31199
31201
31204
31204
31205
31209
31209
31209
31210
31212
31217
31218
31222
31227
31231
31231
31248
31248
31251
31252
31257
31272
31275
31278
31279
31282
31286
31292
31295
31299
31301
31304
31304
31306
31306
31310
31310
31313
31315
31319
31321
31330
31343
31344
31344
31344
31345
31348
31350
31352
31353
31353
31363
31364
31371
31382
31387
31391
31391
31393
31402
31409
31410
31414
31415
31417
31420
31420
31428
31430
31431
31439
31439
31446
31446
31449
31463
31468
31470
31471
31473
31476
31477
31477
31482
31482
31483
31485
31487
31487
31490
31491
31492
31495
31497
31501
31503
31504
31509
31514
31517
31520
31521
31521
31522
31524
31526
31526
31529
31530
31532
31539
31540
31543
31544
31548
31558
31558
31563
31566
31567
31568
31569
31570
31573
31581
31583
31584
31585
31586
31587
31591
31591
31592
31593
31610
31613
31615
31617
31620
31620
31626
31627
31627
31628
31631
31633
31641
31641
31646
31647
31647
31649
31650
31653
31655
31657
31658
31663
31667
31669
31670
31672
31673
31674
31676
31682
31683
31687
31690
31692
31697
31702
31704
31706
31707
31709
31712
31727
31730
31733
31741
31751
31754
31763
31764
31766
31781
31783
31783
31785
31787
31788
31790
31792
31793
31793
31801
31803
31806
31808
31811
31812
31812
31819
31829
31831
31831
31833
31835
31842
31843
31844
31844
31857
31859
31866
31867
31878
31882
31887
31889
31890
31891
31892
31898
31899
31902
31908
31908
31909
31912
31913
31915
31920
31930
31956
31962
31964
31966
31967
31968
31982
31983
31983
31990
31990
31991
31994
31997
31998
31998
32002
32004
32006
32014
32017
32017
32018
32021
32025
32026
32029
32031
32032
32038
32040
32044
32050
32053
32058
32059
32061
32063
32074
32080
32080
32084
32088
32092
32094
32098
32102
32102
32104
32104
32112
32113
32115
32115
32125
32134
32135
32142
32146
32147
32152
32153
32159
32160
32162
32168
32173
32177
32182
32185
32185
32188
32193
32200
32202
32213
32217
32219
32230
32233
32239
32251
32252
32253
32256
32256
32262
32263
32269
32275
32277
32277
32278
32286
32292
32298
32299
32299
32303
32303
32307
32309
32310
32312
32315
32315
32318
32329
32330
32335
32337
32341
32341
32342
32349
32354
32355
32357
32358
32360
32363
32364
32374
32378
32381
32384
32403
32404
32405
32406
32407
32409
32411
32412
32413
32415
32424
32428
32428
32429
32430
32431
32436
32436
32437
32438
32439
32439
32440
32442
32453
32457
32458
32459
32459
32462
32463
32472
32478
32478
32483
32483
32484
32486
32487
32489
32491
32496
32500
32502
32504
32508
32523
32523
32532
32534
32537
32543
32544
32552
32560
32571
32572
32574
32576
32577
32584
32587
32598
32602
32605
32606
32607
32608
32609
32616
32619
32625
32628
32629
32642
32642
32643
32646
32655
32656
32660
32670
32677
32681
32681
32684
32686
32691
32698
32699
32700
32700
32701
32701
32702
32704
32704
32706
32710
32712
32716
32716
32718
32719
32722
32723
32734
32736
32743
32745
32757
32757
32758
32760
32762
32763
32763
32764
32766
