10000
3605
3606
5413
3607
7461
6437
5414
4389
3608
7973
7462
6949
6438
5925
5415
4901
4390
3877
3609
8229
7974
7717
7463
7205
6950
6693
6439
6181
5926
5669
5416
5157
4902
4645
4391
4133
3878
3621
3610
8357
8230
8101
7975
7845
7718
7589
7464
7333
7206
7077
6951
6821
6694
6565
6440
6309
6182
6053
5927
5797
5670
5541
5417
5285
5158
5029
4903
4773
4646
4517
4392
4261
4134
4005
3879
3749
3622
3611
8485
8421
8358
8293
8231
8165
8102
8037
7976
7909
7846
7781
7719
7653
7590
7525
7465
7397
7334
7269
7207
7141
7078
7013
6952
6885
6822
6757
6695
6629
6566
6501
6441
6373
6310
6245
6183
6117
6054
5989
5928
5861
5798
5733
5671
5605
5542
5477
5418
5349
5286
5221
5159
5093
5030
4965
4904
4837
4774
4709
4647
4581
4518
4453
4393
4325
4262
4197
4135
4069
4006
3941
3880
3813
3750
3685
3623
3612
8549
8517
8486
8453
8422
8389
8359
8325
8294
8261
8232
8197
8166
8133
8103
8069
8038
8005
7977
7941
7910
7877
7847
7813
7782
7749
7720
7685
7654
7621
7591
7557
7526
7493
7466
7429
7398
7365
7335
7301
7270
7237
7208
7173
7142
7109
7079
7045
7014
6981
6953
6917
6886
6853
6823
6789
6758
6725
6696
6661
6630
6597
6567
6533
6502
6469
6442
6405
6374
6341
6311
6277
6246
6213
6184
6149
6118
6085
6055
6021
5990
5957
5929
5893
5862
5829
5799
5765
5734
5701
5672
5637
5606
5573
5543
5509
5478
5445
5419
5381
5350
5317
5287
5253
5222
5189
5160
5125
5094
5061
5031
4997
4966
4933
4905
4869
4838
4805
4775
4741
4710
4677
4648
4613
4582
4549
4519
4485
4454
4421
4394
4357
4326
4293
4263
4229
4198
4165
4136
4101
4070
4037
4007
3973
3942
3909
3881
3845
3814
3781
3751
3717
3686
3653
3624
3613
8581
8565
8550
8533
8518
8501
8487
8469
8454
8437
8423
8405
8390
8373
8360
8341
8326
8309
8295
8277
8262
8245
8233
8213
8198
8181
8167
8149
8134
8117
8104
8085
8070
8053
8039
8021
8006
7989
7978
7957
7942
7925
7911
7893
7878
7861
7848
7829
7814
7797
7783
7765
7750
7733
7721
7701
7686
7669
7655
7637
7622
7605
7592
7573
7558
7541
7527
7509
7494
7477
7467
7445
7430
7413
7399
7381
7366
7349
7336
7317
7302
7285
7271
7253
7238
7221
7209
7189
7174
7157
7143
7125
7110
7093
7080
7061
7046
7029
7015
6997
6982
6965
6954
6933
6918
6901
6887
6869
6854
6837
6824
6805
6790
6773
6759
6741
6726
6709
6697
6677
6662
6645
6631
6613
6598
6581
6568
6549
6534
6517
6503
6485
6470
6453
6443
6421
6406
6389
6375
6357
6342
6325
6312
6293
6278
6261
6247
6229
6214
6197
6185
6165
6150
6133
6119
6101
6086
6069
6056
6037
6022
6005
5991
5973
5958
5941
5930
5909
5894
5877
5863
5845
5830
5813
5800
5781
5766
5749
5735
5717
5702
5685
5673
5653
5638
5621
5607
5589
5574
5557
5544
5525
5510
5493
5479
5461
5446
5429
5420
5397
5382
5365
5351
5333
5318
5301
5288
5269
5254
5237
5223
5205
5190
5173
5161
5141
5126
5109
5095
5077
5062
5045
5032
5013
4998
4981
4967
4949
4934
4917
4906
4885
4870
4853
4839
4821
4806
4789
4776
4757
4742
4725
4711
4693
4678
4661
4649
4629
4614
4597
4583
4565
4550
4533
4520
4501
4486
4469
4455
4437
4422
4405
4395
4373
4358
4341
4327
4309
4294
4277
4264
4245
4230
4213
4199
4181
4166
4149
4137
4117
4102
4085
4071
4053
4038
4021
4008
3989
3974
3957
3943
3925
3910
3893
3882
3861
3846
3829
3815
3797
3782
3765
3752
3733
3718
3701
3687
3669
3654
3637
3625
3614
8597
8589
8582
8573
8566
8557
8551
8541
8534
8525
8519
8509
8502
8493
8488
8477
8470
8461
8455
8445
8438
8429
8424
8413
8406
8397
8391
8381
8374
8365
8361
8349
8342
8333
8327
8317
8310
8301
8296
8285
8278
8269
8263
8253
8246
8237
8234
8221
8214
8205
8199
8189
8182
8173
8168
8157
8150
8141
8135
8125
8118
8109
8105
8093
8086
8077
8071
8061
8054
8045
8040
8029
8022
8013
8007
7997
7990
7981
7979
7965
7958
7949
7943
7933
7926
7917
7912
7901
7894
7885
7879
7869
7862
7853
7849
7837
7830
7821
7815
7805
7798
7789
7784
7773
7766
7757
7751
7741
7734
7725
7722
7709
7702
7693
7687
7677
7670
7661
7656
7645
7638
7629
7623
7613
7606
7597
7593
7581
7574
7565
7559
7549
7542
7533
7528
7517
7510
7501
7495
7485
7478
7469
7468
7453
7446
7437
7431
7421
7414
7405
7400
7389
7382
7373
7367
7357
7350
7341
7337
7325
7318
7309
7303
7293
7286
7277
7272
7261
7254
7245
7239
7229
7222
7213
7210
7197
7190
7181
7175
7165
7158
7149
7144
7133
7126
7117
7111
7101
7094
7085
7081
7069
7062
7053
7047
7037
7030
7021
7016
7005
6998
6989
6983
6973
6966
6957
6955
6941
6934
6925
6919
6909
6902
6893
6888
6877
6870
6861
6855
6845
6838
6829
6825
6813
6806
6797
6791
6781
6774
6765
6760
6749
6742
6733
6727
6717
6710
6701
6698
6685
6678
6669
6663
6653
6646
6637
6632
6621
6614
6605
6599
6589
6582
6573
6569
6557
6550
6541
6535
6525
6518
6509
6504
6493
6486
6477
6471
6461
6454
6445
6444
6429
6422
6413
6407
6397
6390
6381
6376
6365
6358
6349
6343
6333
6326
6317
6313
6301
6294
6285
6279
6269
6262
6253
6248
6237
6230
6221
6215
6205
6198
6189
6186
6173
6166
6157
6151
6141
6134
6125
6120
6109
6102
6093
6087
6077
6070
6061
6057
6045
6038
6029
6023
6013
6006
5997
5992
5981
5974
5965
5959
5949
5942
5933
5931
5917
5910
5901
5895
5885
5878
5869
5864
5853
5846
5837
5831
5821
5814
5805
5801
5789
5782
5773
5767
5757
5750
5741
5736
5725
5718
5709
5703
5693
5686
5677
5674
5661
5654
5645
5639
5629
5622
5613
5608
5597
5590
5581
5575
5565
5558
5549
5545
5533
5526
5517
5511
5501
5494
5485
5480
5469
5462
5453
5447
5437
5430
5421
9509
5405
5398
5389
5383
5373
5366
5357
5352
5341
5334
5325
5319
5309
5302
5293
5289
5277
5270
5261
5255
5245
5238
5229
5224
5213
5206
5197
5191
5181
5174
5165
5162
5149
5142
5133
5127
5117
5110
5101
5096
5085
5078
5069
5063
5053
5046
5037
5033
5021
5014
5005
4999
4989
4982
4973
4968
4957
4950
4941
4935
4925
4918
4909
4907
4893
4886
4877
4871
4861
4854
4845
4840
4829
4822
4813
4807
4797
4790
4781
4777
4765
4758
4749
4743
4733
4726
4717
4712
4701
4694
4685
4679
4669
4662
4653
4650
4637
4630
4621
4615
4605
4598
4589
4584
4573
4566
4557
4551
4541
4534
4525
4521
4509
4502
4493
4487
4477
4470
4461
4456
4445
4438
4429
4423
4413
4406
4397
4396
4381
4374
4365
4359
4349
4342
4333
4328
4317
4310
4301
4295
4285
4278
4269
4265
4253
4246
4237
4231
4221
4214
4205
4200
4189
4182
4173
4167
4157
4150
4141
4138
4125
4118
4109
4103
4093
4086
4077
4072
4061
4054
4045
4039
4029
4022
4013
4009
3997
3990
3981
3975
3965
3958
3949
3944
3933
3926
3917
3911
3901
3894
3885
3883
3869
3862
3853
3847
3837
3830
3821
3816
3805
3798
3789
3783
3773
3766
3757
3753
3741
3734
3725
3719
3709
3702
3693
3688
3677
3670
3661
3655
3645
3638
3629
3626
3615
8605
8601
8598
8593
8590
8585
8583
8577
8574
8569
8567
8561
8558
8553
8552
8545
8542
8537
8535
8529
8526
8521
8520
8513
8510
8505
8503
8497
8494
8489
11045
8481
8478
8473
8471
8465
8462
8457
8456
8449
8446
8441
8439
8433
8430
8425
11013
8417
8414
8409
8407
8401
8398
8393
8392
8385
8382
8377
8375
8369
8366
8362
10981
8353
8350
8345
8343
8337
8334
8329
8328
8321
8318
8313
8311
8305
8302
8297
10949
8289
8286
8281
8279
8273
8270
8265
8264
8257
8254
8249
8247
8241
8238
8235
10917
8225
8222
8217
8215
8209
8206
8201
8200
8193
8190
8185
8183
8177
8174
8169
10885
8161
8158
8153
8151
8145
8142
8137
8136
8129
8126
8121
8119
8113
8110
8106
10853
8097
8094
8089
8087
8081
8078
8073
8072
8065
8062
8057
8055
8049
8046
8041
10821
8033
8030
8025
8023
8017
8014
8009
8008
8001
7998
7993
7991
7985
7982
7980
10789
7969
7966
7961
7959
7953
7950
7945
7944
7937
7934
7929
7927
7921
7918
7913
10757
7905
7902
7897
7895
7889
7886
7881
7880
7873
7870
7865
7863
7857
7854
7850
10725
7841
7838
7833
7831
7825
7822
7817
7816
7809
7806
7801
7799
7793
7790
7785
10693
7777
7774
7769
7767
7761
7758
7753
7752
7745
7742
7737
7735
7729
7726
7723
10661
7713
7710
7705
7703
7697
7694
7689
7688
7681
7678
7673
7671
7665
7662
7657
10629
7649
7646
7641
7639
7633
7630
7625
7624
7617
7614
7609
7607
7601
7598
7594
10597
7585
7582
7577
7575
7569
7566
7561
7560
7553
7550
7545
7543
7537
7534
7529
10565
7521
7518
7513
7511
7505
7502
7497
7496
7489
7486
7481
7479
7473
7470
10535
10533
7457
7454
7449
7447
7441
7438
7433
7432
7425
7422
7417
7415
7409
7406
7401
10501
7393
7390
7385
7383
7377
7374
7369
7368
7361
7358
7353
7351
7345
7342
7338
10469
7329
7326
7321
7319
7313
7310
7305
7304
7297
7294
7289
7287
7281
7278
7273
10437
7265
7262
7257
7255
7249
7246
7241
7240
7233
7230
7225
7223
7217
7214
7211
10405
7201
7198
7193
7191
7185
7182
7177
7176
7169
7166
7161
7159
7153
7150
7145
10373
7137
7134
7129
7127
7121
7118
7113
7112
7105
7102
7097
7095
7089
7086
7082
10341
7073
7070
7065
7063
7057
7054
7049
7048
7041
7038
7033
7031
7025
7022
7017
10309
7009
7006
7001
6999
6993
6990
6985
6984
6977
6974
6969
6967
6961
6958
6956
10277
6945
6942
6937
6935
6929
6926
6921
6920
6913
6910
6905
6903
6897
6894
6889
10245
6881
6878
6873
6871
6865
6862
6857
6856
6849
6846
6841
6839
6833
6830
6826
10213
6817
6814
6809
6807
6801
6798
6793
6792
6785
6782
6777
6775
6769
6766
6761
10181
6753
6750
6745
6743
6737
6734
6729
6728
6721
6718
6713
6711
6705
6702
6699
10149
6689
6686
6681
6679
6673
6670
6665
6664
6657
6654
6649
6647
6641
6638
6633
10117
6625
6622
6617
6615
6609
6606
6601
6600
6593
6590
6585
6583
6577
6574
6570
10085
6561
6558
6553
6551
6545
6542
6537
6536
6529
6526
6521
6519
6513
6510
6505
10053
6497
6494
6489
6487
6481
6478
6473
6472
6465
6462
6457
6455
6449
6446
10023
10021
6433
6430
6425
6423
6417
6414
6409
6408
6401
6398
6393
6391
6385
6382
6377
9989
6369
6366
6361
6359
6353
6350
6345
6344
6337
6334
6329
6327
6321
6318
6314
9957
6305
6302
6297
6295
6289
6286
6281
6280
6273
6270
6265
6263
6257
6254
6249
9925
6241
6238
6233
6231
6225
6222
6217
6216
6209
6206
6201
6199
6193
6190
6187
9893
6177
6174
6169
6167
6161
6158
6153
6152
6145
6142
6137
6135
6129
6126
6121
9861
6113
6110
6105
6103
6097
6094
6089
6088
6081
6078
6073
6071
6065
6062
6058
9829
6049
6046
6041
6039
6033
6030
6025
6024
6017
6014
6009
6007
6001
5998
5993
9797
5985
5982
5977
5975
5969
5966
5961
5960
5953
5950
5945
5943
5937
5934
5932
9765
5921
5918
5913
5911
5905
5902
5897
5896
5889
5886
5881
5879
5873
5870
5865
9733
5857
5854
5849
5847
5841
5838
5833
5832
5825
5822
5817
5815
5809
5806
5802
9701
5793
5790
5785
5783
5777
5774
5769
5768
5761
5758
5753
5751
5745
5742
5737
9669
5729
5726
5721
5719
5713
5710
5705
5704
5697
5694
5689
5687
5681
5678
5675
9637
5665
5662
5657
5655
5649
5646
5641
5640
5633
5630
5625
5623
5617
5614
5609
9605
5601
5598
5593
5591
5585
5582
5577
5576
5569
5566
5561
5559
5553
5550
5546
9573
5537
5534
5529
5527
5521
5518
5513
5512
5505
5502
5497
5495
5489
5486
5481
9541
5473
5470
5465
5463
5457
5454
5449
5448
5441
5438
5433
5431
5425
5422
9511
9510
5409
5406
5401
5399
5393
5390
5385
5384
5377
5374
5369
5367
5361
5358
5353
9477
5345
5342
5337
5335
5329
5326
5321
5320
5313
5310
5305
5303
5297
5294
5290
9445
5281
5278
5273
5271
5265
5262
5257
5256
5249
5246
5241
5239
5233
5230
5225
9413
5217
5214
5209
5207
5201
5198
5193
5192
5185
5182
5177
5175
5169
5166
5163
9381
5153
5150
5145
5143
5137
5134
5129
5128
5121
5118
5113
5111
5105
5102
5097
9349
5089
5086
5081
5079
5073
5070
5065
5064
5057
5054
5049
5047
5041
5038
5034
9317
5025
5022
5017
5015
5009
5006
5001
5000
4993
4990
4985
4983
4977
4974
4969
9285
4961
4958
4953
4951
4945
4942
4937
4936
4929
4926
4921
4919
4913
4910
4908
9253
4897
4894
4889
4887
4881
4878
4873
4872
4865
4862
4857
4855
4849
4846
4841
9221
4833
4830
4825
4823
4817
4814
4809
4808
4801
4798
4793
4791
4785
4782
4778
9189
4769
4766
4761
4759
4753
4750
4745
4744
4737
4734
4729
4727
4721
4718
4713
9157
4705
4702
4697
4695
4689
4686
4681
4680
4673
4670
4665
4663
4657
4654
4651
9125
4641
4638
4633
4631
4625
4622
4617
4616
4609
4606
4601
4599
4593
4590
4585
9093
4577
4574
4569
4567
4561
4558
4553
4552
4545
4542
4537
4535
4529
4526
4522
9061
4513
4510
4505
4503
4497
4494
4489
4488
4481
4478
4473
4471
4465
4462
4457
9029
4449
4446
4441
4439
4433
4430
4425
4424
4417
4414
4409
4407
4401
4398
8999
8997
4385
4382
4377
4375
4369
4366
4361
4360
4353
4350
4345
4343
4337
4334
4329
8965
4321
4318
4313
4311
4305
4302
4297
4296
4289
4286
4281
4279
4273
4270
4266
8933
4257
4254
4249
4247
4241
4238
4233
4232
4225
4222
4217
4215
4209
4206
4201
8901
4193
4190
4185
4183
4177
4174
4169
4168
4161
4158
4153
4151
4145
4142
4139
8869
4129
4126
4121
4119
4113
4110
4105
4104
4097
4094
4089
4087
4081
4078
4073
8837
4065
4062
4057
4055
4049
4046
4041
4040
4033
4030
4025
4023
4017
4014
4010
8805
4001
3998
3993
3991
3985
3982
3977
3976
3969
3966
3961
3959
3953
3950
3945
8773
3937
3934
3929
3927
3921
3918
3913
3912
3905
3902
3897
3895
3889
3886
3884
8741
3873
3870
3865
3863
3857
3854
3849
3848
3841
3838
3833
3831
3825
3822
3817
8709
3809
3806
3801
3799
3793
3790
3785
3784
3777
3774
3769
3767
3761
3758
3754
8677
3745
3742
3737
3735
3729
3726
3721
3720
3713
3710
3705
3703
3697
3694
3689
8645
3681
3678
3673
3671
3665
3662
3657
3656
3649
3646
3641
3639
3633
3630
3627
8613
3617
3616
8607
8606
8603
8602
8599
11101
8595
8594
8591
11097
8587
8586
8584
11093
8579
8578
8575
11089
8571
8570
8568
11085
8563
8562
8559
11081
8555
8554
11078
11077
8547
8546
8543
11073
8539
8538
8536
11069
8531
8530
8527
11065
8523
8522
11062
11061
8515
8514
8511
11057
8507
8506
8504
11053
8499
8498
8495
11049
8491
8490
11046
12325
8483
8482
8479
11041
8475
8474
8472
11037
8467
8466
8463
11033
8459
8458
11030
11029
8451
8450
8447
11025
8443
8442
8440
11021
8435
8434
8431
11017
8427
8426
11014
12309
8419
8418
8415
11009
8411
8410
8408
11005
8403
8402
8399
11001
8395
8394
10998
10997
8387
8386
8383
10993
8379
8378
8376
10989
8371
8370
8367
10985
8363
10983
10982
12293
8355
8354
8351
10977
8347
8346
8344
10973
8339
8338
8335
10969
8331
8330
10966
10965
8323
8322
8319
10961
8315
8314
8312
10957
8307
8306
8303
10953
8299
8298
10950
12277
8291
8290
8287
10945
8283
8282
8280
10941
8275
8274
8271
10937
8267
8266
10934
10933
8259
8258
8255
10929
8251
8250
8248
10925
8243
8242
8239
10921
8236
10919
10918
12261
8227
8226
8223
10913
8219
8218
8216
10909
8211
8210
8207
10905
8203
8202
10902
10901
8195
8194
8191
10897
8187
8186
8184
10893
8179
8178
8175
10889
8171
8170
10886
12245
8163
8162
8159
10881
8155
8154
8152
10877
8147
8146
8143
10873
8139
8138
10870
10869
8131
8130
8127
10865
8123
8122
8120
10861
8115
8114
8111
10857
8107
10855
10854
12229
8099
8098
8095
10849
8091
8090
8088
10845
8083
8082
8079
10841
8075
8074
10838
10837
8067
8066
8063
10833
8059
8058
8056
10829
8051
8050
8047
10825
8043
8042
10822
12213
8035
8034
8031
10817
8027
8026
8024
10813
8019
8018
8015
10809
8011
8010
10806
10805
8003
8002
7999
10801
7995
7994
7992
10797
7987
7986
7983
10793
10792
10791
10790
12197
7971
7970
7967
10785
7963
7962
7960
10781
7955
7954
7951
10777
7947
7946
10774
10773
7939
7938
7935
10769
7931
7930
7928
10765
7923
7922
7919
10761
7915
7914
10758
12181
7907
7906
7903
10753
7899
7898
7896
10749
7891
7890
7887
10745
7883
7882
10742
10741
7875
7874
7871
10737
7867
7866
7864
10733
7859
7858
7855
10729
7851
10727
10726
12165
7843
7842
7839
10721
7835
7834
7832
10717
7827
7826
7823
10713
7819
7818
10710
10709
7811
7810
7807
10705
7803
7802
7800
10701
7795
7794
7791
10697
7787
7786
10694
12149
7779
7778
7775
10689
7771
7770
7768
10685
7763
7762
7759
10681
7755
7754
10678
10677
7747
7746
7743
10673
7739
7738
7736
10669
7731
7730
7727
10665
7724
10663
10662
12133
7715
7714
7711
10657
7707
7706
7704
10653
7699
7698
7695
10649
7691
7690
10646
10645
7683
7682
7679
10641
7675
7674
7672
10637
7667
7666
7663
10633
7659
7658
10630
12117
7651
7650
7647
10625
7643
7642
7640
10621
7635
7634
7631
10617
7627
7626
10614
10613
7619
7618
7615
10609
7611
7610
7608
10605
7603
7602
7599
10601
7595
10599
10598
12101
7587
7586
7583
10593
7579
7578
7576
10589
7571
7570
7567
10585
7563
7562
10582
10581
7555
7554
7551
10577
7547
7546
7544
10573
7539
7538
7535
10569
7531
7530
10566
12085
7523
7522
7519
10561
7515
7514
7512
10557
7507
7506
7503
10553
7499
7498
10550
10549
7491
7490
7487
10545
7483
7482
7480
10541
7475
7474
7471
10537
10536
12070
10534
12069
7459
7458
7455
10529
7451
7450
7448
10525
7443
7442
7439
10521
7435
7434
10518
10517
7427
7426
7423
10513
7419
7418
7416
10509
7411
7410
7407
10505
7403
7402
10502
12053
7395
7394
7391
10497
7387
7386
7384
10493
7379
7378
7375
10489
7371
7370
10486
10485
7363
7362
7359
10481
7355
7354
7352
10477
7347
7346
7343
10473
7339
10471
10470
12037
7331
7330
7327
10465
7323
7322
7320
10461
7315
7314
7311
10457
7307
7306
10454
10453
7299
7298
7295
10449
7291
7290
7288
10445
7283
7282
7279
10441
7275
7274
10438
12021
7267
7266
7263
10433
7259
7258
7256
10429
7251
7250
7247
10425
7243
7242
10422
10421
7235
7234
7231
10417
7227
7226
7224
10413
7219
7218
7215
10409
7212
10407
10406
12005
7203
7202
7199
10401
7195
7194
7192
10397
7187
7186
7183
10393
7179
7178
10390
10389
7171
7170
7167
10385
7163
7162
7160
10381
7155
7154
7151
10377
7147
7146
10374
11989
7139
7138
7135
10369
7131
7130
7128
10365
7123
7122
7119
10361
7115
7114
10358
10357
7107
7106
7103
10353
7099
7098
7096
10349
7091
7090
7087
10345
7083
10343
10342
11973
7075
7074
7071
10337
7067
7066
7064
10333
7059
7058
7055
10329
7051
7050
10326
10325
7043
7042
7039
10321
7035
7034
7032
10317
7027
7026
7023
10313
7019
7018
10310
11957
7011
7010
7007
10305
7003
7002
7000
10301
6995
6994
6991
10297
6987
6986
10294
10293
6979
6978
6975
10289
6971
6970
6968
10285
6963
6962
6959
10281
10280
10279
10278
11941
6947
6946
6943
10273
6939
6938
6936
10269
6931
6930
6927
10265
6923
6922
10262
10261
6915
6914
6911
10257
6907
6906
6904
10253
6899
6898
6895
10249
6891
6890
10246
11925
6883
6882
6879
10241
6875
6874
6872
10237
6867
6866
6863
10233
6859
6858
10230
10229
6851
6850
6847
10225
6843
6842
6840
10221
6835
6834
6831
10217
6827
10215
10214
11909
6819
6818
6815
10209
6811
6810
6808
10205
6803
6802
6799
10201
6795
6794
10198
10197
6787
6786
6783
10193
6779
6778
6776
10189
6771
6770
6767
10185
6763
6762
10182
11893
6755
6754
6751
10177
6747
6746
6744
10173
6739
6738
6735
10169
6731
6730
10166
10165
6723
6722
6719
10161
6715
6714
6712
10157
6707
6706
6703
10153
6700
10151
10150
11877
6691
6690
6687
10145
6683
6682
6680
10141
6675
6674
6671
10137
6667
6666
10134
10133
6659
6658
6655
10129
6651
6650
6648
10125
6643
6642
6639
10121
6635
6634
10118
11861
6627
6626
6623
10113
6619
6618
6616
10109
6611
6610
6607
10105
6603
6602
10102
10101
6595
6594
6591
10097
6587
6586
6584
10093
6579
6578
6575
10089
6571
10087
10086
11845
6563
6562
6559
10081
6555
6554
6552
10077
6547
6546
6543
10073
6539
6538
10070
10069
6531
6530
6527
10065
6523
6522
6520
10061
6515
6514
6511
10057
6507
6506
10054
11829
6499
6498
6495
10049
6491
6490
6488
10045
6483
6482
6479
10041
6475
6474
10038
10037
6467
6466
6463
10033
6459
6458
6456
10029
6451
6450
6447
10025
10024
11814
10022
11813
6435
6434
6431
10017
6427
6426
6424
10013
6419
6418
6415
10009
6411
6410
10006
10005
6403
6402
6399
10001
6395
6394
6392
9997
6387
6386
6383
9993
6379
6378
9990
11797
6371
6370
6367
9985
6363
6362
6360
9981
6355
6354
6351
9977
6347
6346
9974
9973
6339
6338
6335
9969
6331
6330
6328
9965
6323
6322
6319
9961
6315
9959
9958
11781
6307
6306
6303
9953
6299
6298
6296
9949
6291
6290
6287
9945
6283
6282
9942
9941
6275
6274
6271
9937
6267
6266
6264
9933
6259
6258
6255
9929
6251
6250
9926
11765
6243
6242
6239
9921
6235
6234
6232
9917
6227
6226
6223
9913
6219
6218
9910
9909
6211
6210
6207
9905
6203
6202
6200
9901
6195
6194
6191
9897
6188
9895
9894
11749
6179
6178
6175
9889
6171
6170
6168
9885
6163
6162
6159
9881
6155
6154
9878
9877
6147
6146
6143
9873
6139
6138
6136
9869
6131
6130
6127
9865
6123
6122
9862
11733
6115
6114
6111
9857
6107
6106
6104
9853
6099
6098
6095
9849
6091
6090
9846
9845
6083
6082
6079
9841
6075
6074
6072
9837
6067
6066
6063
9833
6059
9831
9830
11717
6051
6050
6047
9825
6043
6042
6040
9821
6035
6034
6031
9817
6027
6026
9814
9813
6019
6018
6015
9809
6011
6010
6008
9805
6003
6002
5999
9801
5995
5994
9798
11701
5987
5986
5983
9793
5979
5978
5976
9789
5971
5970
5967
9785
5963
5962
9782
9781
5955
5954
5951
9777
5947
5946
5944
9773
5939
5938
5935
9769
9768
9767
9766
11685
5923
5922
5919
9761
5915
5914
5912
9757
5907
5906
5903
9753
5899
5898
9750
9749
5891
5890
5887
9745
5883
5882
5880
9741
5875
5874
5871
9737
5867
5866
9734
11669
5859
5858
5855
9729
5851
5850
5848
9725
5843
5842
5839
9721
5835
5834
9718
9717
5827
5826
5823
9713
5819
5818
5816
9709
5811
5810
5807
9705
5803
9703
9702
11653
5795
5794
5791
9697
5787
5786
5784
9693
5779
5778
5775
9689
5771
5770
9686
9685
5763
5762
5759
9681
5755
5754
5752
9677
5747
5746
5743
9673
5739
5738
9670
11637
5731
5730
5727
9665
5723
5722
5720
9661
5715
5714
5711
9657
5707
5706
9654
9653
5699
5698
5695
9649
5691
5690
5688
9645
5683
5682
5679
9641
5676
9639
9638
11621
5667
5666
5663
9633
5659
5658
5656
9629
5651
5650
5647
9625
5643
5642
9622
9621
5635
5634
5631
9617
5627
5626
5624
9613
5619
5618
5615
9609
5611
5610
9606
11605
5603
5602
5599
9601
5595
5594
5592
9597
5587
5586
5583
9593
5579
5578
9590
9589
5571
5570
5567
9585
5563
5562
5560
9581
5555
5554
5551
9577
5547
9575
9574
11589
5539
5538
5535
9569
5531
5530
5528
9565
5523
5522
5519
9561
5515
5514
9558
9557
5507
5506
5503
9553
5499
5498
5496
9549
5491
5490
5487
9545
5483
5482
9542
11573
5475
5474
5471
9537
5467
5466
5464
9533
5459
5458
5455
9529
5451
5450
9526
9525
5443
5442
5439
9521
5435
5434
5432
9517
5427
5426
5423
9513
9512
11558
13093
11557
5411
5410
5407
9505
5403
5402
5400
9501
5395
5394
5391
9497
5387
5386
9494
9493
5379
5378
5375
9489
5371
5370
5368
9485
5363
5362
5359
9481
5355
5354
9478
11541
5347
5346
5343
9473
5339
5338
5336
9469
5331
5330
5327
9465
5323
5322
9462
9461
5315
5314
5311
9457
5307
5306
5304
9453
5299
5298
5295
9449
5291
9447
9446
11525
5283
5282
5279
9441
5275
5274
5272
9437
5267
5266
5263
9433
5259
5258
9430
9429
5251
5250
5247
9425
5243
5242
5240
9421
5235
5234
5231
9417
5227
5226
9414
11509
5219
5218
5215
9409
5211
5210
5208
9405
5203
5202
5199
9401
5195
5194
9398
9397
5187
5186
5183
9393
5179
5178
5176
9389
5171
5170
5167
9385
5164
9383
9382
11493
5155
5154
5151
9377
5147
5146
5144
9373
5139
5138
5135
9369
5131
5130
9366
9365
5123
5122
5119
9361
5115
5114
5112
9357
5107
5106
5103
9353
5099
5098
9350
11477
5091
5090
5087
9345
5083
5082
5080
9341
5075
5074
5071
9337
5067
5066
9334
9333
5059
5058
5055
9329
5051
5050
5048
9325
5043
5042
5039
9321
5035
9319
9318
11461
5027
5026
5023
9313
5019
5018
5016
9309
5011
5010
5007
9305
5003
5002
9302
9301
4995
4994
4991
9297
4987
4986
4984
9293
4979
4978
4975
9289
4971
4970
9286
11445
4963
4962
4959
9281
4955
4954
4952
9277
4947
4946
4943
9273
4939
4938
9270
9269
4931
4930
4927
9265
4923
4922
4920
9261
4915
4914
4911
9257
9256
9255
9254
11429
4899
4898
4895
9249
4891
4890
4888
9245
4883
4882
4879
9241
4875
4874
9238
9237
4867
4866
4863
9233
4859
4858
4856
9229
4851
4850
4847
9225
4843
4842
9222
11413
4835
4834
4831
9217
4827
4826
4824
9213
4819
4818
4815
9209
4811
4810
9206
9205
4803
4802
4799
9201
4795
4794
4792
9197
4787
4786
4783
9193
4779
9191
9190
11397
4771
4770
4767
9185
4763
4762
4760
9181
4755
4754
4751
9177
4747
4746
9174
9173
4739
4738
4735
9169
4731
4730
4728
9165
4723
4722
4719
9161
4715
4714
9158
11381
4707
4706
4703
9153
4699
4698
4696
9149
4691
4690
4687
9145
4683
4682
9142
9141
4675
4674
4671
9137
4667
4666
4664
9133
4659
4658
4655
9129
4652
9127
9126
11365
4643
4642
4639
9121
4635
4634
4632
9117
4627
4626
4623
9113
4619
4618
9110
9109
4611
4610
4607
9105
4603
4602
4600
9101
4595
4594
4591
9097
4587
4586
9094
11349
4579
4578
4575
9089
4571
4570
4568
9085
4563
4562
4559
9081
4555
4554
9078
9077
4547
4546
4543
9073
4539
4538
4536
9069
4531
4530
4527
9065
4523
9063
9062
11333
4515
4514
4511
9057
4507
4506
4504
9053
4499
4498
4495
9049
4491
4490
9046
9045
4483
4482
4479
9041
4475
4474
4472
9037
4467
4466
4463
9033
4459
4458
9030
11317
4451
4450
4447
9025
4443
4442
4440
9021
4435
4434
4431
9017
4427
4426
9014
9013
4419
4418
4415
9009
4411
4410
4408
9005
4403
4402
4399
9001
9000
11302
8998
11301
4387
4386
4383
8993
4379
4378
4376
8989
4371
4370
4367
8985
4363
4362
8982
8981
4355
4354
4351
8977
4347
4346
4344
8973
4339
4338
4335
8969
4331
4330
8966
11285
4323
4322
4319
8961
4315
4314
4312
8957
4307
4306
4303
8953
4299
4298
8950
8949
4291
4290
4287
8945
4283
4282
4280
8941
4275
4274
4271
8937
4267
8935
8934
11269
4259
4258
4255
8929
4251
4250
4248
8925
4243
4242
4239
8921
4235
4234
8918
8917
4227
4226
4223
8913
4219
4218
4216
8909
4211
4210
4207
8905
4203
4202
8902
11253
4195
4194
4191
8897
4187
4186
4184
8893
4179
4178
4175
8889
4171
4170
8886
8885
4163
4162
4159
8881
4155
4154
4152
8877
4147
4146
4143
8873
4140
8871
8870
11237
4131
4130
4127
8865
4123
4122
4120
8861
4115
4114
4111
8857
4107
4106
8854
8853
4099
4098
4095
8849
4091
4090
4088
8845
4083
4082
4079
8841
4075
4074
8838
11221
4067
4066
4063
8833
4059
4058
4056
8829
4051
4050
4047
8825
4043
4042
8822
8821
4035
4034
4031
8817
4027
4026
4024
8813
4019
4018
4015
8809
4011
8807
8806
11205
4003
4002
3999
8801
3995
3994
3992
8797
3987
3986
3983
8793
3979
3978
8790
8789
3971
3970
3967
8785
3963
3962
3960
8781
3955
3954
3951
8777
3947
3946
8774
11189
3939
3938
3935
8769
3931
3930
3928
8765
3923
3922
3919
8761
3915
3914
8758
8757
3907
3906
3903
8753
3899
3898
3896
8749
3891
3890
3887
8745
8744
8743
8742
11173
3875
3874
3871
8737
3867
3866
3864
8733
3859
3858
3855
8729
3851
3850
8726
8725
3843
3842
3839
8721
3835
3834
3832
8717
3827
3826
3823
8713
3819
3818
8710
11157
3811
3810
3807
8705
3803
3802
3800
8701
3795
3794
3791
8697
3787
3786
8694
8693
3779
3778
3775
8689
3771
3770
3768
8685
3763
3762
3759
8681
3755
8679
8678
11141
3747
3746
3743
8673
3739
3738
3736
8669
3731
3730
3727
8665
3723
3722
8662
8661
3715
3714
3711
8657
3707
3706
3704
8653
3699
3698
3695
8649
3691
3690
8646
11125
3683
3682
3679
8641
3675
3674
3672
8637
3667
3666
3663
8633
3659
3658
8630
8629
3651
3650
3647
8625
3643
3642
3640
8621
3635
3634
3631
8617
3628
8615
8614
11109
3619
3618
8610
8609
8608
11106
12980
11105
8604
12354
12979
11103
8600
11102
12353
13292
8596
11100
12352
11099
8592
11098
12351
12978
8588
11096
12350
11095
13291
11094
12349
12977
8580
11092
12348
11091
8576
11090
12347
12976
8572
11088
12346
11087
13290
11086
12345
12975
8564
11084
12344
11083
8560
11082
12343
12974
8556
11080
12342
11079
13289
13447
12341
12973
8548
11076
12340
11075
8544
11074
12339
12972
8540
11072
12338
11071
13288
11070
12337
12971
8532
11068
12336
11067
8528
11066
12335
12970
8524
11064
12334
11063
13287
13446
12333
12969
8516
11060
12332
11059
8512
11058
12331
12968
8508
11056
12330
11055
13286
11054
12329
12967
8500
11052
12328
11051
8496
11050
12327
12966
8492
11048
12326
11047
13285
13445
13525
12965
8484
11044
12324
11043
8480
11042
12323
12964
8476
11040
12322
11039
13284
11038
12321
12963
8468
11036
12320
11035
8464
11034
12319
12962
8460
11032
12318
11031
13283
13444
12317
12961
8452
11028
12316
11027
8448
11026
12315
12960
8444
11024
12314
11023
13282
11022
12313
12959
8436
11020
12312
11019
8432
11018
12311
12958
8428
11016
12310
11015
13281
13443
13524
12957
8420
11012
12308
11011
8416
11010
12307
12956
8412
11008
12306
11007
13280
11006
12305
12955
8404
11004
12304
11003
8400
11002
12303
12954
8396
11000
12302
10999
13279
13442
12301
12953
8388
10996
12300
10995
8384
10994
12299
12952
8380
10992
12298
10991
13278
10990
12297
12951
8372
10988
12296
10987
8368
10986
12295
12950
8364
10984
12294
13564
13277
13441
13523
12949
8356
10980
12292
10979
8352
10978
12291
12948
8348
10976
12290
10975
13276
10974
12289
12947
8340
10972
12288
10971
8336
10970
12287
12946
8332
10968
12286
10967
13275
13440
12285
12945
8324
10964
12284
10963
8320
10962
12283
12944
8316
10960
12282
10959
13274
10958
12281
12943
8308
10956
12280
10955
8304
10954
12279
12942
8300
10952
12278
10951
13273
13439
13522
12941
8292
10948
12276
10947
8288
10946
12275
12940
8284
10944
12274
10943
13272
10942
12273
12939
8276
10940
12272
10939
8272
10938
12271
12938
8268
10936
12270
10935
13271
13438
12269
12937
8260
10932
12268
10931
8256
10930
12267
12936
8252
10928
12266
10927
13270
10926
12265
12935
8244
10924
12264
10923
8240
10922
12263
12934
13584
10920
12262
13563
13269
13437
13521
12933
8228
10916
12260
10915
8224
10914
12259
12932
8220
10912
12258
10911
13268
10910
12257
12931
8212
10908
12256
10907
8208
10906
12255
12930
8204
10904
12254
10903
13267
13436
12253
12929
8196
10900
12252
10899
8192
10898
12251
12928
8188
10896
12250
10895
13266
10894
12249
12927
8180
10892
12248
10891
8176
10890
12247
12926
8172
10888
12246
10887
13265
13435
13520
12925
8164
10884
12244
10883
8160
10882
12243
12924
8156
10880
12242
10879
13264
10878
12241
12923
8148
10876
12240
10875
8144
10874
12239
12922
8140
10872
12238
10871
13263
13434
12237
12921
8132
10868
12236
10867
8128
10866
12235
12920
8124
10864
12234
10863
13262
10862
12233
12919
8116
10860
12232
10859
8112
10858
12231
12918
8108
10856
12230
13562
13261
13433
13519
12917
8100
10852
12228
10851
8096
10850
12227
12916
8092
10848
12226
10847
13260
10846
12225
12915
8084
10844
12224
10843
8080
10842
12223
12914
8076
10840
12222
10839
13259
13432
12221
12913
8068
10836
12220
10835
8064
10834
12219
12912
8060
10832
12218
10831
13258
10830
12217
12911
8052
10828
12216
10827
8048
10826
12215
12910
8044
10824
12214
10823
13257
13431
13518
12909
8036
10820
12212
10819
8032
10818
12211
12908
8028
10816
12210
10815
13256
10814
12209
12907
8020
10812
12208
10811
8016
10810
12207
12906
8012
10808
12206
10807
13255
13430
12205
12905
8004
10804
12204
10803
8000
10802
12203
12904
7996
10800
12202
10799
13254
10798
12201
12903
7988
10796
12200
10795
7984
10794
12199
12902
13583
13594
12198
13561
13253
13429
13517
12901
7972
10788
12196
10787
7968
10786
12195
12900
7964
10784
12194
10783
13252
10782
12193
12899
7956
10780
12192
10779
7952
10778
12191
12898
7948
10776
12190
10775
13251
13428
12189
12897
7940
10772
12188
10771
7936
10770
12187
12896
7932
10768
12186
10767
13250
10766
12185
12895
7924
10764
12184
10763
7920
10762
12183
12894
7916
10760
12182
10759
13249
13427
13516
12893
7908
10756
12180
10755
7904
10754
12179
12892
7900
10752
12178
10751
13248
10750
12177
12891
7892
10748
12176
10747
7888
10746
12175
12890
7884
10744
12174
10743
13247
13426
12173
12889
7876
10740
12172
10739
7872
10738
12171
12888
7868
10736
12170
10735
13246
10734
12169
12887
7860
10732
12168
10731
7856
10730
12167
12886
7852
10728
12166
13560
13245
13425
13515
12885
7844
10724
12164
10723
7840
10722
12163
12884
7836
10720
12162
10719
13244
10718
12161
12883
7828
10716
12160
10715
7824
10714
12159
12882
7820
10712
12158
10711
13243
13424
12157
12881
7812
10708
12156
10707
7808
10706
12155
12880
7804
10704
12154
10703
13242
10702
12153
12879
7796
10700
12152
10699
7792
10698
12151
12878
7788
10696
12150
10695
13241
13423
13514
12877
7780
10692
12148
10691
7776
10690
12147
12876
7772
10688
12146
10687
13240
10686
12145
12875
7764
10684
12144
10683
7760
10682
12143
12874
7756
10680
12142
10679
13239
13422
12141
12873
7748
10676
12140
10675
7744
10674
12139
12872
7740
10672
12138
10671
13238
10670
12137
12871
7732
10668
12136
10667
7728
10666
12135
12870
13582
10664
12134
13559
13237
13421
13513
12869
7716
10660
12132
10659
7712
10658
12131
12868
7708
10656
12130
10655
13236
10654
12129
12867
7700
10652
12128
10651
7696
10650
12127
12866
7692
10648
12126
10647
13235
13420
12125
12865
7684
10644
12124
10643
7680
10642
12123
12864
7676
10640
12122
10639
13234
10638
12121
12863
7668
10636
12120
10635
7664
10634
12119
12862
7660
10632
12118
10631
13233
13419
13512
12861
7652
10628
12116
10627
7648
10626
12115
12860
7644
10624
12114
10623
13232
10622
12113
12859
7636
10620
12112
10619
7632
10618
12111
12858
7628
10616
12110
10615
13231
13418
12109
12857
7620
10612
12108
10611
7616
10610
12107
12856
7612
10608
12106
10607
13230
10606
12105
12855
7604
10604
12104
10603
7600
10602
12103
12854
7596
10600
12102
13558
13229
13417
13511
12853
7588
10596
12100
10595
7584
10594
12099
12852
7580
10592
12098
10591
13228
10590
12097
12851
7572
10588
12096
10587
7568
10586
12095
12850
7564
10584
12094
10583
13227
13416
12093
12849
7556
10580
12092
10579
7552
10578
12091
12848
7548
10576
12090
10575
13226
10574
12089
12847
7540
10572
12088
10571
7536
10570
12087
12846
7532
10568
12086
10567
13225
13415
13510
12845
7524
10564
12084
10563
7520
10562
12083
12844
7516
10560
12082
10559
13224
10558
12081
12843
7508
10556
12080
10555
7504
10554
12079
12842
7500
10552
12078
10551
13223
13414
12077
12841
7492
10548
12076
10547
7488
10546
12075
12840
7484
10544
12074
10543
13222
10542
12073
12839
7476
10540
12072
10539
7472
10538
12071
12838
13581
13593
13599
13557
13221
13413
13509
12837
7460
10532
12068
10531
7456
10530
12067
12836
7452
10528
12066
10527
13220
10526
12065
12835
7444
10524
12064
10523
7440
10522
12063
12834
7436
10520
12062
10519
13219
13412
12061
12833
7428
10516
12060
10515
7424
10514
12059
12832
7420
10512
12058
10511
13218
10510
12057
12831
7412
10508
12056
10507
7408
10506
12055
12830
7404
10504
12054
10503
13217
13411
13508
12829
7396
10500
12052
10499
7392
10498
12051
12828
7388
10496
12050
10495
13216
10494
12049
12827
7380
10492
12048
10491
7376
10490
12047
12826
7372
10488
12046
10487
13215
13410
12045
12825
7364
10484
12044
10483
7360
10482
12043
12824
7356
10480
12042
10479
13214
10478
12041
12823
7348
10476
12040
10475
7344
10474
12039
12822
7340
10472
12038
13556
13213
13409
13507
12821
7332
10468
12036
10467
7328
10466
12035
12820
7324
10464
12034
10463
13212
10462
12033
12819
7316
10460
12032
10459
7312
10458
12031
12818
7308
10456
12030
10455
13211
13408
12029
12817
7300
10452
12028
10451
7296
10450
12027
12816
7292
10448
12026
10447
13210
10446
12025
12815
7284
10444
12024
10443
7280
10442
12023
12814
7276
10440
12022
10439
13209
13407
13506
12813
7268
10436
12020
10435
7264
10434
12019
12812
7260
10432
12018
10431
13208
10430
12017
12811
7252
10428
12016
10427
7248
10426
12015
12810
7244
10424
12014
10423
13207
13406
12013
12809
7236
10420
12012
10419
7232
10418
12011
12808
7228
10416
12010
10415
13206
10414
12009
12807
7220
10412
12008
10411
7216
10410
12007
12806
13580
10408
12006
13555
13205
13405
13505
12805
7204
10404
12004
10403
7200
10402
12003
12804
7196
10400
12002
10399
13204
10398
12001
12803
7188
10396
12000
10395
7184
10394
11999
12802
7180
10392
11998
10391
13203
13404
11997
12801
7172
10388
11996
10387
7168
10386
11995
12800
7164
10384
11994
10383
13202
10382
11993
12799
7156
10380
11992
10379
7152
10378
11991
12798
7148
10376
11990
10375
13201
13403
13504
12797
7140
10372
11988
10371
7136
10370
11987
12796
7132
10368
11986
10367
13200
10366
11985
12795
7124
10364
11984
10363
7120
10362
11983
12794
7116
10360
11982
10359
13199
13402
11981
12793
7108
10356
11980
10355
7104
10354
11979
12792
7100
10352
11978
10351
13198
10350
11977
12791
7092
10348
11976
10347
7088
10346
11975
12790
7084
10344
11974
13554
13197
13401
13503
12789
7076
10340
11972
10339
7072
10338
11971
12788
7068
10336
11970
10335
13196
10334
11969
12787
7060
10332
11968
10331
7056
10330
11967
12786
7052
10328
11966
10327
13195
13400
11965
12785
7044
10324
11964
10323
7040
10322
11963
12784
7036
10320
11962
10319
13194
10318
11961
12783
7028
10316
11960
10315
7024
10314
11959
12782
7020
10312
11958
10311
13193
13399
13502
12781
7012
10308
11956
10307
7008
10306
11955
12780
7004
10304
11954
10303
13192
10302
11953
12779
6996
10300
11952
10299
6992
10298
11951
12778
6988
10296
11950
10295
13191
13398
11949
12777
6980
10292
11948
10291
6976
10290
11947
12776
6972
10288
11946
10287
13190
10286
11945
12775
6964
10284
11944
10283
6960
10282
11943
12774
13579
13592
11942
13553
13189
13397
13501
12773
6948
10276
11940
10275
6944
10274
11939
12772
6940
10272
11938
10271
13188
10270
11937
12771
6932
10268
11936
10267
6928
10266
11935
12770
6924
10264
11934
10263
13187
13396
11933
12769
6916
10260
11932
10259
6912
10258
11931
12768
6908
10256
11930
10255
13186
10254
11929
12767
6900
10252
11928
10251
6896
10250
11927
12766
6892
10248
11926
10247
13185
13395
13500
12765
6884
10244
11924
10243
6880
10242
11923
12764
6876
10240
11922
10239
13184
10238
11921
12763
6868
10236
11920
10235
6864
10234
11919
12762
6860
10232
11918
10231
13183
13394
11917
12761
6852
10228
11916
10227
6848
10226
11915
12760
6844
10224
11914
10223
13182
10222
11913
12759
6836
10220
11912
10219
6832
10218
11911
12758
6828
10216
11910
13552
13181
13393
13499
12757
6820
10212
11908
10211
6816
10210
11907
12756
6812
10208
11906
10207
13180
10206
11905
12755
6804
10204
11904
10203
6800
10202
11903
12754
6796
10200
11902
10199
13179
13392
11901
12753
6788
10196
11900
10195
6784
10194
11899
12752
6780
10192
11898
10191
13178
10190
11897
12751
6772
10188
11896
10187
6768
10186
11895
12750
6764
10184
11894
10183
13177
13391
13498
12749
6756
10180
11892
10179
6752
10178
11891
12748
6748
10176
11890
10175
13176
10174
11889
12747
6740
10172
11888
10171
6736
10170
11887
12746
6732
10168
11886
10167
13175
13390
11885
12745
6724
10164
11884
10163
6720
10162
11883
12744
6716
10160
11882
10159
13174
10158
11881
12743
6708
10156
11880
10155
6704
10154
11879
12742
13578
10152
11878
13551
13173
13389
13497
12741
6692
10148
11876
10147
6688
10146
11875
12740
6684
10144
11874
10143
13172
10142
11873
12739
6676
10140
11872
10139
6672
10138
11871
12738
6668
10136
11870
10135
13171
13388
11869
12737
6660
10132
11868
10131
6656
10130
11867
12736
6652
10128
11866
10127
13170
10126
11865
12735
6644
10124
11864
10123
6640
10122
11863
12734
6636
10120
11862
10119
13169
13387
13496
12733
6628
10116
11860
10115
6624
10114
11859
12732
6620
10112
11858
10111
13168
10110
11857
12731
6612
10108
11856
10107
6608
10106
11855
12730
6604
10104
11854
10103
13167
13386
11853
12729
6596
10100
11852
10099
6592
10098
11851
12728
6588
10096
11850
10095
13166
10094
11849
12727
6580
10092
11848
10091
6576
10090
11847
12726
6572
10088
11846
13550
13165
13385
13495
12725
6564
10084
11844
10083
6560
10082
11843
12724
6556
10080
11842
10079
13164
10078
11841
12723
6548
10076
11840
10075
6544
10074
11839
12722
6540
10072
11838
10071
13163
13384
11837
12721
6532
10068
11836
10067
6528
10066
11835
12720
6524
10064
11834
10063
13162
10062
11833
12719
6516
10060
11832
10059
6512
10058
11831
12718
6508
10056
11830
10055
13161
13383
13494
12717
6500
10052
11828
10051
6496
10050
11827
12716
6492
10048
11826
10047
13160
10046
11825
12715
6484
10044
11824
10043
6480
10042
11823
12714
6476
10040
11822
10039
13159
13382
11821
12713
6468
10036
11820
10035
6464
10034
11819
12712
6460
10032
11818
10031
13158
10030
11817
12711
6452
10028
11816
10027
6448
10026
11815
12710
13577
13591
13598
13549
13157
13381
13493
12709
6436
10020
11812
10019
6432
10018
11811
12708
6428
10016
11810
10015
13156
10014
11809
12707
6420
10012
11808
10011
6416
10010
11807
12706
6412
10008
11806
10007
13155
13380
11805
12705
6404
10004
11804
10003
6400
10002
11803
12704
6396
10000
11802
9999
13154
9998
11801
12703
6388
9996
11800
9995
6384
9994
11799
12702
6380
9992
11798
9991
13153
13379
13492
12701
6372
9988
11796
9987
6368
9986
11795
12700
6364
9984
11794
9983
13152
9982
11793
12699
6356
9980
11792
9979
6352
9978
11791
12698
6348
9976
11790
9975
13151
13378
11789
12697
6340
9972
11788
9971
6336
9970
11787
12696
6332
9968
11786
9967
13150
9966
11785
12695
6324
9964
11784
9963
6320
9962
11783
12694
6316
9960
11782
13548
13149
13377
13491
12693
6308
9956
11780
9955
6304
9954
11779
12692
6300
9952
11778
9951
13148
9950
11777
12691
6292
9948
11776
9947
6288
9946
11775
12690
6284
9944
11774
9943
13147
13376
11773
12689
6276
9940
11772
9939
6272
9938
11771
12688
6268
9936
11770
9935
13146
9934
11769
12687
6260
9932
11768
9931
6256
9930
11767
12686
6252
9928
11766
9927
13145
13375
13490
12685
6244
9924
11764
9923
6240
9922
11763
12684
6236
9920
11762
9919
13144
9918
11761
12683
6228
9916
11760
9915
6224
9914
11759
12682
6220
9912
11758
9911
13143
13374
11757
12681
6212
9908
11756
9907
6208
9906
11755
12680
6204
9904
11754
9903
13142
9902
11753
12679
6196
9900
11752
9899
6192
9898
11751
12678
13576
9896
11750
13547
13141
13373
13489
12677
6180
9892
11748
9891
6176
9890
11747
12676
6172
9888
11746
9887
13140
9886
11745
12675
6164
9884
11744
9883
6160
9882
11743
12674
6156
9880
11742
9879
13139
13372
11741
12673
6148
9876
11740
9875
6144
9874
11739
12672
6140
9872
11738
9871
13138
9870
11737
12671
6132
9868
11736
9867
6128
9866
11735
12670
6124
9864
11734
9863
13137
13371
13488
12669
6116
9860
11732
9859
6112
9858
11731
12668
6108
9856
11730
9855
13136
9854
11729
12667
6100
9852
11728
9851
6096
9850
11727
12666
6092
9848
11726
9847
13135
13370
11725
12665
6084
9844
11724
9843
6080
9842
11723
12664
6076
9840
11722
9839
13134
9838
11721
12663
6068
9836
11720
9835
6064
9834
11719
12662
6060
9832
11718
13546
13133
13369
13487
12661
6052
9828
11716
9827
6048
9826
11715
12660
6044
9824
11714
9823
13132
9822
11713
12659
6036
9820
11712
9819
6032
9818
11711
12658
6028
9816
11710
9815
13131
13368
11709
12657
6020
9812
11708
9811
6016
9810
11707
12656
6012
9808
11706
9807
13130
9806
11705
12655
6004
9804
11704
9803
6000
9802
11703
12654
5996
9800
11702
9799
13129
13367
13486
12653
5988
9796
11700
9795
5984
9794
11699
12652
5980
9792
11698
9791
13128
9790
11697
12651
5972
9788
11696
9787
5968
9786
11695
12650
5964
9784
11694
9783
13127
13366
11693
12649
5956
9780
11692
9779
5952
9778
11691
12648
5948
9776
11690
9775
13126
9774
11689
12647
5940
9772
11688
9771
5936
9770
11687
12646
13575
13590
11686
13545
13125
13365
13485
12645
5924
9764
11684
9763
5920
9762
11683
12644
5916
9760
11682
9759
13124
9758
11681
12643
5908
9756
11680
9755
5904
9754
11679
12642
5900
9752
11678
9751
13123
13364
11677
12641
5892
9748
11676
9747
5888
9746
11675
12640
5884
9744
11674
9743
13122
9742
11673
12639
5876
9740
11672
9739
5872
9738
11671
12638
5868
9736
11670
9735
13121
13363
13484
12637
5860
9732
11668
9731
5856
9730
11667
12636
5852
9728
11666
9727
13120
9726
11665
12635
5844
9724
11664
9723
5840
9722
11663
12634
5836
9720
11662
9719
13119
13362
11661
12633
5828
9716
11660
9715
5824
9714
11659
12632
5820
9712
11658
9711
13118
9710
11657
12631
5812
9708
11656
9707
5808
9706
11655
12630
5804
9704
11654
13544
13117
13361
13483
12629
5796
9700
11652
9699
5792
9698
11651
12628
5788
9696
11650
9695
13116
9694
11649
12627
5780
9692
11648
9691
5776
9690
11647
12626
5772
9688
11646
9687
13115
13360
11645
12625
5764
9684
11644
9683
5760
9682
11643
12624
5756
9680
11642
9679
13114
9678
11641
12623
5748
9676
11640
9675
5744
9674
11639
12622
5740
9672
11638
9671
13113
13359
13482
12621
5732
9668
11636
9667
5728
9666
11635
12620
5724
9664
11634
9663
13112
9662
11633
12619
5716
9660
11632
9659
5712
9658
11631
12618
5708
9656
11630
9655
13111
13358
11629
12617
5700
9652
11628
9651
5696
9650
11627
12616
5692
9648
11626
9647
13110
9646
11625
12615
5684
9644
11624
9643
5680
9642
11623
12614
13574
9640
11622
13543
13109
13357
13481
12613
5668
9636
11620
9635
5664
9634
11619
12612
5660
9632
11618
9631
13108
9630
11617
12611
5652
9628
11616
9627
5648
9626
11615
12610
5644
9624
11614
9623
13107
13356
11613
12609
5636
9620
11612
9619
5632
9618
11611
12608
5628
9616
11610
9615
13106
9614
11609
12607
5620
9612
11608
9611
5616
9610
11607
12606
5612
9608
11606
9607
13105
13355
13480
12605
5604
9604
11604
9603
5600
9602
11603
12604
5596
9600
11602
9599
13104
9598
11601
12603
5588
9596
11600
9595
5584
9594
11599
12602
5580
9592
11598
9591
13103
13354
11597
12601
5572
9588
11596
9587
5568
9586
11595
12600
5564
9584
11594
9583
13102
9582
11593
12599
5556
9580
11592
9579
5552
9578
11591
12598
5548
9576
11590
13542
13101
13353
13479
12597
5540
9572
11588
9571
5536
9570
11587
12596
5532
9568
11586
9567
13100
9566
11585
12595
5524
9564
11584
9563
5520
9562
11583
12594
5516
9560
11582
9559
13099
13352
11581
12593
5508
9556
11580
9555
5504
9554
11579
12592
5500
9552
11578
9551
13098
9550
11577
12591
5492
9548
11576
9547
5488
9546
11575
12590
5484
9544
11574
9543
13097
13351
13478
12589
5476
9540
11572
9539
5472
9538
11571
12588
5468
9536
11570
9535
13096
9534
11569
12587
5460
9532
11568
9531
5456
9530
11567
12586
5452
9528
11566
9527
13095
13350
11565
12585
5444
9524
11564
9523
5440
9522
11563
12584
5436
9520
11562
9519
13094
9518
11561
12583
5428
9516
11560
9515
5424
9514
11559
12582
13573
13589
13597
13541
13601
13349
13477
12581
5412
9508
11556
9507
5408
9506
11555
12580
5404
9504
11554
9503
13092
9502
11553
12579
5396
9500
11552
9499
5392
9498
11551
12578
5388
9496
11550
9495
13091
13348
11549
12577
5380
9492
11548
9491
5376
9490
11547
12576
5372
9488
11546
9487
13090
9486
11545
12575
5364
9484
11544
9483
5360
9482
11543
12574
5356
9480
11542
9479
13089
13347
13476
12573
5348
9476
11540
9475
5344
9474
11539
12572
5340
9472
11538
9471
13088
9470
11537
12571
5332
9468
11536
9467
5328
9466
11535
12570
5324
9464
11534
9463
13087
13346
11533
12569
5316
9460
11532
9459
5312
9458
11531
12568
5308
9456
11530
9455
13086
9454
11529
12567
5300
9452
11528
9451
5296
9450
11527
12566
5292
9448
11526
13540
13085
13345
13475
12565
5284
9444
11524
9443
5280
9442
11523
12564
5276
9440
11522
9439
13084
9438
11521
12563
5268
9436
11520
9435
5264
9434
11519
12562
5260
9432
11518
9431
13083
13344
11517
12561
5252
9428
11516
9427
5248
9426
11515
12560
5244
9424
11514
9423
13082
9422
11513
12559
5236
9420
11512
9419
5232
9418
11511
12558
5228
9416
11510
9415
13081
13343
13474
12557
5220
9412
11508
9411
5216
9410
11507
12556
5212
9408
11506
9407
13080
9406
11505
12555
5204
9404
11504
9403
5200
9402
11503
12554
5196
9400
11502
9399
13079
13342
11501
12553
5188
9396
11500
9395
5184
9394
11499
12552
5180
9392
11498
9391
13078
9390
11497
12551
5172
9388
11496
9387
5168
9386
11495
12550
13572
9384
11494
13539
13077
13341
13473
12549
5156
9380
11492
9379
5152
9378
11491
12548
5148
9376
11490
9375
13076
9374
11489
12547
5140
9372
11488
9371
5136
9370
11487
12546
5132
9368
11486
9367
13075
13340
11485
12545
5124
9364
11484
9363
5120
9362
11483
12544
5116
9360
11482
9359
13074
9358
11481
12543
5108
9356
11480
9355
5104
9354
11479
12542
5100
9352
11478
9351
13073
13339
13472
12541
5092
9348
11476
9347
5088
9346
11475
12540
5084
9344
11474
9343
13072
9342
11473
12539
5076
9340
11472
9339
5072
9338
11471
12538
5068
9336
11470
9335
13071
13338
11469
12537
5060
9332
11468
9331
5056
9330
11467
12536
5052
9328
11466
9327
13070
9326
11465
12535
5044
9324
11464
9323
5040
9322
11463
12534
5036
9320
11462
13538
13069
13337
13471
12533
5028
9316
11460
9315
5024
9314
11459
12532
5020
9312
11458
9311
13068
9310
11457
12531
5012
9308
11456
9307
5008
9306
11455
12530
5004
9304
11454
9303
13067
13336
11453
12529
4996
9300
11452
9299
4992
9298
11451
12528
4988
9296
11450
9295
13066
9294
11449
12527
4980
9292
11448
9291
4976
9290
11447
12526
4972
9288
11446
9287
13065
13335
13470
12525
4964
9284
11444
9283
4960
9282
11443
12524
4956
9280
11442
9279
13064
9278
11441
12523
4948
9276
11440
9275
4944
9274
11439
12522
4940
9272
11438
9271
13063
13334
11437
12521
4932
9268
11436
9267
4928
9266
11435
12520
4924
9264
11434
9263
13062
9262
11433
12519
4916
9260
11432
9259
4912
9258
11431
12518
13571
13588
11430
13537
13061
13333
13469
12517
4900
9252
11428
9251
4896
9250
11427
12516
4892
9248
11426
9247
13060
9246
11425
12515
4884
9244
11424
9243
4880
9242
11423
12514
4876
9240
11422
9239
13059
13332
11421
12513
4868
9236
11420
9235
4864
9234
11419
12512
4860
9232
11418
9231
13058
9230
11417
12511
4852
9228
11416
9227
4848
9226
11415
12510
4844
9224
11414
9223
13057
13331
13468
12509
4836
9220
11412
9219
4832
9218
11411
12508
4828
9216
11410
9215
13056
9214
11409
12507
4820
9212
11408
9211
4816
9210
11407
12506
4812
9208
11406
9207
13055
13330
11405
12505
4804
9204
11404
9203
4800
9202
11403
12504
4796
9200
11402
9199
13054
9198
11401
12503
4788
9196
11400
9195
4784
9194
11399
12502
4780
9192
11398
13536
13053
13329
13467
12501
4772
9188
11396
9187
4768
9186
11395
12500
4764
9184
11394
9183
13052
9182
11393
12499
4756
9180
11392
9179
4752
9178
11391
12498
4748
9176
11390
9175
13051
13328
11389
12497
4740
9172
11388
9171
4736
9170
11387
12496
4732
9168
11386
9167
13050
9166
11385
12495
4724
9164
11384
9163
4720
9162
11383
12494
4716
9160
11382
9159
13049
13327
13466
12493
4708
9156
11380
9155
4704
9154
11379
12492
4700
9152
11378
9151
13048
9150
11377
12491
4692
9148
11376
9147
4688
9146
11375
12490
4684
9144
11374
9143
13047
13326
11373
12489
4676
9140
11372
9139
4672
9138
11371
12488
4668
9136
11370
9135
13046
9134
11369
12487
4660
9132
11368
9131
4656
9130
11367
12486
13570
9128
11366
13535
13045
13325
13465
12485
4644
9124
11364
9123
4640
9122
11363
12484
4636
9120
11362
9119
13044
9118
11361
12483
4628
9116
11360
9115
4624
9114
11359
12482
4620
9112
11358
9111
13043
13324
11357
12481
4612
9108
11356
9107
4608
9106
11355
12480
4604
9104
11354
9103
13042
9102
11353
12479
4596
9100
11352
9099
4592
9098
11351
12478
4588
9096
11350
9095
13041
13323
13464
12477
4580
9092
11348
9091
4576
9090
11347
12476
4572
9088
11346
9087
13040
9086
11345
12475
4564
9084
11344
9083
4560
9082
11343
12474
4556
9080
11342
9079
13039
13322
11341
12473
4548
9076
11340
9075
4544
9074
11339
12472
4540
9072
11338
9071
13038
9070
11337
12471
4532
9068
11336
9067
4528
9066
11335
12470
4524
9064
11334
13534
13037
13321
13463
12469
4516
9060
11332
9059
4512
9058
11331
12468
4508
9056
11330
9055
13036
9054
11329
12467
4500
9052
11328
9051
4496
9050
11327
12466
4492
9048
11326
9047
13035
13320
11325
12465
4484
9044
11324
9043
4480
9042
11323
12464
4476
9040
11322
9039
13034
9038
11321
12463
4468
9036
11320
9035
4464
9034
11319
12462
4460
9032
11318
9031
13033
13319
13462
12461
4452
9028
11316
9027
4448
9026
11315
12460
4444
9024
11314
9023
13032
9022
11313
12459
4436
9020
11312
9019
4432
9018
11311
12458
4428
9016
11310
9015
13031
13318
11309
12457
4420
9012
11308
9011
4416
9010
11307
12456
4412
9008
11306
9007
13030
9006
11305
12455
4404
9004
11304
9003
4400
9002
11303
12454
13569
13587
13596
13533
13029
13317
13461
12453
4388
8996
11300
8995
4384
8994
11299
12452
4380
8992
11298
8991
13028
8990
11297
12451
4372
8988
11296
8987
4368
8986
11295
12450
4364
8984
11294
8983
13027
13316
11293
12449
4356
8980
11292
8979
4352
8978
11291
12448
4348
8976
11290
8975
13026
8974
11289
12447
4340
8972
11288
8971
4336
8970
11287
12446
4332
8968
11286
8967
13025
13315
13460
12445
4324
8964
11284
8963
4320
8962
11283
12444
4316
8960
11282
8959
13024
8958
11281
12443
4308
8956
11280
8955
4304
8954
11279
12442
4300
8952
11278
8951
13023
13314
11277
12441
4292
8948
11276
8947
4288
8946
11275
12440
4284
8944
11274
8943
13022
8942
11273
12439
4276
8940
11272
8939
4272
8938
11271
12438
4268
8936
11270
13532
13021
13313
13459
12437
4260
8932
11268
8931
4256
8930
11267
12436
4252
8928
11266
8927
13020
8926
11265
12435
4244
8924
11264
8923
4240
8922
11263
12434
4236
8920
11262
8919
13019
13312
11261
12433
4228
8916
11260
8915
4224
8914
11259
12432
4220
8912
11258
8911
13018
8910
11257
12431
4212
8908
11256
8907
4208
8906
11255
12430
4204
8904
11254
8903
13017
13311
13458
12429
4196
8900
11252
8899
4192
8898
11251
12428
4188
8896
11250
8895
13016
8894
11249
12427
4180
8892
11248
8891
4176
8890
11247
12426
4172
8888
11246
8887
13015
13310
11245
12425
4164
8884
11244
8883
4160
8882
11243
12424
4156
8880
11242
8879
13014
8878
11241
12423
4148
8876
11240
8875
4144
8874
11239
12422
13568
8872
11238
13531
13013
13309
13457
12421
4132
8868
11236
8867
4128
8866
11235
12420
4124
8864
11234
8863
13012
8862
11233
12419
4116
8860
11232
8859
4112
8858
11231
12418
4108
8856
11230
8855
13011
13308
11229
12417
4100
8852
11228
8851
4096
8850
11227
12416
4092
8848
11226
8847
13010
8846
11225
12415
4084
8844
11224
8843
4080
8842
11223
12414
4076
8840
11222
8839
13009
13307
13456
12413
4068
8836
11220
8835
4064
8834
11219
12412
4060
8832
11218
8831
13008
8830
11217
12411
4052
8828
11216
8827
4048
8826
11215
12410
4044
8824
11214
8823
13007
13306
11213
12409
4036
8820
11212
8819
4032
8818
11211
12408
4028
8816
11210
8815
13006
8814
11209
12407
4020
8812
11208
8811
4016
8810
11207
12406
4012
8808
11206
13530
13005
13305
13455
12405
4004
8804
11204
8803
4000
8802
11203
12404
3996
8800
11202
8799
13004
8798
11201
12403
3988
8796
11200
8795
3984
8794
11199
12402
3980
8792
11198
8791
13003
13304
11197
12401
3972
8788
11196
8787
3968
8786
11195
12400
3964
8784
11194
8783
13002
8782
11193
12399
3956
8780
11192
8779
3952
8778
11191
12398
3948
8776
11190
8775
13001
13303
13454
12397
3940
8772
11188
8771
3936
8770
11187
12396
3932
8768
11186
8767
13000
8766
11185
12395
3924
8764
11184
8763
3920
8762
11183
12394
3916
8760
11182
8759
12999
13302
11181
12393
3908
8756
11180
8755
3904
8754
11179
12392
3900
8752
11178
8751
12998
8750
11177
12391
3892
8748
11176
8747
3888
8746
11175
12390
13567
13586
11174
13529
12997
13301
13453
12389
3876
8740
11172
8739
3872
8738
11171
12388
3868
8736
11170
8735
12996
8734
11169
12387
3860
8732
11168
8731
3856
8730
11167
12386
3852
8728
11166
8727
12995
13300
11165
12385
3844
8724
11164
8723
3840
8722
11163
12384
3836
8720
11162
8719
12994
8718
11161
12383
3828
8716
11160
8715
3824
8714
11159
12382
3820
8712
11158
8711
12993
13299
13452
12381
3812
8708
11156
8707
3808
8706
11155
12380
3804
8704
11154
8703
12992
8702
11153
12379
3796
8700
11152
8699
3792
8698
11151
12378
3788
8696
11150
8695
12991
13298
11149
12377
3780
8692
11148
8691
3776
8690
11147
12376
3772
8688
11146
8687
12990
8686
11145
12375
3764
8684
11144
8683
3760
8682
11143
12374
3756
8680
11142
13528
12989
13297
13451
12373
3748
8676
11140
8675
3744
8674
11139
12372
3740
8672
11138
8671
12988
8670
11137
12371
3732
8668
11136
8667
3728
8666
11135
12370
3724
8664
11134
8663
12987
13296
11133
12369
3716
8660
11132
8659
3712
8658
11131
12368
3708
8656
11130
8655
12986
8654
11129
12367
3700
8652
11128
8651
3696
8650
11127
12366
3692
8648
11126
8647
12985
13295
13450
12365
3684
8644
11124
8643
3680
8642
11123
12364
3676
8640
11122
8639
12984
8638
11121
12363
3668
8636
11120
8635
3664
8634
11119
12362
3660
8632
11118
8631
12983
13294
11117
12361
3652
8628
11116
8627
3648
8626
11115
12360
3644
8624
11114
8623
12982
8622
11113
12359
3636
8620
11112
8619
3632
8618
11111
12358
13566
8616
11110
13527
12981
13293
13449
12357
3620
8612
11108
8611
13603
11104
11107
12356
13585
13595
13600
13565
13602
13448
13526
12355
3604
