1000
3739
26759
12089
27822
4830
2836
3799
30795
28643
30384
15674
11705
20753
1278
23053
26699
13699
17783
20595
23009
28067
21680
24897
15444
5882
14555
7530
12820
2630
26513
25787
6671
28621
22735
15560
23253
28146
19262
5158
26874
9734
7607
17882
3260
29536
25094
28946
10982
8368
3310
30995
5365
1936
26478
16755
9336
20060
9539
31368
9661
14404
17582
4640
21929
15263
7031
7282
30440
21122
13618
18773
16967
14738
26305
14768
13917
4374
15130
18738
2673
5201
7499
8259
18584
23310
25531
8762
21278
22908
8370
3024
22823
4668
23579
21972
32406
11961
6793
12321
15150
29112
21881
10446
13559
14384
18647
21412
6628
31835
14787
1493
15538
3853
6804
31210
30995
31557
12317
28670
8972
18433
7216
7722
1436
3159
29025
1344
13470
2498
13324
32188
13808
16570
27802
4343
17877
13191
12031
29342
15000
19286
15239
11875
19315
5005
7379
24050
16046
16220
26398
31527
17163
11668
31942
8830
30818
24253
31751
22987
27529
4451
14857
12075
2422
30896
28445
17466
19880
16704
30787
6534
12227
22576
20977
11844
5242
10360
12303
18498
17841
17019
22342
30749
13795
8669
7034
11700
4802
1429
10133
28892
27422
3651
29319
4694
27656
5827
1419
26878
31031
31490
30635
28484
9387
16656
17030
21728
18831
22647
21585
22722
20068
25548
796
32584
21084
16515
17750
30900
18948
16647
21396
19421
20262
19723
6030
6437
10222
23578
3178
2474
18763
32374
29758
16065
22680
26655
1744
21920
28796
12850
32160
21338
11535
18036
8488
3345
17214
10543
15202
24678
10096
5437
5003
20533
1898
7778
22311
22912
7023
19935
5189
5288
4780
27971
10500
30435
7892
29573
19542
18410
25352
18512
5124
8178
18937
20894
7154
478
1872
32648
12965
26035
18510
19036
12034
18252
22447
22257
21336
3407
14549
13623
24993
23647
32290
27922
17669
10899
24230
19817
29856
10023
20218
12666
29573
19058
8555
12400
4611
8728
29019
27447
21543
11649
24037
27791
8577
24202
22464
20319
8747
4730
1638
8012
27912
5943
2165
10123
27466
4282
4949
9203
5431
21184
13851
2135
27692
706
17325
21010
21986
5672
10279
6115
15600
186
11646
19452
6801
10071
29540
25685
19880
27369
7787
23878
25345
24472
620
19029
13018
1086
19498
26957
30626
3611
28211
27536
16896
7371
21767
27053
28183
27252
9852
13621
32265
19524
4193
31947
32185
5915
27234
30331
21462
15492
12075
1101
9237
13290
4305
1817
9917
1033
11373
21404
6505
162
8458
32204
11529
4211
3521
28265
5419
3942
15138
30421
7289
8457
29654
22309
25218
1854
20611
27256
9917
20788
31472
28039
17610
30357
11370
4990
17916
13057
27494
23819
11285
13756
19559
26036
22864
31139
14882
7021
14757
22885
2272
5226
4424
13295
22821
30514
5235
13608
3471
10485
11365
5855
22528
13855
3499
28161
8704
10541
926
22544
21596
17343
5421
7376
16915
19951
26332
6212
14963
28642
32269
216
1664
18844
18814
24032
21909
15641
4884
16961
23886
7833
16087
8046
12452
16187
31549
17559
4698
1485
18091
24093
18073
2531
28217
2376
10199
25894
27062
20540
765
12015
14572
8745
32456
22037
9764
7107
4719
19715
4589
13298
20359
15373
11290
8394
804
11780
15882
2237
29250
27399
27180
21519
13667
30109
1217
12939
30585
24065
27108
10613
7173
24509
29896
15807
4225
32122
31810
3711
19708
3863
30855
29601
18436
30200
13878
29913
25032
27553
15001
11484
2686
7811
15656
27856
10243
4373
23118
13313
32449
28455
25456
20437
8662
19828
28716
14338
11891
1910
5342
31486
22145
12158
25193
20152
32395
17667
4916
6533
29400
9530
2418
1885
30679
27112
679
32583
14785
10869
9319
3346
24441
21313
18017
4934
17591
1851
7581
22874
8037
16303
11522
18983
5193
7775
7963
30365
32485
9686
27931
12469
28827
19449
30494
21158
11029
6879
29105
1628
6628
21474
19605
8486
3943
18678
30400
26543
18671
24634
9125
20015
32288
30157
30133
2274
32667
4067
12838
186
10458
6424
25075
81
10586
5380
1060
11553
26880
783
13647
8439
2998
25478
28767
14245
22613
4847
19604
25847
1735
28570
23755
9961
14701
32121
5120
26647
9662
31793
21265
26229
12337
9073
964
29248
32605
31107
25868
6453
19039
30753
27784
4608
26237
29577
24909
31735
22537
30676
5093
18184
27271
4227
22423
22512
5138
11867
8425
15534
10235
8051
28004
1336
7348
19851
22679
5228
26860
13983
607
32073
15356
21436
10853
16479
5506
25107
9447
32132
75
16972
3260
28105
29815
25116
22162
14765
9431
25626
10619
32656
15258
31182
8360
7786
18985
9227
23155
6332
28751
19839
30883
9159
32413
29577
30188
14077
6157
20810
29878
12213
5861
16639
27424
23842
14558
18318
20547
2182
22150
32350
11963
19875
10723
20332
16484
22386
26713
14236
30561
21784
13261
845
6243
15126
9995
14639
18983
9408
357
10073
15937
27120
13725
18070
22297
15611
24582
26624
28467
25828
26597
24785
9651
26576
20509
10357
21536
14778
31500
7396
4456
17256
26032
24878
26148
21918
7694
2647
5662
23697
30932
3686
8976
26526
19005
10681
27823
22844
9781
11931
4584
21296
27582
29465
30570
13056
8082
20753
5988
12969
23049
27787
32400
404
19518
13388
6768
27079
8301
20649
15576
21849
14752
29850
30892
18472
5771
17679
15339
8654
23476
19079
19180
15312
18647
8414
232
14361
7560
22886
31161
5031
12570
17210
2273
20869
16832
3535
8654
20985
16114
31180
5469
10750
4882
3100
18588
3828
12368
30529
18644
10903
25803
12011
24775
27438
14840
22985
4918
9220
25416
5535
7846
4636
5
16793
28260
6433
13437
17119
7367
19612
24163
30569
27317
6506
26738
19221
20584
9068
339
8950
2930
11136
14785
4847
19967
4528
19947
4481
29531
18346
7706
7650
23988
18288
6803
3151
24864
25169
9919
27810
24546
31768
14217
16167
31721
1667
12552
27564
409
20727
18270
11991
28622
113
26336
29117
16670
17344
26487
16303
23135
6130
3909
20055
17001
12556
10380
19461
1821
23294
11980
26691
29607
26325
22316
19119
31743
30771
30747
27658
438
18172
5175
1420
21999
10579
3182
2682
7340
31173
15715
24571
30027
11715
3091
18216
3152
12374
9656
11618
31332
21774
30446
22248
5278
30524
7700
