1000
5
75
81
113
162
186
186
216
232
339
357
404
409
438
478
607
620
679
706
765
783
796
804
845
926
964
1033
1060
1086
1101
1217
1278
1336
1344
1419
1420
1429
1436
1485
1493
1628
1638
1664
1667
1735
1744
1817
1821
1851
1854
1872
1885
1898
1910
1936
2135
2165
2182
2237
2272
2273
2274
2376
2418
2422
2474
2498
2531
2630
2647
2673
2682
2686
2836
2930
2998
3024
3091
3100
3151
3152
3159
3178
3182
3260
3260
3310
3345
3346
3407
3471
3499
3521
3535
3611
3651
3686
3711
3739
3799
3828
3853
3863
3909
3942
3943
4067
4193
4211
4225
4227
4282
4305
4343
4373
4374
4424
4451
4456
4481
4528
4584
4589
4608
4611
4636
4640
4668
4694
4698
4719
4730
4780
4802
4830
4847
4847
4882
4884
4916
4918
4934
4949
4990
5003
5005
5031
5093
5120
5124
5138
5158
5175
5189
5193
5201
5226
5228
5235
5242
5278
5288
5342
5365
5380
5419
5421
5431
5437
5469
5506
5535
5662
5672
5771
5827
5855
5861
5882
5915
5943
5988
6030
6115
6130
6157
6212
6243
6332
6424
6433
6437
6453
6505
6506
6533
6534
6628
6628
6671
6768
6793
6801
6803
6804
6879
7021
7023
7031
7034
7107
7154
7173
7216
7282
7289
7340
7348
7367
7371
7376
7379
7396
7499
7530
7560
7581
7607
7650
7694
7700
7706
7722
7775
7778
7786
7787
7811
7833
7846
7892
7963
8012
8037
8046
8051
8082
8178
8259
8301
8360
8368
8370
8394
8414
8425
8439
8457
8458
8486
8488
8555
8577
8654
8654
8662
8669
8704
8728
8745
8747
8762
8830
8950
8972
8976
9068
9073
9125
9159
9203
9220
9227
9237
9319
9336
9387
9408
9431
9447
9530
9539
9651
9656
9661
9662
9686
9734
9764
9781
9852
9917
9917
9919
9961
9995
10023
10071
10073
10096
10123
10133
10199
10222
10235
10243
10279
10357
10360
10380
10446
10458
10485
10500
10541
10543
10579
10586
10613
10619
10681
10723
10750
10853
10869
10899
10903
10982
11029
11136
11285
11290
11365
11370
11373
11484
11522
11529
11535
11553
11618
11646
11649
11668
11700
11705
11715
11780
11844
11867
11875
11891
11931
11961
11963
11980
11991
12011
12015
12031
12034
12075
12075
12089
12158
12213
12227
12303
12317
12321
12337
12368
12374
12400
12452
12469
12552
12556
12570
12666
12820
12838
12850
12939
12965
12969
13018
13056
13057
13191
13261
13290
13295
13298
13313
13324
13388
13437
13470
13559
13608
13618
13621
13623
13647
13667
13699
13725
13756
13795
13808
13851
13855
13878
13917
13983
14077
14217
14236
14245
14338
14361
14384
14404
14549
14555
14558
14572
14639
14701
14738
14752
14757
14765
14768
14778
14785
14785
14787
14840
14857
14882
14963
15000
15001
15126
15130
15138
15150
15202
15239
15258
15263
15312
15339
15356
15373
15444
15492
15534
15538
15560
15576
15600
15611
15641
15656
15674
15715
15807
15882
15937
16046
16065
16087
16114
16167
16187
16220
16303
16303
16479
16484
16515
16570
16639
16647
16656
16670
16704
16755
16793
16832
16896
16915
16961
16967
16972
17001
17019
17030
17119
17163
17210
17214
17256
17325
17343
17344
17466
17559
17582
17591
17610
17667
17669
17679
17750
17783
17841
17877
17882
17916
18017
18036
18070
18073
18091
18172
18184
18216
18252
18270
18288
18318
18346
18410
18433
18436
18472
18498
18510
18512
18584
18588
18644
18647
18647
18671
18678
18738
18763
18773
18814
18831
18844
18937
18948
18983
18983
18985
19005
19029
19036
19039
19058
19079
19119
19180
19221
19262
19286
19315
19421
19449
19452
19461
19498
19518
19524
19542
19559
19604
19605
19612
19708
19715
19723
19817
19828
19839
19851
19875
19880
19880
19935
19947
19951
19967
20015
20055
20060
20068
20152
20218
20262
20319
20332
20359
20437
20509
20533
20540
20547
20584
20595
20611
20649
20727
20753
20753
20788
20810
20869
20894
20977
20985
21010
21084
21122
21158
21184
21265
21278
21296
21313
21336
21338
21396
21404
21412
21436
21462
21474
21519
21536
21543
21585
21596
21680
21728
21767
21774
21784
21849
21881
21909
21918
21920
21929
21972
21986
21999
22037
22145
22150
22162
22248
22257
22297
22309
22311
22316
22342
22386
22423
22447
22464
22512
22528
22537
22544
22576
22613
22647
22679
22680
22722
22735
22821
22823
22844
22864
22874
22885
22886
22908
22912
22985
22987
23009
23049
23053
23118
23135
23155
23253
23294
23310
23476
23578
23579
23647
23697
23755
23819
23842
23878
23886
23988
24032
24037
24050
24065
24093
24163
24202
24230
24253
24441
24472
24509
24546
24571
24582
24634
24678
24775
24785
24864
24878
24897
24909
24993
25032
25075
25094
25107
25116
25169
25193
25218
25345
25352
25416
25456
25478
25531
25548
25626
25685
25787
25803
25828
25847
25868
25894
26032
26035
26036
26148
26229
26237
26305
26325
26332
26336
26398
26478
26487
26513
26526
26543
26576
26597
26624
26647
26655
26691
26699
26713
26738
26759
26860
26874
26878
26880
26957
27053
27062
27079
27108
27112
27120
27180
27234
27252
27256
27271
27317
27369
27399
27422
27424
27438
27447
27466
27494
27529
27536
27553
27564
27582
27656
27658
27692
27784
27787
27791
27802
27810
27822
27823
27856
27912
27922
27931
27971
28004
28039
28067
28105
28146
28161
28183
28211
28217
28260
28265
28445
28455
28467
28484
28570
28621
28622
28642
28643
28670
28716
28751
28767
28796
28827
28892
28946
29019
29025
29105
29112
29117
29248
29250
29319
29342
29400
29465
29531
29536
29540
29573
29573
29577
29577
29601
29607
29654
29758
29815
29850
29856
29878
29896
29913
30027
30109
30133
30157
30188
30200
30331
30357
30365
30384
30400
30421
30435
30440
30446
30494
30514
30524
30529
30561
30569
30570
30585
30626
30635
30676
30679
30747
30749
30753
30771
30787
30795
30818
30855
30883
30892
30896
30900
30932
30995
30995
31031
31107
31139
31161
31173
31180
31182
31210
31332
31368
31472
31486
31490
31500
31527
31549
31557
31721
31735
31743
31751
31768
31793
31810
31835
31942
31947
32073
32121
32122
32132
32160
32185
32188
32204
32265
32269
32288
32290
32350
32374
32395
32400
32406
32413
32449
32456
32485
32583
32584
32605
32648
32656
32667
