100
147
32760
22301
1953
29294
8809
20743
6765
19366
10282
14531
28790
14613
19327
23834
25775
5106
661
5652
32592
21155
32008
23659
32635
31698
6824
30015
10271
20419
16253
1547
21533
7141
10505
9432
5545
27815
10444
14513
25843
4492
26638
15958
8711
10114
6360
17717
28146
7536
14404
14485
7975
26382
17910
18709
21793
20985
5355
2645
28489
12551
6514
6387
27417
20951
22647
23737
28034
28845
23559
15124
31627
7805
20753
19912
9788
19782
12906
29155
11706
30370
9492
17135
24499
4250
27072
22124
13564
17598
1937
19326
29305
7542
5155
738
20798
7571
15564
4902
29171
