100
147
661
738
1547
1937
1953
2645
4250
4492
4902
5106
5155
5355
5545
5652
6360
6387
6514
6765
6824
7141
7536
7542
7571
7805
7975
8711
8809
9432
9492
9788
10114
10271
10282
10444
10505
11706
12551
12906
13564
14404
14485
14513
14531
14613
15124
15564
15958
16253
17135
17598
17717
17910
18709
19326
19327
19366
19782
19912
20419
20743
20753
20798
20951
20985
21155
21533
21793
22124
22301
22647
23559
23659
23737
23834
24499
25775
25843
26382
26638
27072
27417
27815
28034
28146
28489
28790
28845
29155
29171
29294
29305
30015
30370
31627
31698
32008
32592
32635
32760
