10000
698
16209
25320
13562
28015
18564
14488
30800
3455
1118
8744
4230
16747
303
14138
12039
19459
12628
12354
15303
380
13312
7226
1063
19138
6973
7832
20761
29455
21293
18813
10372
29629
3734
26671
15850
12889
23709
19913
22088
25848
19410
31793
9021
4302
15981
14155
22895
22268
21463
22636
1579
938
2925
30226
26699
4950
1152
13266
20573
8811
32672
20113
19457
31510
1306
14583
8339
13653
21695
23585
22794
7505
743
20630
27424
21485
26294
9085
14260
23967
15774
31757
27244
4991
10277
13636
31902
10909
25577
16348
24433
17816
26337
24699
4415
17516
16357
7722
8766
18060
24689
29960
27744
4913
13222
8511
631
23537
9873
5688
6813
3475
1456
30219
30675
8994
21426
7482
5864
12096
32127
5790
8861
4029
3960
2977
29446
32616
20480
1198
7219
31269
25403
3558
20496
10048
23573
5141
6026
15873
24199
3556
9971
6273
14102
17744
20904
26811
2972
21850
24817
17382
2378
12288
21032
30723
13294
16493
16414
24498
14962
32109
31674
10313
29861
35
6115
15911
28223
29438
27808
21318
8991
27881
21886
13328
20694
3266
12083
24180
361
26894
22656
3896
13139
10219
14940
14737
17098
21317
6990
7409
30787
15693
16923
27936
24632
2343
11169
16526
20521
11235
22531
14568
15585
31151
29446
6633
17914
4939
23483
17011
6819
18365
20319
15326
7073
15941
15231
21392
24212
31891
31583
29389
30332
7480
1181
10449
9595
19035
18194
6940
23517
20653
17401
20494
10325
24223
8275
1971
32137
17362
13962
5856
28881
17614
27476
30847
22076
22264
18906
2343
24021
22718
11034
8432
5668
6677
27785
32645
30711
18725
31229
15994
24418
5954
11979
15840
5636
10783
21036
16151
21132
11582
13030
8676
20860
6059
9768
30659
27437
31210
28085
24959
19219
26670
18756
27391
11331
21708
14119
22883
16178
28398
10284
8016
7360
22924
10945
27527
27253
20120
20827
1469
5130
633
22552
28071
15915
23483
19875
28756
22139
21253
17240
10175
25817
3915
18600
6309
482
4676
13759
25236
5814
2335
2405
13893
18943
5490
24098
1579
15920
8819
15014
9548
1291
6762
16743
18512
27750
4198
908
7383
2094
12847
31498
27408
7596
5757
28685
30088
21511
15207
19865
2879
19979
18718
10609
1
4392
27867
824
32499
23998
24598
32470
27501
23704
28665
7709
17415
17846
6420
15789
15351
25679
2898
22804
32410
7190
10796
23098
20816
21437
23836
30717
1933
26807
17493
26648
32045
4163
9649
26697
2824
18854
9707
25267
10695
17847
8718
12673
14070
26529
15661
17868
4186
17125
30293
13758
31108
15006
23232
30200
32678
9737
10315
16946
20390
7748
29738
31009
12913
22870
10715
28574
9106
13936
30296
32516
13827
24435
29585
21210
15170
9137
10265
14770
24744
28664
12064
32080
14071
1997
7329
1551
22578
25589
29148
19841
8113
23098
13831
25686
10356
29291
1857
3967
1464
3237
14279
16531
27080
15569
19306
28017
12054
32622
26945
2855
30602
11153
5531
12306
22042
17961
18487
8519
13979
6792
12984
20274
30678
15391
19283
1405
27615
21897
28619
21043
12962
26828
13471
26662
8895
25819
13442
142
13464
13407
29707
32754
9127
10678
11694
25164
14870
27708
6635
12904
31369
19146
1989
4237
7231
6013
22902
3167
3417
28857
14689
22020
28537
7021
6984
2694
17039
21144
23999
8056
12784
12300
8160
12765
14249
4722
8001
15429
2578
9358
12835
30777
1958
27076
12780
28377
5393
29659
27096
31940
8587
9730
24043
19768
17765
10512
32298
4219
12001
29968
6666
29049
20807
5117
10281
3758
2613
458
13884
31302
12599
19877
5448
1411
17815
24701
5654
23392
11895
3266
27105
11892
16668
19308
31569
32280
397
19006
21421
14028
20829
12108
24652
12759
197
13755
11340
22574
30198
1992
25223
27799
24236
31243
11203
16654
8199
3069
15657
23400
30871
20921
11001
19766
2229
11007
21371
17132
13594
27518
30265
3651
6058
22611
19307
12251
29329
7885
12211
9253
22929
10355
14346
30592
1434
28744
16890
26018
1692
15693
21519
2106
18329
26184
25224
22739
6398
708
19537
2556
13619
11609
9270
31654
29553
15149
6737
20173
7380
3259
6596
23643
6065
23507
28334
4937
23849
10978
2135
519
27902
14708
11182
3870
13222
8695
10742
9492
5790
1218
28604
21903
6913
25686
12
14270
23129
5859
12260
1525
14773
28942
13801
16023
5884
3569
25177
19513
24704
22627
4929
30980
19158
14714
14576
12635
6374
4175
32427
22974
10814
22273
27554
15343
17324
6397
4131
20307
17931
7804
4878
24730
18269
29005
13193
23715
16922
7892
4852
17049
20168
23379
23328
355
7116
27240
5307
17467
6016
28887
16911
29340
133
5002
4589
26466
20571
2006
16099
9005
13358
30976
28341
32262
2035
26368
9739
7237
1972
25220
9320
10929
11048
19000
15451
9706
24455
27973
31737
12548
5020
14103
14730
16245
18972
18532
22659
5681
9782
8554
23221
26643
9835
16760
4547
4479
416
24495
1241
14150
23154
8458
24219
19657
15561
28572
30556
17762
6576
22297
20369
29951
13668
2712
3717
25616
15274
30615
22862
6820
28262
2624
5631
9934
8810
1771
28447
25166
32396
7395
11098
15213
12539
5741
11639
1321
3795
18950
12426
4754
20974
12525
5227
8564
26878
18145
20070
22582
3544
5932
21044
23298
5651
6880
1834
15399
12754
19553
7601
19387
3294
5155
22774
2692
1528
29365
8419
17433
28781
3071
28749
5188
5098
30664
29551
23467
24210
31611
27287
26543
32078
4394
9503
20885
20068
24531
10399
22755
25164
2274
22625
15629
32447
28408
12565
23121
22544
23019
27846
3552
29887
7182
8973
9534
28492
7346
14725
23787
2633
27628
14462
12867
19123
17305
22518
3235
3202
6560
22725
461
17791
10103
32279
14734
27222
2793
15135
13470
10732
25622
26890
31431
29426
5307
6450
29769
30651
1203
22421
29310
9290
4030
29061
11194
15024
130
5281
11893
2453
15567
23043
4012
28948
1831
4539
22660
10700
31102
25212
30513
563
7486
4502
14102
1582
17550
1828
1069
17631
2260
25223
32170
10430
4728
13075
7131
5612
3564
10503
27987
17092
29161
21187
12103
32434
31483
14901
17720
23368
63
30357
21458
27534
1387
1618
789
3482
11792
1356
11186
29281
30236
4931
29624
22477
21411
32399
7791
10512
9695
1810
4996
31031
5493
19820
24935
3074
18937
17005
16114
24819
6325
10960
20555
29861
4262
2854
13067
11359
1992
4112
5536
8169
3476
18097
24048
13726
26310
14691
9022
17603
30307
17577
32594
12823
14331
14438
31444
15019
12075
6476
6394
24820
28775
5782
18019
12319
9974
2042
12098
18852
15422
2009
16574
28958
1090
32186
22937
2650
4969
11510
28176
15790
8577
7092
8963
13964
7683
26136
9302
12374
22937
20920
14999
17780
26845
13648
25569
13477
9316
2230
29696
4242
27131
12560
32725
3497
816
23876
6140
25128
21781
1712
5805
27768
15680
27164
1248
5053
16406
3308
23221
5803
27722
8858
7954
15515
6048
26212
10894
7390
22775
15682
4494
28753
25478
13339
31149
8497
10086
11832
24162
3377
23376
22521
2269
11722
21417
12743
16177
6867
19131
18249
28344
6993
32326
26331
21939
14480
17975
27964
28722
1907
2231
31110
11316
7176
12135
7524
10510
23391
490
23935
1553
8093
2469
5689
1127
25164
25282
6302
62
24821
7803
5015
1321
28657
6805
7521
450
28540
29226
28990
24213
5899
27564
13675
31801
2784
2087
23889
23744
28635
6086
31743
31826
29075
30617
6872
7444
28325
23701
26761
2638
16204
20445
21567
5838
18994
16448
26902
23175
23430
19714
32212
29566
29263
11743
3287
19943
30720
23629
18508
14218
5708
25090
16034
17004
7995
28854
9022
15020
15230
10026
3953
13227
21248
10089
20391
28783
25533
25165
4321
11082
15063
15430
613
182
17382
28503
16307
388
25232
20065
5820
12342
2651
19876
32335
28073
2238
29827
20692
6391
13694
7303
7996
26267
32056
8615
12344
13014
31289
26567
32681
21330
3990
22910
21080
11270
14970
17436
12776
2905
3514
13548
25865
4490
2991
15286
14318
10063
21060
13960
10496
18364
19790
2742
19924
8551
25372
28448
1114
21194
20303
11187
17496
17896
8172
29235
9495
28468
2224
13367
27485
29614
164
6773
13210
31311
24049
319
3174
11431
25588
7758
5419
10949
30613
13247
29983
30295
28117
29787
15990
6418
10407
32027
4565
2644
30209
2027
5641
6152
25906
15279
6137
22219
1654
15748
26329
23884
18632
26440
16545
20217
27127
18268
25278
31192
11516
19880
4871
2994
19083
18912
13554
8823
20456
7942
16136
15326
24572
20529
9366
18508
2728
19084
1958
25847
11865
4257
18221
331
6109
10968
15750
29581
21621
314
17183
16574
27179
635
18803
7106
27237
15416
8760
24513
4795
18557
18137
2510
28678
13450
13350
30150
14265
17623
11851
25211
19317
14933
254
274
6871
31991
4093
5034
22421
20337
19384
24383
12233
28736
24138
29901
652
19434
9390
5560
17095
9351
18480
14187
31814
21120
3105
27199
12046
663
9167
10143
29937
5415
9397
19307
9567
685
26862
15513
27519
27016
30192
2338
638
10493
15222
31004
3112
11646
16062
23843
13749
21036
1525
7166
7909
31642
22512
17280
14159
20436
9244
8363
1525
12192
9912
8988
3869
21763
7489
4003
19548
15111
7982
17969
27380
12988
28382
7927
17504
18813
22223
8908
17708
25716
26384
8911
13834
13665
9977
29518
6947
27798
3865
19943
7595
19526
24432
7917
13240
256
9694
16910
31316
25463
2268
29234
30160
1924
10858
28837
11356
15470
14152
10105
20181
25192
30313
19238
25566
14683
27813
16244
10546
3302
26798
17307
7993
24996
2885
10664
29401
1965
8110
7458
14734
13919
22625
15598
13245
5470
17410
3184
2373
22233
3731
32755
13400
18191
25321
10315
3721
29970
92
16824
13349
22731
22723
10766
12743
6719
19104
531
12327
24080
19351
32297
4659
15175
5925
10797
14689
15952
13710
9374
25667
7494
28439
5378
23388
370
32630
24965
24626
2574
7559
26596
4772
27726
11072
15753
16510
21665
8679
15096
21323
27956
3714
22121
20586
11703
12944
4534
8036
22629
7414
32632
2685
18494
20284
9069
11657
29847
17145
12830
18177
19925
25484
29630
8022
22390
20493
20052
31365
9041
31108
15133
18412
4638
29016
11051
1116
32056
31754
8019
623
11682
15394
30534
3356
17480
2410
15358
6280
30600
18523
26972
29983
18929
21973
31503
14564
7755
23315
16567
21253
19671
7645
15690
32179
7640
8447
5559
560
19793
10491
21194
810
31761
30971
31312
16711
12781
23561
17275
3585
21837
20098
27272
24756
15338
23496
26526
16885
14549
1080
3322
294
19388
16220
20553
26695
21865
28257
17237
25103
30091
21195
32740
17980
30137
23911
2781
16423
26036
27009
29357
923
19692
14424
11497
17383
5446
16591
30517
8498
4893
10085
16228
15
20103
29287
22241
32594
29145
20069
30029
33
365
30434
20073
29774
16546
5967
16183
26340
26661
14395
22108
29439
4463
3268
15305
7393
31631
13393
15258
16707
3370
17539
30782
3817
14272
12136
2009
15993
8240
23026
230
31885
12415
30376
14881
14855
30421
30876
16804
22181
30152
12957
20304
22997
18909
30381
13934
11722
18508
18870
6806
4303
31492
32632
27600
12507
7663
21190
28154
9574
375
19954
20330
15228
30281
6022
4820
18448
9817
30516
20589
29842
32550
10000
4688
14788
4415
17661
20513
31945
2310
30821
19953
638
9396
8238
25186
11534
19357
7401
26636
14273
10934
2892
24095
25877
31316
738
31817
21264
20790
11521
15834
27092
10438
18429
10278
6260
30364
27291
20522
21510
32580
7112
25459
3322
17985
4747
14396
3754
16209
12857
10455
32049
9459
5864
15950
25985
6183
17957
28233
5040
28021
22506
28722
9107
19248
11210
28056
32654
31996
32367
4561
16810
8334
29510
15588
10984
4019
26233
23974
9430
11156
6942
14114
351
27960
6574
5438
27879
24394
21176
13468
18072
25885
22998
25023
21238
29421
19681
4975
31930
7016
15201
1118
6109
5740
8775
4107
23283
9491
20447
22247
698
30445
17408
28087
21491
29836
24710
7225
28528
4934
32257
28426
11375
5686
14511
8391
27942
24708
2472
7794
8607
15590
89
11032
27846
15975
12339
26289
8129
7784
9892
15432
32639
15332
32071
31580
2196
8184
23640
8325
9540
11170
362
4443
2525
21193
7772
20371
11083
2173
9353
26475
998
16513
20543
7497
6798
10758
2163
7838
32762
1978
26290
14865
13901
18689
31579
25306
14058
18562
8716
875
2698
21478
31322
25430
10124
24796
22725
9323
2700
4961
17386
6944
15670
31038
20987
1591
16220
7890
31341
27034
1607
24849
12272
4234
1611
8397
22180
31480
31390
15157
27274
14899
24427
27547
27193
196
21025
31354
22994
27030
19473
23991
29237
14939
27448
11815
20597
9514
15705
5714
14730
19821
16720
7798
17990
5114
4770
31183
2955
28288
29528
14614
4794
20005
10254
1608
13934
22893
23111
19880
14187
32094
29955
30727
7633
6626
12180
6723
14998
19820
15021
15886
23858
9182
17340
10224
4508
11435
17017
16015
31350
15416
17599
30511
7044
23689
11420
27509
10339
12569
5284
31856
11128
21001
20106
9946
6438
25213
12273
27802
9028
26180
8575
30606
24782
6839
9267
22920
7642
22243
16633
3478
26574
14058
5756
7815
10705
5798
31036
5802
28031
8080
23008
7385
5089
28128
26061
25270
6812
4342
5623
18485
16744
27385
8183
22619
9156
13246
32095
837
6889
8939
32074
14699
31740
1372
5175
19494
1671
16837
24087
14192
5930
4249
1700
14571
29326
27435
3061
22566
15515
30228
3919
17435
28651
27348
10303
10748
27006
17596
28133
26927
23727
13579
10899
18583
17254
8791
28055
4373
7824
14126
28500
12622
6860
17406
31640
20143
28007
30770
22057
26543
32139
13982
19873
27476
11699
2333
28796
27129
22882
30584
6256
17230
23317
17802
16381
30112
11894
23714
22084
29275
722
25641
1308
7117
20941
19845
7523
20524
20053
22332
7570
9691
16340
19293
1684
15593
7594
32028
29401
18907
32474
18876
9126
15787
12803
8370
30895
12048
4499
22279
1511
26880
26679
18942
15255
17011
31126
5367
21677
9067
830
24211
32599
23345
18910
281
29649
11233
1719
4632
28028
12072
18765
3406
14895
30797
8546
9929
21457
5998
9508
2124
14376
25101
10150
32244
29420
9419
13197
22043
3616
8818
7692
30845
23714
1081
17938
30873
21248
8004
21441
10075
25229
13163
3107
26615
2740
1852
3352
19480
5261
1347
1427
15162
11438
16009
15878
10580
20292
30298
1307
8379
14946
6987
21669
9027
23192
20860
17110
9895
26056
29211
5042
12331
6197
9257
32451
21375
18397
29313
32015
6375
16905
790
13127
3737
10018
21372
19521
2406
14534
7850
22440
22685
19995
20478
243
28973
25187
10113
12947
21513
29137
29549
31089
13265
6299
748
15511
7598
10321
13859
7469
10622
10093
20335
4776
30001
28459
27118
5950
28530
23451
14658
30877
13706
16884
30353
8412
2178
8491
7888
27570
7560
16580
26178
23526
19861
12777
1339
17670
26700
26297
16938
15708
11812
21474
23766
27678
13769
20594
16104
2021
16576
10218
5546
6496
17226
4756
14606
22090
9100
2071
1010
10393
29676
8265
418
13817
11454
30276
5279
31608
10528
16828
31391
20867
27426
6800
20948
27665
27435
6814
881
11038
30360
20956
14187
20315
24997
16549
13692
26404
4241
19536
22382
1970
7165
25095
28822
9874
5270
15318
20127
10069
10739
31747
14217
29066
14528
4766
2288
8937
1053
8536
23698
12753
7745
20889
22028
5109
17507
20684
32228
15698
12762
26366
19916
2916
11907
23463
21029
28825
23651
7367
1219
29702
2189
23605
17648
22872
838
5940
4275
1294
17256
15432
25426
28902
22788
25416
23829
17557
29515
19379
6221
26299
32175
5447
20373
6678
6213
26320
14680
31478
28526
30527
15507
28913
14006
11515
25308
26839
19196
18300
11172
27369
16340
18197
9401
24901
23593
1809
27662
8869
18983
15874
32447
5449
32343
22614
31056
32306
6668
24875
11574
20625
19711
28005
12184
4479
31286
15613
17750
9198
9258
1691
20555
4320
25640
8552
8655
8151
28920
285
22144
21388
30909
14433
8003
7907
21020
30033
7045
26143
18592
11360
10439
8274
2141
25953
19289
11544
27860
24290
5221
12933
14103
31676
10544
5980
28462
12008
20381
28034
29880
22932
9203
24754
725
20342
23519
32113
11076
30049
15037
25669
3273
11798
6931
15650
18642
2396
12638
32549
31833
26963
27666
24709
16396
4613
5340
710
29612
22334
5930
12079
22707
23710
4077
14207
16441
7148
2717
20188
20504
9645
3966
28428
9039
20469
26403
7655
18852
18302
14128
9996
27278
14071
23652
7636
3921
30878
9686
15236
22635
1553
21886
28103
8751
6753
2552
10587
23728
14953
30085
21770
6880
5982
1619
24796
7417
32679
25598
23947
23068
20974
26198
10295
19768
9847
26979
32347
2350
8880
8870
3584
22579
11018
23458
22064
27253
26376
13723
27566
22529
19349
23198
30180
31204
8091
16321
30749
24208
11985
23724
15092
23938
7893
31832
27148
3618
6778
2839
14850
9707
18275
1493
10912
459
14801
28317
14676
24269
23225
27231
6112
1525
29722
27632
15186
28523
22413
4178
22327
8413
21278
4150
6412
19230
26714
27327
14325
27411
31145
11657
11442
29135
25054
32234
9678
14333
10765
18295
3097
16510
20892
13258
11097
3668
23709
20355
21309
4543
7259
141
1170
28837
26163
12707
32441
11831
11430
22290
16729
30162
11948
12480
22097
3363
12618
28013
30705
12687
30566
4921
26473
25810
27611
20838
1921
27878
12745
8032
3979
2854
3886
19706
27286
11955
26043
26619
5861
9751
11744
6873
6560
5160
10282
26820
23240
11311
14542
27366
32112
31050
8582
29418
2091
13583
3483
14011
29121
29042
9283
27022
26150
6633
5422
26146
22444
4046
21340
20038
12407
26116
29233
17309
14385
32733
22731
7582
512
5947
16275
16606
30389
28150
11282
31634
20295
11902
24327
2895
4991
16322
26806
12309
28916
4176
22402
28812
32314
7357
13502
29581
15959
13639
17345
4836
30838
18105
14136
2901
14304
10895
20673
28125
2087
16987
7861
13881
16804
25191
19524
10925
31268
20380
14280
26878
28127
21666
17235
17600
29866
12873
5002
23256
22381
28456
12471
32313
6614
19076
15897
25073
3151
22131
15231
9321
14894
32064
1301
8168
2092
30226
1405
9306
5913
27849
20001
32336
16078
24873
2504
28487
13666
314
32104
31533
13985
750
2875
12065
16313
16645
27669
17787
13111
7982
4853
19212
31026
31087
28378
10663
28614
8902
32472
15327
16325
14097
27754
19987
27048
17451
8202
12456
7884
3672
1023
16278
15067
29667
26999
806
29063
13317
17365
19962
1151
7433
11852
31821
5531
26030
28589
14460
26970
13773
28797
26821
11663
8763
22347
10831
6231
8177
16192
32107
29518
12906
15608
1818
26371
22861
9616
3023
6825
332
19457
1910
31759
31820
10412
1716
17362
17606
7990
9585
2513
4205
22165
22164
32225
30225
22379
22797
6338
10947
25747
32281
22866
6714
16890
9409
25089
24181
23985
3748
2693
23202
3904
29175
14799
32063
24892
27850
7229
28031
6428
15757
2577
10223
29000
25810
12834
20057
14707
5205
23761
12008
20779
3897
23359
18062
12462
24468
30397
17059
29696
1326
29828
17871
7226
390
423
29737
31525
25878
6981
2720
32007
16856
18179
1435
17597
9993
12217
6876
19978
2605
31340
2730
2607
16723
26493
3119
10940
29338
5151
22815
3749
7412
28686
7322
1432
7722
15231
18772
23950
23073
8530
6899
28321
26459
16783
18104
6429
25792
16400
8034
27097
23711
11131
12367
22728
22768
20596
5093
21963
3292
19728
2352
6089
14207
30860
3276
25090
9196
29503
30982
13216
27249
29389
28990
5519
22301
7838
7312
31375
6528
4238
29619
25992
8626
19942
9760
18973
20119
19596
23159
23427
20832
22646
19999
15764
27221
28004
6189
19487
25298
22735
5000
27779
26768
14364
13386
7548
11814
10006
19561
14652
29904
12955
918
7614
25454
25493
1637
12119
20176
30253
12463
27022
22320
4411
14133
29229
32512
4608
5253
25240
7911
16407
15650
15198
23302
32169
24287
13838
32127
18401
12172
26956
23096
7071
3796
29475
8156
4721
32614
7581
14883
19391
15187
12689
10580
30277
26551
27581
29448
3526
11164
18452
4144
8447
11803
5977
31833
13275
16324
4845
18991
4581
13121
25318
24896
9474
10549
19040
18691
9312
21354
28184
9497
12202
29484
26935
18130
10878
5872
9323
30707
27680
23354
9020
25271
6000
12989
15262
15123
12057
31171
27586
3390
14860
22735
16946
21873
3117
14977
3101
17644
1867
22715
15855
22585
26710
9474
18981
8884
29900
4135
23136
29515
7285
29990
7864
13955
25424
11086
10066
14779
10189
930
31797
13237
6460
13696
26457
13906
29318
32384
9473
28061
19739
31135
28235
20491
8235
29085
4614
9218
16409
12963
4035
32407
29229
7977
26927
8092
26761
3095
7584
20186
14942
10282
1005
7835
11359
29338
30339
14188
23926
1274
1461
4384
11190
13407
9300
15640
26002
19908
640
9666
6988
29101
2749
26464
9392
21259
13642
9739
12033
23904
9646
1271
26420
1571
18067
8952
5212
19814
22487
16453
13926
12726
8929
29053
32006
6979
18737
999
10993
577
24891
30462
14669
21645
21878
12077
20325
24212
14768
17879
25250
15217
2724
6810
4791
4181
3022
2517
5659
5932
14206
27751
19132
15485
29996
17594
16114
21650
2571
15617
18097
11226
30688
23229
28932
30347
15893
2950
29110
25483
12553
28424
21330
22161
23467
588
1359
3464
8007
4153
6788
13620
1440
2906
19426
12567
31038
13537
4961
6806
22537
13548
29499
15192
5143
2056
15705
1775
22211
26099
28426
22458
23039
1447
29947
29449
27627
25235
27492
6275
20646
26412
11903
8389
30307
8356
20286
28492
12224
24569
16445
15253
26708
27698
20214
30082
1927
10726
15668
18688
30119
23549
3786
1255
30520
25018
24452
26914
21131
5626
21854
8207
29586
13238
756
26408
498
25551
20026
10980
7514
22539
12141
6616
13331
5978
23625
29474
10201
24415
13181
5127
13546
16171
31836
2267
20316
20300
20181
9505
27315
11014
14245
26356
24499
3808
27851
10662
25715
16483
9788
27558
19123
8990
28377
11175
30831
7917
414
8446
20149
15227
1820
21324
29363
5382
18217
21854
11540
3682
8918
10065
21389
25665
27297
1018
28850
1457
25836
7557
7695
21990
6318
3419
17524
15162
12393
31562
13968
8050
2396
16352
22977
17731
17145
1559
20779
5909
25241
12344
24328
21254
24431
1017
28734
14386
10938
25064
1591
6450
2111
3085
29421
30690
19191
16331
6980
3687
18949
9992
13213
26993
8682
25742
10920
30654
5628
16304
13945
13024
9749
13104
14303
17727
11400
25440
26609
20833
6233
16264
1001
15977
6061
21128
27446
11742
18047
1726
25548
32430
13717
24874
30911
371
23986
30672
10000
16884
21262
10078
19655
2543
19715
19471
3649
278
22025
463
9676
3671
14308
12192
20849
24160
30748
25148
21265
13155
30894
14844
14004
25110
4353
28664
21277
8191
13083
13936
14498
1774
28949
30827
570
29131
30412
15517
15576
5777
19418
12174
22775
411
29125
6393
23158
22047
12917
16498
15015
30712
13036
1356
12451
680
7729
11706
21472
12701
31885
12596
19717
7603
2810
541
2300
29691
9945
6818
8777
2491
8675
20709
29851
29109
4706
13915
3745
30380
29601
1650
30239
7973
10913
26744
29249
7787
17165
2232
20527
22229
30832
19686
21985
20811
24486
10173
22325
19975
17553
20454
8511
21145
4109
24092
12256
22830
18981
5774
24986
1297
3207
24964
7586
114
31029
14150
8247
26471
2430
826
24883
25648
18733
16972
18656
24767
20992
24722
9996
29048
7003
6704
8288
23861
29246
25466
1517
26253
11637
7257
19208
14934
29198
4848
3416
10088
7184
6527
25389
932
8042
13191
25619
25141
29994
7727
8104
32534
26863
14310
30378
980
23201
2890
2644
2454
18527
328
13803
31834
13497
32389
18068
17281
15648
28669
25960
21390
29850
2795
26570
3371
22203
17384
31224
3437
26320
16726
22497
21336
20317
19711
2103
24230
5578
2298
19908
11204
13913
27599
17153
12574
15451
18394
21477
16796
10916
25077
2555
30828
18492
23377
24247
4611
9559
29349
2058
22110
27783
24715
29492
30862
21553
21286
25050
3955
17470
19721
23896
3016
1042
27476
29784
20319
1218
22304
30372
18862
7041
26142
9016
15755
16476
11898
31900
5172
9512
4614
14192
24978
14520
1172
30536
32191
27219
4515
19899
22469
16740
25919
12215
26025
7540
23586
21783
21928
12886
24351
13944
25792
5281
3521
7496
32370
27236
31791
31263
2503
5140
2130
30035
1937
25033
2618
28103
26099
10410
25534
23043
11555
19622
13155
16266
26991
4710
11904
13415
30334
19839
26271
7946
4057
16107
32293
10322
19113
14266
4150
5099
23747
21509
20435
29402
21729
25124
8773
25686
10290
18976
14527
22746
14614
2411
27967
2936
15138
5839
26293
9584
6251
17061
18535
16385
15361
26439
28820
14463
26041
32200
2647
2726
27440
27362
30415
9518
2572
6191
20861
27807
12165
11676
5101
24679
22821
32540
7321
5674
29387
665
7434
32601
22006
25136
13120
11526
20032
32413
12884
1527
18217
30196
24156
8953
1814
659
8079
17782
7066
18004
28842
7242
23283
22023
3218
19155
7896
6431
7994
26183
7282
20907
32199
23883
32168
24712
10738
32193
8095
6613
9390
3297
6785
15784
21515
9611
30334
26879
91
20699
12817
4858
11411
3327
32133
27207
19956
13893
20407
9949
9962
1656
14365
9197
18740
7789
4615
22037
837
19929
32037
29144
15594
3429
16202
22091
1838
24325
29551
4112
25467
2181
10747
2184
1537
23653
24130
13637
5979
1254
25931
23486
14704
1381
14806
15687
21400
26088
18845
16192
27137
15607
10203
25484
1104
2989
18699
9541
26507
8206
11250
3501
10038
29083
5087
5480
20924
11300
14386
9705
15377
23774
3355
20267
12438
30133
2468
1441
1341
6883
3826
31855
23789
28354
21703
28634
6184
20446
32588
29693
14571
15695
16910
7102
15829
21830
13382
3073
14476
8677
14941
20252
9053
10324
10415
31882
14882
28177
912
2275
23145
26759
140
21003
11986
2787
11507
15274
10681
26147
23958
28637
4885
3951
19403
6188
11680
16557
951
8891
14137
26448
1996
26564
18566
5488
19856
17220
22493
2336
30624
30453
25445
15868
28917
26749
1656
15617
19815
4069
32332
7842
4975
10828
25043
29463
21297
1245
4319
1273
11962
29694
7818
10764
14214
19146
15061
5724
17733
26306
24463
25995
10718
9151
17529
20073
26293
19500
24231
13509
18218
22897
28457
3459
1122
6322
25835
18671
22089
1978
5594
14161
5591
32306
4936
7106
21651
30487
7570
24893
3414
3691
31488
9721
21074
1834
13804
4342
7250
28031
1575
9686
8003
10552
27032
2799
18420
5240
12326
30110
18202
27307
32473
12510
19863
9151
3643
29209
24060
3986
10245
28734
22348
17830
10231
28947
7427
15644
1032
16589
86
8416
8127
18398
20157
13345
28385
13070
10671
23300
11084
25037
2988
7065
8739
3783
7809
11022
23595
26298
18120
23330
9589
388
2222
31709
14398
29057
10745
1406
3859
23827
13641
7862
8761
22146
17053
21267
5195
26119
10522
3519
4645
31267
32264
11370
27137
12853
1310
16005
7648
14156
30207
17585
29996
5946
15108
1143
20891
21994
3388
17465
19286
10483
4529
872
22619
4460
23533
760
799
18435
31165
12817
29816
12105
27701
21256
21691
16464
12788
27789
18465
9592
18090
23334
2672
30598
15319
5852
28119
20726
20181
307
16665
11155
8216
20320
24814
15428
28597
25783
30886
16681
801
12643
13839
30182
6203
26969
29849
8767
2445
10127
9144
30438
1999
20840
27786
11408
3245
20083
23226
6478
27339
26710
3236
12315
7941
26373
11961
7857
18171
15672
17957
32162
24781
22811
3760
18083
14371
27975
28642
1323
9329
17905
19819
30013
31865
32353
14018
1153
25361
10918
14859
27034
20774
18825
24126
17844
257
4799
2182
1116
7881
30051
20711
28053
25161
23203
2596
7720
30196
185
224
23099
20262
541
13827
28197
23469
23800
6239
4481
10376
3804
404
129
26094
6323
31280
16262
27795
32502
2331
15597
10278
6688
4659
17707
2846
19297
2099
32028
28598
27030
30169
22168
2614
31353
8776
13128
20597
3093
21675
10679
31388
17022
31515
8364
300
28094
14531
13496
15427
15378
8001
7179
2075
23639
5968
31883
4819
9407
15524
26664
14194
4552
12566
29545
2601
12655
11009
6731
31192
20128
17132
26444
10964
28914
17513
4291
28392
1169
1596
114
32409
15995
3520
31070
22446
4336
391
20447
25840
17443
12097
26611
21295
1846
10463
28119
14213
3429
15608
31961
27359
2946
20075
10344
16056
10657
20294
7021
28456
15636
25318
16862
30238
24218
27488
12431
9193
12499
1568
16204
8446
27383
15312
2342
15605
31688
26492
18186
11988
22725
6387
14488
10896
19873
30320
3889
28625
24563
24953
3922
13814
6959
25352
23585
6489
22741
8937
8518
28116
22760
28259
3836
6788
16034
4634
23656
25292
17766
2868
17449
16541
16886
21435
12080
13301
17382
20034
466
11174
27473
5324
16155
27481
18122
12009
30310
4818
19861
29474
12074
10870
18968
6039
18199
22794
18572
13799
30306
9917
24056
18000
28253
29033
23392
22040
17994
30230
16697
32043
10865
5056
1825
22277
368
11098
3021
722
31699
16658
16707
28372
16868
17111
26953
29446
13252
6168
30237
32511
28603
24271
25446
24344
4813
31167
7019
23761
26510
21497
15491
15985
30519
32165
21196
27117
12536
1535
23072
12043
7056
13984
7237
31943
17692
5119
16228
1526
25900
18231
6333
6441
25884
21771
6040
12244
17058
17959
23679
30896
163
9384
20650
24925
6731
29407
20923
25420
11356
32594
17836
6108
18630
14852
11013
22467
10361
28407
31058
27056
12151
2542
26068
1071
30509
18295
24695
9932
21251
30505
23812
3707
818
13099
15512
18743
2517
12534
27477
11498
22084
3931
1623
13709
15005
17863
7657
3728
24483
6342
26617
19324
10956
14278
30410
5079
19093
26654
18409
17992
23833
24910
16226
22267
25826
16008
25395
27975
32767
10608
27393
1166
5462
8737
30730
5221
27708
2160
2395
1013
25155
19060
67
27809
13139
23622
18695
28650
2045
23813
31703
9359
15883
3357
2561
24312
8028
31177
19301
22740
31471
471
41
31746
21565
6060
6830
21677
7372
25735
26050
28348
11265
12554
23319
8809
26934
14070
15859
5167
23564
16438
20010
27626
5890
14111
10058
1850
12359
3062
8213
11048
15565
5042
15924
30988
415
17412
4649
10926
20340
28821
3974
22955
15492
28047
13660
22042
12442
15198
6903
20592
30571
8120
13512
23201
19750
20442
26019
1160
6476
4117
12331
6025
19394
27786
7306
13685
4133
28466
9829
24237
19293
30497
18190
9099
6005
5387
28668
1277
12713
4359
2425
18547
3777
32147
18843
17148
2462
31704
30581
24491
24595
5424
28302
25920
29174
19942
30355
16132
30326
21821
17224
19701
7086
30387
12484
32547
17531
12422
4062
16474
22667
4984
5859
29697
23223
20431
19082
2882
14739
5025
29481
30060
3651
7758
29224
28565
15760
11598
2998
30595
12091
9773
30908
26061
3984
8659
21775
29501
20287
15625
15850
11641
21864
21049
13467
7906
6133
117
6524
11709
3628
9147
21285
30353
12676
8824
30176
9679
184
13386
32606
5304
14619
1546
31400
11644
14891
24330
8279
23199
18280
11163
18184
1441
7271
4307
14347
26846
1826
28045
15451
14515
31890
27824
30163
26594
23424
3253
22686
2872
20888
16483
22768
8301
5823
3293
8435
15435
29350
18655
25349
25618
16543
24901
7200
5660
26032
18125
23193
17853
27878
26909
23822
20077
15852
25352
7578
8745
8668
15373
7498
14102
2645
25376
981
30824
20174
18094
26503
16002
21546
11739
20863
4702
21132
14094
21018
16432
11628
8111
14767
32070
4587
14639
18813
9523
20323
12105
28897
21036
7747
904
27341
21682
18714
25098
20341
20082
27633
13187
28235
29801
15838
4228
1070
15435
6358
31230
8670
31014
13251
31490
22196
11074
17110
6090
29584
1869
29215
11773
31250
30900
28251
10799
3085
9044
28685
13991
28472
10322
31952
18278
31015
12871
21227
10085
30586
3233
13094
27421
26709
19014
31964
27724
5904
16250
20562
13047
28975
21250
11079
28587
10132
27273
13260
27401
28659
30276
9558
3714
31367
24530
5138
27230
28675
24678
31352
23811
3020
551
17699
16244
9829
20695
20704
15128
17450
32179
3845
11453
31810
31387
17412
14556
19407
20595
5183
29982
10599
13513
21278
19232
27848
8888
18527
30835
24263
31500
24494
20456
1418
28582
30326
8202
247
15907
15350
25323
2924
32184
22423
6948
29361
1120
18813
535
7467
10042
14684
27511
28498
23084
10125
523
9573
29389
13409
16814
30044
4738
29109
21147
3358
31719
29382
10727
16628
22384
3655
4943
32317
11088
1713
2100
22116
2713
3291
30692
13840
16293
20682
25883
7322
30134
5322
31946
26564
9689
30397
2582
1960
19216
25524
27556
12014
8623
27068
28180
21314
30215
23547
12235
4613
17986
31995
29174
19779
15246
9029
31435
5350
15998
3122
27922
12329
10924
20734
14565
23375
26020
12830
2484
3476
23805
11475
21900
23396
12233
3840
29080
18635
1840
32057
20456
8237
25175
7964
19057
8503
22919
26084
8021
7189
7307
8507
613
19685
12377
22096
26596
2924
12277
3370
27790
8968
5267
2108
32473
26342
18684
6713
11643
22133
3122
3625
16172
26139
26455
21949
30637
16422
15051
29151
11785
4613
9877
18830
6171
14776
20996
25321
28496
26501
22165
12937
21167
2029
21016
29972
2582
2526
25615
18191
3782
21802
6743
28404
32033
1336
4362
3461
21427
15354
18851
10335
9072
8478
32099
17106
5436
24969
28404
30960
26801
17153
32589
20708
20508
8233
2517
13958
19912
24755
19403
21804
30336
16849
23269
17346
15695
748
28471
14109
11402
19097
1111
11916
12304
22473
5567
20144
21713
21311
31346
24206
8589
21832
9187
6883
27870
29606
17426
21431
21625
27597
7928
2101
14769
15698
2853
29882
26429
18592
26024
18220
17466
17901
32047
28045
14452
10348
14447
13008
9697
16836
31686
7659
7022
14786
4639
18221
9470
11850
7447
6098
23728
3988
20574
10197
8545
3221
31839
11781
5747
9146
11299
13915
20684
11228
23154
4747
21793
26993
572
14553
19316
1023
3640
1326
3035
28631
27595
4203
26756
8191
17707
4605
22774
5232
9924
32690
27289
6273
5083
24522
6777
17828
20081
338
31815
7760
22122
3757
21153
21822
25582
11892
31890
5336
24848
9856
23645
23279
9901
13636
7030
15532
151
5472
28626
9929
15603
24436
18016
28160
19168
15922
30424
17348
11354
10424
25779
25392
16221
5916
12666
2621
8781
25928
25668
4919
14229
22536
10875
17010
3215
30817
5598
7225
10148
14629
31692
22279
436
6852
22975
15866
11959
16741
25367
6020
31141
12597
7193
25700
30612
9471
9783
2772
22048
13054
8593
16900
26896
13295
18365
20936
15159
8297
9155
31373
9879
22641
2924
6546
14285
2378
15805
23893
24745
9610
19134
7755
15900
9075
10368
12243
30039
30079
6493
15725
27697
28989
18306
2087
24777
6236
14763
6233
9325
30725
1326
14226
32187
4719
24891
18130
30214
1709
32610
17658
5628
27338
19797
6528
21893
3095
1008
30567
17134
2500
10102
27759
9542
32174
23838
28809
7688
10104
14798
2445
3579
19933
28198
22319
16727
19012
29632
6960
10025
29333
8118
4561
6136
21836
15973
11917
28585
31692
7281
4359
32416
9973
8458
17986
5672
14840
23917
10768
13333
18282
13741
31949
4520
29848
1715
332
6578
10011
28035
14098
2556
12460
5058
1218
17383
27961
9589
26329
4176
1848
21516
30363
23222
22075
2719
23886
10143
3012
14199
1957
18999
8795
20176
11647
7483
17119
27357
466
17173
5146
11533
7905
12617
10391
17549
694
2831
32440
15886
12236
3905
18179
200
17932
7544
25789
7359
10234
5747
23738
20037
49
7096
9843
23232
15117
29309
4953
10925
18599
3528
16489
17637
15110
982
17921
3871
5267
29370
6642
30647
23246
6214
22486
27822
16704
8494
25508
17393
176
29547
6785
30942
11930
30686
1497
25348
10461
10038
17583
18986
27060
24083
7985
31635
22503
15467
30864
17537
26435
5166
4878
30200
7495
11045
23129
21956
20000
21536
10263
8382
9688
9040
14018
586
20938
16882
14006
9508
24153
9517
14728
16733
7393
11326
26522
19360
9710
27090
13292
10682
19372
7347
565
4185
4255
7079
29491
28180
30356
14486
19263
1964
14808
24298
10020
10642
19623
28987
29489
4777
9959
10796
22669
31820
15895
1168
5323
25491
14722
28370
28606
30674
14008
19859
17295
21091
12862
4500
19212
23462
26757
25815
10819
325
17177
13057
25936
8637
9755
4355
14707
20762
12785
18425
3174
23297
19772
1874
26093
9716
2826
562
10158
23506
16718
31764
30531
31645
25485
2228
3726
14464
30169
812
26188
18961
11267
93
28397
4563
2317
16528
19364
14847
4830
25693
17338
12676
28217
26829
24103
10572
30448
11963
23395
30401
10325
4480
378
32656
27122
20687
28255
4780
5242
20957
25730
21143
17151
31685
17828
5341
17508
13100
12266
23265
16662
14624
28977
18395
26871
28998
17570
14370
15771
21301
3718
23975
19639
2845
2651
1474
28374
3500
7975
27698
24142
9010
19980
16223
14963
11779
28445
14817
19210
12317
12400
30022
6145
21514
2932
23056
10589
32008
9349
20734
883
8808
18622
6541
13147
31284
32271
27069
32674
14100
22927
15128
4415
23922
4115
26865
10440
29661
29951
1002
13286
4779
23388
32441
22279
5859
3371
6187
16210
31834
19705
9832
20704
8987
5556
10106
1321
1036
3261
15113
3516
6351
23102
26984
3892
31463
23486
23510
2151
32284
25843
27133
14816
18976
727
8383
8592
14194
29950
9778
24256
29571
20774
7913
4682
12312
1296
30838
3849
25071
10894
15660
28302
21157
25054
21802
24084
2519
9782
22677
14262
20872
20640
22308
15328
22978
15624
14562
32516
16256
17811
7215
24462
31436
2099
21768
6169
30757
10873
29065
16867
24867
4010
26544
23422
22622
13588
20580
10185
11403
10402
21430
31007
18152
19887
10854
15566
22747
25624
22697
23243
3285
1429
1577
15780
15997
3401
5966
5813
32267
7575
27580
12959
25329
14392
26141
29174
29121
7306
8480
14906
6475
24619
30145
29449
2821
30151
14028
25490
29361
5678
17820
1101
20793
16298
25641
6378
32478
16271
26690
9863
6289
31251
13334
6693
23713
25696
6137
13149
14999
25832
357
1871
6751
3577
6975
12252
7848
26257
17244
31509
26252
13683
31044
12018
4724
634
10806
13640
4150
16942
32364
17397
29313
24469
2975
21853
22395
6220
4302
1307
8872
24277
7996
9456
3598
14131
21688
7679
22167
16820
2848
29245
1974
26639
8488
29219
10829
24750
16472
31398
23247
31821
17492
20328
2722
29124
10080
25904
28871
7201
6179
12440
28092
24314
7339
19717
26273
9474
26290
4060
23451
11481
15648
23539
15734
6185
7889
18758
18062
28910
663
29932
23279
6421
22659
3401
13243
22601
12384
28292
22988
31754
10625
25403
13211
15871
4029
23926
10848
25741
18871
15322
10875
20904
31843
28448
787
29673
1989
5061
26877
19937
16636
21506
8415
1966
3456
9726
5269
16075
17320
14915
22483
2093
29807
11886
24588
22667
631
22571
29587
18173
10830
15457
5121
24008
24561
1706
26582
28024
9614
5382
26467
5680
16270
27600
20711
31551
27091
9713
10232
21747
29246
13651
17444
21682
23669
1945
13017
3910
29411
25357
28802
24953
26880
4057
15603
738
29394
8571
3847
15102
30132
29811
27527
27779
13910
13374
9038
27376
10245
32136
15531
20073
16684
28830
3079
14786
31003
18466
16328
18138
21256
18434
25461
3370
6739
6314
7706
30365
13327
25209
12270
22178
10685
15730
29491
30592
20826
18741
25694
4587
13981
301
30072
25300
10618
8458
12484
21381
5610
11634
28322
26604
2286
29939
8883
26423
1745
7485
1086
29346
5806
4238
5586
32397
10035
24429
20525
25042
12452
27291
29789
28501
14371
26951
18725
19933
6190
8065
18338
546
12905
22769
31534
24359
28318
31689
6277
20681
11010
18424
4135
13464
442
5793
8189
13543
1949
11723
10302
23071
26684
31834
18324
18009
799
21054
635
20267
28242
26858
31210
27073
545
20487
30006
7472
21023
4714
17203
28424
14189
10052
13980
32296
20536
921
16821
16343
6276
24564
29998
4880
40
1624
26187
7708
8730
15481
16450
10855
237
7724
1253
29324
27800
31773
16512
5810
30073
4800
13573
11035
4250
11658
16486
5370
20786
2656
579
10629
23407
4432
1221
17228
29810
13439
27850
16841
21404
3170
30018
10040
6408
1073
14808
18601
3416
10905
5334
17491
3765
31410
5186
12843
20241
12592
19021
17077
18351
477
31983
16410
1510
16711
30923
9596
13602
22197
2904
16518
2603
2656
26690
4423
29610
992
32270
23616
13289
3301
32254
8891
18394
27687
6964
30047
16219
27808
17689
21762
27320
25848
24832
5566
369
21313
18183
30791
9790
24804
1598
28027
27729
25307
13324
14395
16859
10785
19150
24954
25553
14439
23488
12947
16112
11529
6177
10720
25087
32320
30098
7560
25940
21145
29120
152
27545
3750
14658
32342
8144
27379
13765
24530
21653
9787
18278
28605
10403
10204
11615
20606
21658
9865
25062
30851
1536
10047
27986
18645
27525
26746
29824
29168
22155
3496
1653
6865
5605
7902
27972
32336
28127
12490
1586
29360
20863
18665
25881
3957
16651
20985
18186
25973
29131
13490
6198
32050
8976
26801
4367
3943
17526
4533
11946
11233
20837
32013
2664
17040
1502
4945
21717
17118
20596
4689
30672
17727
9624
9035
9197
29450
6170
8545
19735
8327
23277
9289
23162
19785
4139
9031
3488
32446
2392
17496
25817
10500
23787
11184
31969
6654
29962
24423
13757
6824
31638
4976
7910
15015
18279
29130
28329
31269
11993
13050
2254
17883
25479
6840
22648
31087
15190
11497
332
23553
2742
11981
11221
19201
29732
18554
28967
1859
20723
23177
10691
22613
5965
23567
9147
31248
24949
21711
1047
2157
31310
18349
22390
23962
4897
8550
5625
5709
1691
32639
7772
12377
19733
25467
27750
30591
1561
9809
3716
13446
15137
16413
7857
21133
16289
14358
17048
28321
21064
20672
30461
1419
25475
17507
10841
13291
9540
9659
27332
15499
18433
14577
11032
18669
2303
22730
25428
6182
30160
15391
4158
4079
2331
12173
22093
25594
1179
5997
19397
18306
11370
19974
11812
23846
18304
12802
1725
22775
2422
31007
675
2256
18832
6951
456
14054
11003
26914
8550
6815
6739
9418
17822
19368
17513
11327
26208
27458
27202
3580
9098
30684
13923
6410
25684
32487
30539
15731
1515
8422
25410
20730
23900
7108
18769
3081
4276
20331
21394
21227
2917
28818
16042
7995
4588
24022
10899
7581
14513
19213
26783
21420
16943
14039
27321
25139
10324
24181
14318
14239
21803
9183
2605
18100
20152
6672
31051
5504
23076
11173
22346
14477
23066
4006
8667
3675
27760
164
11553
20237
2826
27140
27576
17507
13307
32666
30710
15848
23790
29562
17009
5485
13765
15882
2497
22453
32383
11356
32647
25970
29791
10427
16046
8304
6730
29060
30448
30993
24690
12856
29084
28665
28465
13006
21399
24586
6455
4430
16545
9363
14568
14747
17370
28612
32000
3984
8581
25958
26745
32591
30219
19913
2478
26582
17987
29949
11456
5076
25840
2628
3385
13498
20876
5064
19183
5140
29764
19082
9772
28442
23363
29339
18187
12418
23859
910
5157
31897
17665
13613
23661
17298
27361
17515
22617
19998
24211
1178
17987
30781
1764
4318
9742
3667
23159
12770
22540
126
5573
19401
8991
24615
4707
26728
26143
23511
9092
12722
30844
11596
7102
28787
32293
11725
24593
25410
12968
1210
11301
432
28570
9319
27603
32710
29241
2346
19943
9647
9296
28339
29732
20401
27739
28572
25737
10850
18668
17217
8147
32536
15181
3538
323
9377
17767
30375
19361
26676
32482
30931
1921
680
1422
8699
5829
28132
19714
13161
8547
11927
4483
22876
16233
26153
29223
27810
1086
16625
30265
29289
20266
5288
480
20051
1304
17181
32252
23240
6043
13611
14161
23440
32048
488
14567
32417
32451
5664
9648
24373
32372
28674
21868
16160
7066
17176
14538
27233
22536
6269
18640
30967
8848
16202
1404
25334
27334
8529
18348
6873
8710
20494
27195
8730
19897
24026
3693
19456
3795
22370
32653
8889
17056
29016
31188
8872
8385
15976
22669
16384
31346
366
28535
27282
32526
28646
4971
995
10708
30883
5694
31618
15595
25285
14825
1432
28068
22757
24295
8129
9728
13458
29151
22554
32626
7681
23683
2716
23269
21504
32184
2216
14849
12332
27895
24290
15786
15204
3315
11587
28106
26237
12668
17770
11857
15159
23715
819
1402
6512
22303
5003
5967
21656
10223
7555
31343
17765
12097
419
18959
9160
26771
9088
6463
15647
6168
29072
11118
23212
26461
7998
5681
27718
13612
17722
12352
19278
7345
23571
29121
10725
30683
17671
10698
604
24837
21786
11553
6892
30678
5733
25158
29096
28005
13233
20147
9391
7073
16964
2402
10918
11249
24059
13968
28518
4375
19353
28865
10481
22618
5471
17156
30891
5604
21981
6264
11463
28777
9479
17679
13823
4105
23435
2962
9608
29816
8290
17637
18245
30300
29861
3213
11323
30710
12707
5743
14661
2309
11568
4570
3592
487
30784
15816
22570
23042
27572
4705
26303
15714
30579
9153
4612
9635
26557
8699
19280
31250
5308
6750
26951
31503
12380
24055
1105
31926
9821
12630
30539
13502
17063
10645
22652
8096
4573
23191
32458
16636
12340
14990
26413
17209
31366
24256
3685
14957
21922
30090
4840
3708
32743
8613
13087
20611
8465
6824
31697
32631
3154
14030
15072
9
26789
16890
2611
19405
13151
17912
1779
7068
20742
10246
2298
4407
8295
16275
28296
9260
17379
19014
20536
22014
5386
24898
12595
29056
30315
21417
32676
22914
30633
2654
31084
10927
32722
22800
18710
13494
29165
24692
28429
3752
32722
26065
19212
19105
7999
17346
22999
3243
21799
22584
31529
2271
19277
5054
21485
11470
25618
3585
8368
30751
16523
17295
3159
18553
27863
24799
24333
7331
9904
16018
6528
4841
29247
29432
20557
9922
28981
7382
23480
29105
12311
19302
12193
29545
24025
10144
28596
9524
8623
17080
5087
23701
800
11752
12553
16684
6236
16239
14849
23003
28367
10458
19636
29991
25078
17026
24484
28897
21618
12374
25493
9477
32603
17370
11657
30178
19414
16240
15599
20859
27370
24279
12824
7214
8079
18673
2282
20627
28424
20169
27608
22183
11123
7124
13074
22058
3231
15223
25592
2117
19229
6090
17621
19568
29082
21916
22730
1171
22636
12727
22536
31851
32618
17252
30786
24624
14849
18482
6499
1653
24964
23796
10876
4431
452
18441
23296
10937
13281
14560
27699
24631
7007
8378
14048
25018
14716
2226
14666
10180
2753
2299
16742
17612
8920
17770
1863
26084
15005
4916
19418
18073
25719
11256
20435
7195
23273
4608
14055
15262
7524
2500
11068
32767
20320
19631
21790
12971
3499
22822
31475
31677
11776
967
23921
7526
7387
11758
9230
32402
19852
17790
28088
18632
28810
29150
22983
7506
25611
4673
7472
9631
4817
28971
30715
741
13639
20785
7927
24842
10444
14080
28076
12485
20815
5280
29841
19713
14620
14842
14207
3970
25333
11928
12390
6346
613
22701
27199
20286
3665
5461
18497
22917
25040
9757
19800
6193
24381
6086
30675
25249
18826
1606
1372
2853
18390
25104
13102
28260
18242
6805
20098
4603
12033
21003
10570
5735
6831
32365
18210
37
3812
7107
22148
7191
23560
21411
19003
810
9065
15864
10010
310
12938
7938
23021
25382
10431
18078
10672
28760
6902
29896
6655
4935
10712
26462
20942
30055
15889
29990
23130
4688
24299
23059
19039
1567
22306
6340
12684
6937
7156
5454
22580
23186
10871
19771
10054
9486
20271
20691
19583
5541
3040
24986
28382
13484
4001
23065
1881
15761
30002
17121
12750
31751
15247
14542
2620
1123
11461
2185
27187
19270
9989
9040
6793
24701
31735
20730
19791
20773
23120
17205
29699
29971
30119
28179
17927
11123
24709
18885
2898
19118
19643
24998
32614
18322
9720
21627
24706
22445
15002
10744
32536
4857
26309
8583
24961
22719
30130
24134
20464
31669
11594
5198
23717
31081
14324
6971
15459
16611
24747
2537
803
19590
21843
16251
6410
4920
25421
32162
31641
5315
25161
30748
7972
1402
16731
32122
1157
23839
27218
7463
22289
19716
28485
28326
9931
24945
13934
24091
4824
21062
6203
8717
30771
18145
9123
15978
30882
4418
31927
14539
28137
9325
2425
25082
7485
18960
24816
22706
16123
23398
12412
10661
11930
347
2920
12483
22239
16369
22718
8122
11855
20706
21343
19897
22506
4487
20562
13434
15382
2040
16221
15999
11738
17269
6610
19100
28748
7173
13228
2229
12365
5468
8922
5065
18035
26882
12507
27951
21831
31666
2699
15648
6065
16897
8765
31862
29616
22592
30729
27571
9550
20898
15464
31557
5588
674
254
2313
13114
19103
27574
5901
23521
8393
8212
24474
12933
26689
21191
27250
28269
20348
15230
1878
31716
16105
22781
20939
237
6867
15216
8734
6707
23688
18687
4006
25663
18107
12450
26697
9453
14631
32567
16705
10529
26485
2770
1312
10934
30560
10324
8978
21175
18967
24383
17251
11218
29922
4040
9537
6409
11529
16174
2498
9387
10994
32331
20521
15235
18569
7785
10085
10319
24292
10326
30938
25460
10024
18875
28772
2799
8870
11433
17817
5775
20042
28021
10831
7265
9526
8902
607
14700
13994
11244
18600
29343
21287
14707
17750
8712
5332
17400
31076
17479
18208
25916
25439
14913
29097
18295
365
21273
2653
7919
13455
12892
4830
25032
26915
26235
9515
12830
10413
17279
13182
11857
30934
22008
32624
7072
11189
566
3171
7930
1358
9148
4385
30736
23128
16626
11457
29359
3140
10010
25291
589
1658
645
8860
15330
8422
18183
24075
8697
2995
31912
29516
30470
10326
17564
28181
2554
29647
10870
25600
12565
26155
5528
28721
26363
27470
28398
4664
15883
22767
20188
29752
7660
1508
18292
23625
32616
26272
7917
19740
6782
21242
3664
6622
15026
22832
22645
29022
11688
16939
19758
9329
32753
11012
3266
11158
31781
22472
8093
12246
8242
9080
13893
6894
31987
12628
9616
29360
13317
17241
29461
935
2006
23049
1504
7930
12798
362
20330
28562
29651
28497
200
10879
5431
22240
8226
7832
17845
5454
4711
26466
5069
7142
27967
18228
28299
15187
9537
27800
25951
13338
27751
9971
6696
12392
21694
20073
6546
2830
2914
25339
3490
1994
16298
9970
32399
24776
2720
14465
5588
19816
27316
28326
6019
26178
10161
32081
1500
2664
13039
9416
8990
10730
22475
28746
17821
6560
20564
18418
12821
21539
4679
23007
28734
19485
26686
7826
19872
13251
11044
31895
681
23967
12268
20328
11773
6803
15746
21902
6669
14619
7938
18953
235
2514
9769
11506
16989
3384
12809
32607
16432
11954
3584
30343
21710
12498
15594
27175
6163
11993
1174
548
26205
22394
19831
26481
24034
17633
10908
31795
17991
5620
7650
24355
5742
11481
27753
15924
3215
14008
5956
15479
3210
24770
19573
28475
14459
24178
25624
13944
30607
9490
15838
29806
24343
130
4797
26761
12763
25909
3814
12680
27057
9084
18424
15070
32590
24583
25459
6488
25691
30120
367
6913
25548
9307
16270
3651
23661
12676
26671
1102
2493
23927
8676
4798
20224
21053
13095
22647
14480
28566
11848
18900
10100
6202
6570
2050
23347
25700
26671
18342
19946
23953
22001
2758
5789
10117
32051
12774
17867
14992
14231
10353
28741
4879
8081
12379
23616
31285
17947
4357
1192
19468
28842
11617
26295
24246
29537
17750
19911
28409
31621
26214
4452
13819
24114
20366
31142
3145
16204
19565
15805
15902
9399
19369
20686
29923
18891
13455
28926
23026
18178
16377
11468
22175
25076
22645
21155
5497
6534
17827
32431
10445
16990
9951
15089
31340
18330
288
25998
26798
25537
25632
20845
13495
26105
27326
21760
9721
22395
6816
15202
1786
5445
26396
19363
24408
12814
23385
23136
3850
13439
12209
6550
12008
1440
20058
6839
23150
9105
2886
14078
18109
27770
4935
20992
19170
5572
22135
10885
15707
9098
29143
11669
19159
29770
23606
32726
10814
13537
23125
12565
20977
20662
32328
20002
4691
12853
13855
17633
14728
26495
11718
20126
9341
32607
2090
21665
24872
12929
13213
770
17937
11486
23932
32191
8977
2939
18703
27660
28505
25171
3504
19946
6327
24209
48
20475
22549
22787
19318
4501
12099
27852
31849
4373
29686
26201
1297
12918
3088
7830
31480
5154
16161
5729
5335
9735
16686
26175
11118
14062
23218
22093
16820
27656
20963
12922
22576
22218
31030
12020
4007
7419
1829
28896
24311
26380
6960
3918
24643
2215
5154
8300
31056
6026
7061
9977
25391
25750
2744
29693
21789
2851
3152
20664
22183
2711
8189
1240
32018
7735
25279
3311
6137
18237
16568
5411
4408
15658
29748
3112
1033
14429
30182
25195
20333
19173
17012
18832
10190
15252
6455
2079
27618
5972
6204
13690
16594
27838
22926
29203
14748
26089
30135
28635
3510
13440
3972
24318
8948
1048
19721
4813
28331
26304
25061
29435
29207
28633
3783
3341
22010
28968
14897
23052
27014
3625
1660
3197
2173
6566
2333
31379
11415
29065
1830
30882
11812
19695
23312
14295
30706
12413
26551
32039
12913
31991
15526
17541
10773
19470
20373
9304
29948
3962
28464
1324
7121
9801
21274
423
18928
23671
27954
703
18634
2238
24597
27691
19083
15535
16100
27927
18427
15106
31303
18716
30114
10283
7857
11631
5168
10542
18406
26201
8220
25779
28091
2279
9354
6749
28189
25826
13682
17496
30805
21249
21759
30513
15754
13150
18485
29675
2696
12327
7895
8271
11968
6294
29320
22915
21647
26659
8496
21726
11971
19960
1697
763
8027
18597
31099
10508
15246
10773
3916
9329
20751
6080
27644
3210
20624
23331
8297
9929
16773
5741
23630
24843
9002
12668
30569
17960
24263
4871
5597
8392
12082
31261
27605
16505
8598
3022
25706
5375
4980
26920
12231
5099
20967
24933
31882
7280
15916
5218
24686
19825
7009
6483
13351
478
27021
32182
26254
26433
29153
12421
2814
25236
26686
11696
9982
14166
17911
32202
800
9438
16855
24066
809
28142
2406
9302
18801
32395
8040
13315
10637
9228
935
5696
11820
2930
2034
2859
13887
31223
30310
9988
27997
29674
27884
20377
9061
17849
4611
11777
18277
9040
1728
26765
2490
20897
14866
14588
27001
3716
331
13038
12558
10946
6620
20124
9763
2668
30816
3013
28868
32626
2269
16620
32192
12912
17478
27328
24658
3531
16196
4060
30464
24317
5685
3248
22468
8749
23158
23487
18282
11267
25821
11788
16441
9658
12682
26574
19413
3959
10464
21867
13412
15577
31182
11428
20720
32721
26963
11789
28940
30132
15169
31425
11195
10894
6209
29267
5517
1722
5399
11528
8715
15023
16167
26179
13397
7453
21048
27456
8970
12089
31609
25093
13160
15188
19905
31894
20405
16819
19227
27753
31965
10139
10114
10777
21340
23723
10473
25950
32606
27247
18559
12605
3109
8753
31024
16508
32428
23826
14191
18009
906
602
17971
20348
13336
18445
15679
10025
14038
25023
19623
7354
16139
4520
22928
15693
12204
20475
22583
21946
25983
31860
1845
20680
27776
20016
28673
17824
9348
30146
20662
19073
6428
9603
21270
24502
4284
29737
13519
1733
5917
19868
17662
23018
1759
26117
23282
14275
22131
25383
10802
22349
11320
12274
6081
22543
32228
11861
29856
8853
16166
15189
16789
11552
25482
14684
24619
30876
14236
5331
21754
22994
21840
30450
32552
25311
14241
6871
26928
229
12665
30934
5858
8704
19409
15377
29868
30588
20249
13896
19479
10309
31706
17906
24980
1950
13978
25228
8057
9238
11008
17201
29255
17080
10808
21355
14894
6787
18585
27209
30163
25626
32389
30641
2640
4540
20625
7160
19580
17269
17126
23984
12142
19350
7144
29121
15420
22372
14869
18876
14088
4109
303
23659
5438
18400
8861
23725
10519
1980
17679
21120
9826
4297
20321
19040
25731
9831
23234
3792
444
13412
4117
8246
19371
9586
29847
24299
4372
32216
27074
7059
16609
3687
25714
426
31335
21424
8007
4192
29419
21876
19530
5543
21605
6748
2515
24458
31107
1002
7850
6080
10993
9904
16748
32129
16856
29376
28464
29080
21413
16483
5483
2234
19211
5390
4881
6166
4683
13457
21757
28717
12979
21138
4499
14820
3428
30778
26532
10711
4441
29230
25745
32241
4773
23233
13748
31034
9980
5224
2299
20975
11125
18542
24790
17880
22414
15848
24404
18646
369
7404
19593
444
30582
29182
23602
2399
4840
1483
30364
8177
26636
23834
2241
19594
14175
29951
8116
6920
1056
3921
21312
27673
29710
9055
17356
2966
23667
18143
12162
275
8289
8999
25265
20148
17468
19104
1903
4674
23160
631
6274
15485
11684
21653
31617
21172
19368
32210
1590
28308
22091
3173
29511
28734
15608
17055
2581
5788
17345
4570
32229
29172
31652
16812
18494
25789
4109
5984
657
9906
3485
4518
800
32294
1578
3209
16664
9111
13831
24994
17408
901
3717
22667
8791
21124
18873
31639
21369
10129
27520
9408
22723
4258
21441
22241
503
21889
17906
14118
20706
23769
2526
15040
16444
26513
2469
23773
29135
5722
4356
28887
2012
28036
4566
25771
11706
19222
4571
1966
5056
797
9657
10619
25189
5700
7488
9520
26790
13989
17650
11482
2472
3807
24771
26925
11679
32617
17437
16761
14830
17958
11047
24537
21648
17465
14663
17838
30390
22042
16614
1099
4785
29161
14451
28146
20755
3
170
21248
10513
8660
24598
8036
22572
23276
22484
27733
32017
20564
13723
23109
22973
4642
1785
18192
228
9035
20959
13434
29332
13241
13920
29400
27670
16541
23990
25613
28437
3847
23174
27320
17409
13492
24165
22956
31670
8998
26778
30625
13401
26874
21029
27433
9603
7543
23297
8933
14242
10851
7335
3576
10908
26650
1491
14524
4021
16353
17290
8628
6834
18551
15196
23234
3646
4333
31463
19098
18318
3512
16540
8823
11585
23557
454
23565
1418
20300
4551
21438
30608
32040
20133
21264
15381
15206
30406
8031
16726
17499
3064
24783
17971
30075
26549
30085
12432
23592
25764
1303
8955
1224
16738
26688
5519
16410
8323
14553
30232
21194
18900
7684
4984
17219
4323
10411
22601
14788
1218
21545
6339
9910
19719
32582
30688
9021
22551
29033
10175
16397
16037
16393
2374
13951
117
10341
28428
12259
32358
12661
1910
5912
21935
10784
12832
10331
105
22447
17534
13149
24398
26754
451
17304
4288
32513
18945
8930
14605
26838
17554
27203
8177
22106
2488
5380
18268
9804
3968
18952
24438
6601
24044
20320
15328
1144
20048
23577
11837
19718
23037
15448
27122
20946
15389
31658
21801
1513
27358
2453
27420
23092
11219
3187
5008
18160
18327
22144
5023
2399
8371
12593
31675
27069
12737
29383
14064
7542
14034
4645
8041
6550
1550
11486
15414
27009
23450
13203
3149
24036
7359
12412
718
10219
22088
23620
6283
13493
31275
29978
5831
23813
8300
3077
32574
15674
20287
15479
13670
18817
3693
550
19701
29257
18936
8471
8611
27895
18434
21499
7217
29915
13803
13503
18602
6243
4282
4959
8681
26255
27838
12027
13915
4261
24693
1324
2566
21542
5804
11160
22986
16640
19432
26564
9191
12293
15109
31018
6592
32156
15645
18828
24287
23735
8363
30599
14648
22021
31728
28523
5810
18280
32406
1610
3043
30633
1684
19279
12315
4715
31825
849
31397
8285
14860
680
1353
20404
635
22848
22549
8409
19122
1260
8798
19294
23367
7676
1281
28471
3252
12817
20974
26151
8956
16688
25832
18808
3218
4374
31110
32751
2166
19147
8830
26623
30625
5754
17954
29245
23971
10624
17451
16404
21643
31427
10422
6842
30727
4421
4236
22114
3020
8441
8870
30132
24888
27093
17137
8570
16438
3368
25166
18588
22371
19758
4061
31822
30575
27361
12155
23688
7621
5651
31113
10422
4718
9146
10224
18610
7474
32395
29793
25071
5633
1482
19426
19703
21650
20064
23430
32535
17226
31278
23163
15448
6495
6561
13642
9650
61
19334
32347
30589
10281
3872
18360
3112
4132
31864
18962
30509
1298
22261
32009
19524
7195
11820
1192
26328
11346
249
6191
17847
2964
5839
17942
20237
4787
844
14670
4243
11476
2065
25546
20484
30230
18640
12862
32721
11637
1446
11559
27669
32237
20396
11019
13259
25314
27593
30722
25151
11199
22474
5749
15554
25310
9652
32038
6306
7080
8536
30320
19801
27645
29737
1233
5893
5334
15179
28837
32024
7720
17388
25396
4433
27148
25047
13039
6891
798
5190
17655
532
10786
27896
10207
4000
26350
28036
19379
21759
8324
20205
31545
20588
126
26486
31350
8552
9647
8888
28276
24935
27143
16369
29251
29897
16311
19103
32062
26635
27030
334
32399
11583
4803
7854
20982
19897
2444
14568
29126
25612
8591
11058
2608
29237
287
15778
20931
26645
24042
32575
19252
28197
27864
1630
21595
18533
2358
2860
9855
26005
22291
4231
11219
28328
25834
3858
20032
27254
4226
22152
9061
18865
13075
6480
6621
28442
22698
22098
3008
2036
1742
5386
23148
18617
22116
10202
30597
25101
25808
26789
32570
16880
24669
9113
18378
30007
13279
9292
2631
15677
5527
6411
2203
11734
32086
16495
21704
26500
17893
5424
7540
16878
32165
27710
9124
31373
10867
14606
15816
15273
1230
27698
3064
3972
28220
8237
16765
5077
9961
2181
10131
375
1682
22298
15725
23651
15521
2997
6522
24540
23450
25060
28647
31465
13237
20742
25189
28936
16589
21154
32044
29473
12152
25341
1343
17593
15736
28651
31730
16744
31058
10725
31658
22157
9532
27484
20965
17728
16700
10829
31354
16520
143
10262
24609
15310
11848
21384
1589
32146
17721
4413
32697
19037
16150
24107
22426
15351
24280
122
20019
6361
31328
14995
4118
16357
1885
13434
18954
31829
28527
3933
15952
22002
28557
22381
16171
12678
1700
18412
12959
21907
14208
5511
888
10053
8688
13031
9102
13222
14117
17283
840
22801
3420
12472
8799
9449
5821
5403
7652
14730
16258
29198
24453
20608
14171
25489
21004
11512
27153
18011
16168
4723
27498
1066
14960
5058
23118
31319
15781
20014
32551
11949
23095
25847
10638
18043
9227
20736
4387
29672
14716
22728
15804
19847
3232
17564
15043
17451
20940
8971
6617
11005
14170
12699
2239
1483
19113
15802
32375
4515
11878
4599
17318
15265
1546
17266
23101
31237
15012
29585
2136
15240
31961
23029
2663
24817
10281
10925
12427
29923
27508
11433
27459
5625
23228
5233
2887
18197
20012
30487
14516
6644
12889
26985
25962
26630
11721
8044
16050
3453
16306
8198
25125
23204
15363
24827
22985
12147
18600
24347
9084
30048
16394
1721
18326
27511
7382
94
17098
30893
21248
13759
18253
30834
14855
8941
6458
