10000
1
12
9
15
33
3
35
40
48
62
67
41
86
89
92
93
94
91
105
114
114
37
117
117
122
126
130
130
126
133
129
142
141
151
143
152
49
163
164
164
170
182
184
176
185
197
196
200
140
200
224
228
230
229
237
243
235
247
237
249
254
254
256
257
274
275
281
285
278
287
288
294
300
301
303
303
307
310
63
319
314
325
328
323
331
331
332
334
332
338
332
347
355
357
361
351
362
314
362
365
368
365
369
366
369
370
375
388
380
388
375
390
397
378
404
411
414
415
416
418
419
423
423
426
432
436
442
444
450
444
452
451
454
458
456
459
461
471
466
478
480
463
482
488
487
490
477
498
503
512
519
523
531
532
535
541
541
548
550
551
560
562
546
563
565
545
566
572
570
577
579
586
588
466
602
604
607
613
613
613
623
631
631
589
633
631
635
634
635
638
638
640
645
652
657
659
663
663
665
680
680
681
694
685
698
698
680
703
708
710
674
718
722
722
725
727
675
738
738
743
741
748
748
750
635
756
760
763
770
787
371
789
790
797
798
799
800
799
801
803
800
806
800
810
809
810
812
816
818
819
824
826
837
830
838
840
844
837
872
875
849
881
888
901
904
883
906
908
910
912
391
918
923
921
930
935
935
938
951
967
932
980
981
992
995
998
999
982
1001
1002
1002
61
1005
1008
1010
1013
1018
1017
1023
1023
1032
1036
1042
1047
1048
1063
1053
1066
1056
1069
1070
1071
1033
1073
1081
1086
1086
1101
1099
1104
1105
1102
1111
1114
1090
1116
1116
1120
1122
1123
1118
1127
1143
1144
1080
1151
1152
1153
1157
1160
1166
1168
1169
1170
1118
1174
1178
1171
1179
1172
1181
1192
1192
1203
1210
1218
1218
1221
1224
1198
1230
1233
1240
1241
1218
1253
1254
1245
1255
1260
1271
1248
1273
1274
1281
1291
1294
1277
1297
1298
1296
1301
1303
1297
1304
1307
1307
1306
1308
1312
1310
1321
1218
1321
1321
1323
1324
1326
1324
1326
1336
1341
1339
1343
1326
1353
1347
1356
1356
1358
1359
1372
1372
1381
1402
1402
1405
1387
1405
1411
1418
1406
1422
1429
1418
1432
1432
1427
1434
1435
1440
1440
1419
1441
1441
1446
1404
1447
1456
1457
1461
1464
1469
1482
1483
1483
1491
1493
1497
1500
1502
1219
1510
1511
1515
1513
1517
1525
1504
1525
1525
1508
1526
1527
1528
1535
1537
1536
1550
1551
1546
1553
1559
1553
1561
1546
1567
1568
1575
1578
1579
1571
1579
1577
1582
1586
1589
1591
1590
1598
1606
1608
1611
1610
1619
1623
1596
1624
1630
1637
1650
1607
1653
1654
1653
1656
1618
1656
1660
1658
1682
1671
1691
1684
1692
1697
1700
1700
1691
1706
1709
1684
1712
1715
1713
1716
1719
1721
1722
1725
1726
1728
1525
1733
1759
1745
1764
1771
1774
1775
1779
1785
1809
1810
1814
1818
1820
1825
1826
1786
1828
1830
1831
1829
1834
1591
1834
1840
1845
1838
1846
1850
1852
1848
1857
1863
1859
1867
1869
1871
1878
1881
1885
1874
1903
1910
1910
1921
1921
1927
1924
1933
1937
1945
1957
1949
1958
1960
1965
1966
1964
1966
1971
1970
1974
1978
1972
1978
1980
1958
1989
1989
1992
1992
1996
1994
1997
1999
2006
2006
2009
1907
2009
2027
2012
2029
2034
2035
2036
2040
2042
2045
2056
2050
2065
2071
2058
2079
2087
2075
2087
2021
2091
2092
2093
2099
2099
2087
2100
2103
2108
2101
2111
2106
2117
2124
2130
2135
2090
2136
2141
2151
2160
2166
2173
2163
2173
2181
2178
2184
2189
2196
2185
2203
2181
2222
2215
2226
2224
2228
2229
2229
2182
2230
2231
2232
2238
2238
2234
2241
2254
2256
2260
2239
2267
2269
2268
2269
2271
2274
2275
2216
2279
2282
2286
2157
2288
2298
2298
2299
2299
2300
2303
2309
2310
2313
2331
2317
2333
2335
2333
2336
2331
2338
2343
2346
2343
2350
2352
2373
2358
2374
2378
2378
2342
2392
2396
2396
2399
2395
2399
2402
2405
2406
2410
2411
2422
2425
2425
2430
2406
2444
2445
2453
2454
2462
2468
2469
2472
2469
2472
2478
2484
2488
2490
2491
2493
2498
2497
2500
2453
2500
2504
2510
2513
2514
2515
2503
2517
2517
2517
2525
2519
2526
2526
2537
2542
2445
2552
2554
2555
2556
2556
2543
2561
2566
2572
2574
2577
2578
2571
2581
2094
2582
2582
2596
2605
2603
2605
2601
2607
2608
1950
2611
2614
2620
2618
2621
2624
2628
2631
2638
2640
2644
2645
2647
2644
2650
2651
2651
2653
2654
2633
2656
2663
2664
2656
2664
2668
2672
2685
2692
2693
2613
2694
2696
2698
2700
2699
2711
2712
2716
2717
2713
2720
2719
2722
2720
2728
2726
2730
2724
2740
2742
2744
2742
2749
2753
2758
2770
2772
2784
2787
2781
2799
2793
2814
2799
2821
2810
2826
2824
2826
2830
2831
2839
2846
2848
2851
2853
2795
2853
2854
2859
2855
2860
2868
2872
2875
2879
2882
2885
2886
2887
2890
2892
2854
2898
2895
2901
2898
2905
2914
2916
2904
2924
2917
2924
2925
2920
2930
2932
2939
2924
2946
2950
2936
2955
2962
2966
2964
2972
2977
2975
2989
2991
2997
2995
3012
3013
2994
3016
3020
3021
2998
3022
3035
3022
3040
3043
3061
3023
3062
3064
3069
3064
3073
3071
3074
3077
3020
3079
3081
3085
3085
3088
3093
3008
3095
3097
3095
3101
3105
3109
3112
3107
3112
3112
3119
3117
3122
3122
3140
3145
3149
3151
2988
3154
3152
3159
3167
3170
3171
3174
2906
3184
3187
3197
3202
3209
3210
3207
3210
3174
3213
3215
3218
3218
3231
3221
3232
3233
3235
3215
3236
3243
3245
3248
3237
3252
3259
3261
3266
3266
3266
3268
3273
3253
3285
3276
3287
3291
3292
3293
3294
3301
3302
3308
3311
3297
3315
3322
3322
3341
3352
3355
3357
3327
3363
3358
3368
3370
3370
3370
3371
3371
3377
3384
3385
3356
3390
3401
3388
3406
3414
3416
3419
3428
3429
3429
3437
3401
3453
3416
3455
3456
3459
3417
3461
3476
3476
3464
3478
3475
3482
3483
3488
3490
3497
3500
3485
3501
3504
3510
3499
3512
3516
3520
3519
3526
3521
3528
3531
3538
3552
3556
3558
3544
3564
3576
3569
3577
3579
3580
3584
3584
3585
3585
3592
3598
3514
3618
3616
3625
3625
3640
3643
3628
3646
3496
3651
3649
3651
3655
3651
3664
3420
3665
3667
3671
3668
3672
3675
3687
3682
3687
3685
3691
3693
3693
2845
3708
3716
3714
3716
3714
3717
3717
3718
3721
3726
3728
3731
3707
3734
3737
3745
3749
3750
3752
3748
3758
3760
3765
3754
3777
3782
3783
3783
3786
3792
3795
3804
3796
3807
3808
3812
3814
3795
3817
3826
3836
3757
3840
3845
3847
3849
3858
3850
3865
3869
3859
3886
3889
3872
3892
3870
3896
3897
3847
3904
3905
3910
3915
3916
3871
3919
3921
3918
3922
3931
3921
3933
3943
3955
3957
3959
3953
3962
3960
3967
3966
3968
3951
3970
3972
3974
3972
3984
3979
3984
3986
3990
3988
4000
4003
4006
4006
4007
4001
4010
1742
4019
4029
4029
4030
4021
4035
4046
4040
4057
4060
4060
4057
4069
4077
4079
4105
4107
4093
4109
4109
4109
4112
4112
4061
4117
4117
4115
4132
4135
4135
4139
4144
4150
4150
4153
4158
4118
4163
4175
4176
4176
4178
4181
4131
4185
4186
4192
4198
4203
4205
4150
4219
4226
4133
4228
4231
4237
4238
4234
4238
4236
4241
4242
4243
4249
4250
4255
4012
4257
4261
4262
4275
4276
4258
4282
4230
4284
4288
4291
4297
4302
4302
4303
4318
4320
4307
4321
4319
4323
4336
4342
4342
4355
4356
4357
4353
4359
4372
4373
4374
4367
4375
4384
4359
4387
4385
4392
4394
4407
4373
4408
4411
4415
4415
4415
4421
4418
4423
4413
4430
4432
4431
4433
4443
4441
4452
4362
4460
4463
4479
4479
4481
4480
4483
4487
4333
4499
4494
4500
4499
4508
4501
4515
4502
4515
4520
4518
4529
4533
4520
4534
4490
4539
4540
4547
4551
4543
4552
4561
4561
4565
4563
4566
4570
4573
4570
4581
4571
4587
4588
4587
4599
4603
4605
4589
4608
4611
4612
4613
4611
4613
4608
4613
4614
4614
4615
4632
4634
4062
4638
4639
4645
4642
4659
4659
4664
4673
4674
4645
4682
4683
4688
4679
4688
4689
4676
4691
4702
4649
4705
4706
4710
4715
4718
4719
4707
4721
4711
4723
4728
4724
4747
4747
4754
4756
4766
4738
4770
4773
4772
4776
4777
4779
4780
4785
4791
4787
4794
4795
4797
4798
4714
4799
4800
4803
4722
4813
4813
4817
4818
4820
4830
4830
4836
4840
4840
4841
4845
4848
4852
4853
4819
4858
4871
4871
4878
4857
4878
4879
4880
4881
4885
4893
4913
4916
4920
4919
4921
4929
4931
4934
4897
4935
4935
4936
4937
4824
4939
4943
4945
4953
4950
4961
4971
4975
4975
4961
4976
4959
4980
4984
4991
4991
4996
4984
5000
5002
5002
4969
5008
5015
5023
5025
5034
5040
5003
5042
5042
5020
5053
5054
5056
5058
5056
5061
5058
5065
5064
5069
5076
5077
5079
5083
5089
5093
5087
5099
5098
5099
5087
5109
5114
5101
5119
5117
5121
5130
5138
5140
5140
5127
5141
5143
5146
1474
5154
5155
5154
5160
5157
5168
5172
5166
5175
5183
5188
5190
5195
5198
5205
5186
5218
5212
5221
5221
5224
5227
5232
5233
5242
5253
5240
5261
5267
5269
5279
5270
5281
5281
5280
5304
5307
5288
5307
5284
5308
5267
5315
5322
5323
5167
5324
5331
5334
5332
5341
5336
5350
5335
5367
5370
5334
5375
5378
5382
5380
5382
5386
5386
5340
5387
5390
5393
5399
5403
5411
5415
5424
5424
5438
5419
5438
5445
5436
5446
5447
5449
5422
5454
5454
5461
5462
5468
5471
5472
5480
5483
5470
5485
5488
5493
5497
5504
5490
5511
5517
5519
5448
5527
5519
5528
5531
5536
5541
5543
5546
5559
5556
5560
5566
5531
5567
5573
5578
5588
5572
5588
5591
5594
5605
5604
5620
5610
5623
5597
5625
5625
5598
5628
5626
5628
5631
5633
5636
5641
5651
5654
5659
5660
5664
5668
5651
5672
5674
5678
5680
5586
5681
5681
5685
5686
5612
5694
5700
5708
5688
5709
5714
5689
5722
5696
5724
5151
5729
5735
5733
5741
5742
5740
5747
5747
5743
5749
5756
5757
5774
5754
5777
5775
5782
5788
5741
5789
5790
5793
5798
5790
5802
5804
5803
5806
5810
5813
5814
5820
5821
5823
5831
5838
5829
5839
5852
5805
5859
5856
5859
5858
5859
5872
5864
5884
5861
5890
5893
5864
5899
5810
5901
5904
5909
5912
5913
5916
5431
5917
5930
5930
5932
5940
5946
5925
5947
5950
5932
5954
5965
5966
5967
5967
5972
5968
5979
5982
5984
5980
5997
5978
5998
5977
6000
6019
6013
6020
6016
6022
6026
6026
6025
6043
6048
6058
6039
6059
6005
6060
6040
6061
6065
6080
6065
6081
6080
6086
6089
6090
6086
6098
6109
6108
6112
6115
6109
6136
6137
6137
6137
6140
6133
6145
6163
6152
6168
6168
6166
6169
6170
6171
6090
6177
6179
6182
6183
5956
6187
6184
6188
6189
6185
6191
6190
6193
6198
6197
6203
6202
6203
6204
6209
6191
6220
6213
6221
6214
6231
6233
6236
6236
6233
6239
6243
6251
5839
6256
6260
6264
6273
6269
6273
6274
6277
6275
6280
6283
6276
6289
6294
6299
6302
6306
6318
6322
6309
6323
6327
6333
6325
6338
6340
6342
6339
6346
6358
6361
6375
6374
6378
6391
6387
6393
6351
6397
6394
6398
6408
6409
6410
6410
6411
6412
6418
6420
6314
6421
6428
6428
6429
6438
6441
6431
6450
6455
6455
6460
6450
6463
6475
6476
6476
6478
6480
6458
6483
6489
6493
6488
6499
6496
6512
6522
6524
6528
6495
6528
6528
6534
6541
6546
6527
6550
6546
6550
6560
6566
6561
6574
6576
6570
6578
6592
6596
6560
6601
6613
6614
6616
6617
6620
6560
6622
6626
6621
6635
6633
6642
6644
6654
6655
6668
6666
6669
6633
6672
6678
6677
6693
6696
6707
6713
6714
6719
6723
6730
6731
6731
6739
6737
6739
6743
6748
6749
6750
6751
6753
6762
6773
6782
6777
6785
6778
6787
6785
6788
6788
6792
6793
6798
6800
6803
6805
6806
6805
6806
6813
6810
6814
6816
6815
6818
6812
6819
6820
6688
6824
6824
6704
6825
6610
6831
6839
6834
6840
6860
6839
6865
6867
6867
6830
6871
6852
6872
6873
6876
6873
6880
6880
6883
6889
6892
6894
6883
6899
6902
6891
6903
6871
6913
6913
6842
6920
6931
6937
6947
6940
6948
6951
6944
6959
6942
6960
6964
6971
6973
6960
6975
6979
6980
6981
6988
6993
7003
6984
7007
7009
6987
7019
7021
7021
6990
7022
7041
7045
7044
7056
7030
7059
7061
7066
7068
7071
7072
7073
7073
7079
7080
7065
7086
7092
7096
7102
7102
7106
7106
7016
7112
7108
7116
7107
7117
7121
7124
7142
7144
7148
7156
7131
7160
7165
7166
7176
7173
7184
7182
7189
7190
7179
7191
7195
7195
7201
7214
7193
7215
7219
7217
7225
7066
7225
7226
7226
7231
7237
7237
7242
7250
7229
7257
7259
7265
7271
7280
7281
7282
7285
7200
7306
7306
7307
7321
7312
7322
7322
7331
7329
7335
7345
7346
7303
7347
7354
7357
7359
7339
7360
7359
7382
7385
7383
7387
7382
7390
7393
7393
7395
7409
7412
7401
7414
7419
7417
7427
7433
7372
7434
7444
7453
7458
7463
7447
7467
7469
7472
7472
7404
7474
7480
7482
7483
7380
7486
7485
7488
7489
7494
7495
7496
7485
7497
7498
7505
7506
7524
7521
7524
7526
7523
7540
7540
7543
7542
7544
7514
7548
7557
7559
7560
7560
7570
7570
7575
7578
7581
7582
7584
7581
7586
7594
7555
7596
7614
7595
7621
7636
7601
7640
7633
7642
7645
7648
7603
7650
7652
7655
7657
7659
7660
7663
7598
7676
7681
7683
7684
7706
7692
7708
7679
7709
7720
7688
7720
7722
7724
7727
7722
7745
7748
7747
7755
7755
7758
7758
7729
7772
7760
7784
7772
7785
7787
7789
7695
7791
7794
7798
7735
7803
7815
7809
7818
7804
7826
7830
7832
7835
7832
7838
7838
7842
7848
7850
7854
7857
7857
7861
7862
7857
7864
7884
7885
7824
7888
7889
7890
7892
7850
7893
7895
7905
7896
7906
7907
7909
7910
7902
7911
7917
7913
7917
7917
7881
7919
7927
7927
7930
7930
7938
7938
7941
7928
7942
7946
7954
7972
7964
7982
7975
7982
7985
7973
7993
7990
7994
7995
7995
7996
7998
8001
7999
8001
7996
8003
8003
8004
7977
8007
8007
8016
8019
7367
8021
8022
8027
8031
8028
8032
8034
8036
8040
8036
8042
8044
8041
8056
8079
8079
8057
8080
8081
8091
8092
8093
8093
8095
8050
8096
8104
8111
8110
8118
8120
8116
8127
8122
8129
8129
8147
8156
8144
8160
8168
8151
8169
8172
8177
8113
8177
8177
8183
8184
8189
8189
8191
8202
8206
8191
8207
8198
8212
8202
8213
8199
8216
8233
8220
8235
8237
8226
8237
8238
8246
8247
8271
8274
8265
8275
8240
8279
8285
8288
8290
8289
8295
8297
8242
8297
8300
8301
8304
8323
8325
8324
8327
8339
8334
8356
8363
8368
8363
8378
8379
8382
8370
8383
8385
8389
8364
8392
8391
8393
8397
8409
8412
8413
8415
8416
8419
8300
8422
8432
8422
8435
8371
8447
8441
8447
8458
8458
8446
8458
8478
8465
8488
8491
8494
8496
8497
8471
8507
8503
8511
8511
8518
8519
8529
8530
8536
8536
8480
8545
8545
8547
8546
8550
8551
8550
8552
8552
8554
8498
8564
8570
8575
8571
8577
8582
8581
8583
8587
8589
8591
8593
8607
8611
8598
8613
8615
8623
8592
8623
8628
8637
8626
8659
8667
8668
8655
8676
8675
8676
8670
8677
8679
8660
8681
8682
8688
8695
8697
8699
8446
8710
8704
8712
8699
8715
8716
8717
8718
8730
8734
8739
8737
8744
8745
8730
8749
8751
8753
8760
8763
8766
8767
8773
8776
8777
8765
8791
8791
8795
8798
8808
8799
8810
8811
8781
8818
8761
8823
8819
8830
8823
8848
8824
8858
8860
8861
8861
8869
8870
8870
8872
8872
8880
8870
8883
8853
8888
8888
8891
8891
8902
8902
8889
8908
8884
8911
8918
8920
8922
8929
8930
8933
8937
8937
8939
8941
8895
8948
8952
8953
8963
8956
8968
8970
8971
8976
8955
8977
8987
8978
8988
8990
8990
8991
8991
8994
8998
8999
8973
9002
9005
9010
9016
8809
9020
9021
9021
9022
9022
9027
9028
8775
9029
9035
9031
9035
9039
9040
9038
9041
9044
9053
9061
9055
9061
9065
9040
9067
9069
9072
9075
9080
9084
9084
9040
9085
9092
9088
9098
9098
9099
9100
9105
9102
9106
9107
9113
9111
9123
9124
9126
9127
9137
9146
9147
9147
9148
9146
9151
9144
9153
9151
9155
9156
8065
9160
9182
9187
9191
9193
9183
9198
9203
9167
9227
9228
9218
9238
9244
9253
9257
9230
9258
9260
9267
9270
9289
9283
9290
9292
9296
9300
9196
9304
9306
9302
9307
9302
9312
9316
9319
9323
9321
9323
9325
9325
9329
9329
9329
9341
9349
9348
9351
9354
9320
9358
9353
9359
9374
9377
9363
9384
9366
9387
9390
9390
9391
9392
9197
9396
9397
9399
9408
9416
9409
9418
9407
9419
9430
9438
9456
9453
9459
9470
9449
9471
9401
9473
9474
9474
9479
9477
9486
9474
9490
9492
9491
9497
9495
9505
9508
9512
9514
9515
9508
9517
9520
9518
9523
9524
9526
9532
9537
9534
9537
9540
9541
9540
9542
9550
9548
9558
9559
9567
9573
9574
9503
9584
9197
9586
9585
9589
9603
9608
9603
9610
9596
9611
9614
9616
9589
9616
9624
9631
9595
9635
9645
9646
9647
9647
9648
9649
9650
9652
9657
9659
9666
9678
9676
9679
9686
9686
9688
9689
9694
9691
9697
9705
9695
9706
9707
9658
9710
9713
9716
9720
9721
9721
9707
9728
9726
9730
9739
9735
9739
9742
9737
9749
9751
9592
9755
9757
9768
9760
9769
9772
9778
9763
9782
9783
9787
9788
9773
9790
9804
9801
9809
9817
9826
9829
9829
9832
9831
9843
9847
9856
9863
9865
9873
9821
9874
9877
9892
9901
9879
9904
9906
9910
9904
9912
9917
9922
9924
9929
9895
9929
9929
9931
9932
9946
9934
9949
9951
9959
9855
9961
9970
9962
9971
9945
9973
9977
9974
9977
9971
9980
9988
9992
9989
9993
9982
9996
10000
9996
10006
10000
10010
10010
10011
10018
10020
10024
10026
10025
10038
10038
10025
10040
10047
10048
10052
10042
10054
10058
10063
10053
10065
10069
10075
10066
10078
10080
10085
10085
10085
10086
10035
10088
10089
10093
10100
10102
10103
10104
9835
10105
10106
10117
10114
10124
10113
10125
10127
10131
10132
10139
10143
10144
10143
10148
10150
10161
10173
10175
10175
10158
10180
10189
10185
10190
10129
10197
10201
10202
9782
10203
10204
10207
10218
10219
10223
10219
10223
10224
10224
10231
10232
10234
10245
10245
10246
10262
10263
10277
10254
10278
10265
10278
10281
10281
10282
10281
10282
10283
10290
10284
10295
10302
10303
10313
10315
10309
10319
10321
10322
10315
10324
10324
10325
10325
10326
10324
10326
10331
10339
10335
10341
10344
10348
10353
10356
10355
10361
10368
10322
10372
10376
10391
10393
10399
10403
10402
10407
10410
10413
10411
10422
10412
10422
10424
10427
10431
10440
10444
10439
10445
10430
10449
10415
10455
10438
10464
10463
10481
10483
10473
10491
10493
10496
10461
10500
10503
10508
10512
10510
10512
10522
10528
10513
10542
10544
10549
10546
10552
10519
10572
10580
10587
10599
10580
10618
10589
10619
10622
10608
10624
10609
10625
10529
10629
10637
10638
10645
10657
10642
10661
10662
10663
10664
10671
10678
10681
10679
10682
10685
10691
10695
10672
10698
10700
10708
10705
10711
10712
10715
10458
10720
10725
10725
10726
10727
10730
10738
10739
10742
10732
10745
10744
10747
10748
10758
10764
10765
10718
10766
10768
10773
10777
10783
10785
10786
10796
10799
10797
10806
10796
10808
10802
10814
10814
10819
10773
10828
10829
10829
10830
10831
10831
10841
10848
10850
10851
10854
10784
10855
10865
10858
10870
10871
10875
10875
10873
10876
10867
10879
10878
10885
10894
10894
10895
10894
10896
10899
10899
10905
10908
10870
10908
10909
10913
10916
10912
10920
10924
10925
10925
10926
10918
10927
10929
10934
10934
10937
10940
10938
10945
10946
10918
10947
10949
10956
10968
10960
10978
10984
10993
10964
10993
10994
11001
11003
11005
11007
11008
10925
11009
11010
11012
11014
11018
11019
11022
11013
11032
11032
11034
11035
11038
11044
10570
11047
11048
11051
11045
11058
11068
11072
11048
11074
11076
11084
11086
11088
11083
11098
11097
11098
11118
11123
11123
11118
11125
11082
11128
11153
11131
11155
11156
11079
11158
11163
11160
11164
11169
11172
11170
11173
11175
11174
11182
11184
11186
11187
11189
10980
11190
11194
11199
11195
11219
11203
11219
11226
11204
11233
11228
11235
11233
11244
11249
11250
11256
11265
11210
11267
11267
11270
11221
11299
11300
11301
11311
11316
11320
11218
11323
11326
11327
11331
11354
11356
11340
11356
11356
11346
11359
11359
11360
11282
11370
11370
11375
11408
11420
11415
11428
11430
11433
11433
11402
11435
11438
11442
11411
11454
11453
11456
11457
11461
11431
11463
11468
11470
11475
11481
11482
11486
11486
11476
11497
11506
11507
11510
11512
11497
11515
11516
11526
11521
11528
11481
11529
11529
11533
11498
11534
11403
11540
11552
11544
11553
11400
11555
11553
11559
11568
11574
11582
11583
11585
11587
11594
11596
11598
11609
11615
11628
11617
11631
11637
11634
11639
11641
11637
11643
11644
11646
11647
11657
11657
11679
11658
11680
11663
11682
11688
11694
11696
11669
11699
11703
11657
11706
11706
11709
11718
11722
11722
11723
11721
11725
11734
11738
11739
11744
11742
11752
11743
11758
11773
11776
11777
11773
11779
11781
11785
11788
11789
11798
11792
11803
11812
11812
11812
11814
11815
11820
11820
11831
11837
11832
11848
11684
11850
11851
11852
11857
11848
11857
11878
11861
11892
11886
11892
11893
11894
11855
11898
11903
11904
11902
11907
11895
11916
11917
11928
11930
11930
11946
11927
11948
11949
11955
11959
11954
11961
11962
11963
11968
11865
11971
11979
11981
11986
11993
11988
11993
11985
12001
12008
12008
12014
12018
12008
12020
12033
12033
12039
12043
12046
12054
12048
12057
12009
12064
12072
12074
12065
12075
12077
12027
12080
12083
12096
12097
12097
12079
12098
12103
12105
12089
12105
12119
12135
12091
12141
12136
12142
12147
12151
12152
12162
12165
12155
12172
12173
12174
12180
12184
12108
12192
12193
12202
12204
12192
12215
12209
12217
12224
12211
12233
12231
12235
12236
12233
12243
12246
12244
12251
12259
12252
12266
12260
12272
12273
12268
12274
12256
12277
12082
12288
12293
12300
12304
12306
12309
12270
12311
12315
12317
12319
12312
12327
12326
12327
12331
12331
12332
12340
12329
12342
12339
12344
12344
12352
12354
12359
12315
12365
12099
12374
12367
12374
12380
12377
12384
12390
12393
12400
12407
12412
12412
12392
12413
12415
12418
12379
12422
12427
12426
12431
12421
12432
12438
12440
12442
12450
12456
12462
12471
12463
12480
12472
12484
12452
12484
12485
12460
12490
12498
12499
12507
12507
12510
12525
12534
12483
12536
12539
12548
12377
12553
12554
12558
12565
12565
12565
12553
12566
12560
12569
12593
12574
12595
12592
12596
12567
12599
12605
12597
12617
12618
12622
12628
12628
12630
12638
12635
12643
12661
12655
12665
12666
12451
12668
12668
12676
12673
12676
12680
12682
12678
12684
12676
12687
12689
12701
12699
12707
12722
12726
12713
12737
12745
12743
12750
12743
12753
12754
12763
12759
12765
12770
12776
12777
12774
12780
12707
12781
12784
12788
12762
12803
12798
12809
12802
12817
12814
12817
12817
12823
12830
12824
12830
12830
12821
12832
12834
12835
12843
12847
12727
12853
12853
12856
12857
12862
12862
12867
12873
12871
12884
12886
12785
12889
12889
11676
12904
12892
12906
12912
12905
12913
12913
12917
12918
12929
12922
12933
12933
12937
12938
12947
12944
12955
12957
12959
12959
12963
12968
12962
12971
12979
12984
12947
12988
12989
13008
13024
13017
13031
13036
13038
13039
13039
13014
13047
13050
13054
13070
13075
13057
13075
13067
13083
13087
13094
13095
13074
13100
13102
13104
13099
13111
13120
13121
13127
13114
13128
13006
13147
13149
13149
13139
13155
13150
13161
13155
13163
13181
13160
13182
13151
13187
13191
13193
13197
13030
13210
13211
13213
13203
13213
13216
13222
13222
13227
13233
13237
13228
13238
13240
13237
13241
13245
13246
13247
13251
13243
13251
13258
13259
13252
13260
13265
13266
13275
13222
13279
13281
13289
13291
13286
13292
13295
13294
13307
13315
13312
13317
13317
13327
13324
13328
13331
13333
13301
13334
13336
13338
13339
13139
13350
13351
13358
13345
13367
13374
13382
13386
13393
13401
13397
13407
13400
13407
13412
13409
13412
13415
13386
13434
13434
13434
13349
13439
13440
13439
13442
13446
13450
13455
13457
13464
13464
13467
13471
13470
13477
13484
13492
13493
13494
13495
13490
13496
13468
13497
13498
13502
13502
13503
13509
13458
13512
13513
13537
13519
13543
13537
13546
13548
13455
13554
13548
13562
13573
13583
13588
13579
13594
13611
13612
13602
13613
13620
13619
13636
13636
3173
13637
13639
13639
13640
13641
13642
13642
13648
13653
13660
13668
13666
13670
13675
13682
13683
13665
13690
13651
13692
13696
13694
13709
13685
13717
13710
13726
13723
13741
13748
13749
13755
13757
13706
13758
13759
13765
13765
13769
13773
13799
13801
13803
13803
13804
13759
13814
13723
13817
13819
13823
13827
13827
13831
13831
13838
13839
13834
13840
13855
13881
13884
13859
13893
13893
13893
13896
13887
13906
13910
13915
13915
13915
13919
13913
13923
13920
13926
13934
13934
13934
13901
13936
13944
13936
13951
13955
13944
13958
13960
13962
13964
13968
13979
13978
13980
13968
13981
13982
13984
13989
13994
13985
14004
13991
14006
14008
14008
14011
14006
14018
14018
13945
14028
14028
14039
14038
14048
14034
14054
14055
14058
14030
14058
14062
14064
14071
14070
14071
14078
14070
14080
14094
14088
14097
14102
14098
14103
14102
14103
14102
14109
14111
14114
14117
14118
14119
14126
14128
14133
14131
14136
14137
14138
14100
14150
14152
14156
14161
14155
14161
14166
14171
14175
14170
14187
14187
14187
14189
14188
14191
14192
14192
14194
14194
14199
14206
14159
14207
14207
14207
14208
14150
14213
14214
14217
14218
14231
14236
14226
14239
14242
14245
14241
14260
14262
14249
14266
14270
14272
14273
14275
14265
14278
14279
14280
14229
14295
14303
14285
14304
14308
14318
14310
14324
14318
14325
14358
14346
14364
14331
14365
14333
14370
14371
14371
14385
14376
14386
14392
14395
14396
14347
14424
14398
14433
14438
14439
14447
14452
14451
14459
14429
14460
14463
14464
14465
14476
14477
14462
14480
14480
14488
14488
14498
14486
14511
14513
14515
14395
14520
14524
14527
14531
14534
14528
14539
14542
14542
14538
14549
14553
14553
14556
14560
14567
14568
14565
14568
14568
14564
14571
14571
14576
14577
14605
14583
14606
14606
14562
14614
14614
14619
14619
14516
14620
14624
14629
14631
14639
14648
14652
14658
14658
14661
14663
14669
14670
14676
14666
14684
14683
14684
14680
14689
14691
14700
14689
14704
14707
14708
14714
14699
14716
14716
14722
14725
14728
14728
14730
14707
14730
14730
14734
14734
14737
14747
14739
14748
14707
14767
14768
14763
14769
14770
14773
14776
14786
14779
14788
14786
14788
14799
14798
14808
14817
14808
14820
14825
14830
14840
14842
14844
14801
14847
14806
14849
14849
14849
14850
14852
14855
14816
14859
14855
14860
14865
14866
14860
14869
14588
14870
14882
14894
14894
14897
14901
14906
14913
14895
14915
14881
14933
14934
14939
14946
14940
14953
14957
14941
14960
14963
14962
14990
14992
14995
14999
14977
15002
15005
15005
15006
15014
15015
15012
15015
15019
14998
15020
15021
14999
15023
15024
15026
15037
14970
15043
15051
15040
15063
15067
15061
15070
15072
15089
15092
14899
15096
15102
15106
14891
15110
15111
15113
15108
15117
15123
15128
15128
15133
15135
15137
15109
15138
15149
15157
14942
15159
15162
15159
15162
15169
15175
15179
15186
15170
15187
15188
15187
15189
15192
15190
15196
15198
15198
15201
15202
15181
15204
15206
15213
15207
15216
15217
15222
15228
15227
15230
15230
15223
15231
15231
15231
15236
15235
15240
15246
15246
15247
15252
15258
15253
15262
15255
15265
15273
15262
15274
15274
15279
15286
15303
15305
15310
15312
15318
14883
15319
15322
15326
15327
15328
15330
15326
15332
15338
15350
15351
15354
15343
15358
15363
15373
15377
15377
15378
15361
15381
15382
15389
15391
15394
15414
15416
15399
15420
15391
15422
15416
15427
15429
15430
15428
15432
15435
15432
15435
15448
15451
15448
15451
15451
15351
15457
15459
15470
15467
15479
15481
15479
15485
15464
15485
15491
15492
15499
15507
15511
15328
15515
15513
15515
15517
15521
15512
15524
15526
15531
15532
15535
15554
15561
15565
14386
15566
15569
15576
15588
15567
15590
15593
15594
15585
15594
15597
15595
15598
15599
15577
15603
15603
15605
15607
15608
15613
15617
15617
15624
15608
15625
15629
15644
15640
15645
15636
15648
15648
15648
15650
15650
15657
15661
15658
15670
15660
15674
15672
15680
15679
15682
15687
15690
15647
15695
15693
15695
15693
15698
15698
15608
15705
15705
15707
15714
15725
15725
15730
15708
15731
15734
15736
15748
15750
15753
15757
15760
15754
15761
15771
15764
15774
15780
15778
15781
15755
15784
15787
15786
15789
15790
15802
15668
15804
15805
15805
15816
15816
15746
15838
15840
15834
15848
15829
15848
15850
15850
15852
15855
15859
15864
15866
15871
15873
15874
15838
15882
15883
15883
15886
15889
15878
15893
15895
15886
15897
15907
15911
15900
15915
15916
15920
15902
15922
15924
15941
15950
15952
15952
15959
15924
15975
15973
15977
15978
15981
15985
15990
15976
15993
15995
15997
15994
16002
15999
16005
16008
16009
16015
16018
16023
16034
16037
16042
16046
16050
15998
16075
16078
16099
16100
16104
16105
16107
16114
16114
16062
16123
16132
16112
16136
16139
16150
16155
16151
16166
16168
16167
16171
16172
16171
16174
16177
16183
16192
16178
16192
16161
16196
16056
16202
16202
16160
16204
16204
16204
15677
16209
16220
16221
16219
16223
16210
16226
16209
16228
16228
16233
16239
16221
16244
16244
16240
16245
16250
16256
16251
16258
16262
16264
16266
16270
16270
16271
16034
16275
16275
16278
16293
16298
16289
16298
16304
16306
16311
16307
16313
16324
16325
16321
16331
16340
16322
16340
16348
16343
16352
16357
16353
16369
16369
16328
16377
16381
16394
16397
16400
16404
16396
16406
16393
16407
16409
16385
16410
16410
16384
16414
16422
16413
16432
16423
16438
16432
16438
16441
16441
16444
16357
16445
16450
16448
16453
16464
16474
16472
16476
16483
16486
16489
16493
16495
16483
16505
16510
16508
16510
16498
16512
16483
16518
16520
16513
16526
16528
16531
16540
16541
16541
16543
16523
16546
16545
16549
16545
16574
16576
16568
16580
16591
16567
16609
16594
16611
16574
16614
16589
16620
16606
16625
16626
16557
16628
16633
16636
16636
16640
16645
16654
16651
16658
16662
16664
16665
16668
16681
16589
16684
16684
16686
16688
15868
16704
16700
16705
16707
16707
16711
16711
16697
16723
16718
16726
16726
16720
16729
16727
16731
16738
16733
16740
16741
16743
16744
16744
16742
16748
16760
16747
16765
16789
16796
16783
16804
16761
16804
16810
16812
16814
16819
16820
16773
16820
16824
16828
16836
16821
16841
16849
16855
16856
16856
16862
16867
16859
16868
16837
16878
16880
16884
16882
16884
16885
16890
16890
16890
16900
16905
16910
16910
16911
16897
16922
16923
16938
16942
16946
16943
16946
16972
16987
16964
16989
16990
17004
16939
17005
17009
17011
17010
17011
17017
17022
17039
17040
17048
17053
17055
17049
17056
17058
17059
17061
17063
17012
17080
17080
17092
17077
17098
17098
17095
17106
17110
17110
17111
17119
17121
17118
17132
17132
17134
17126
17137
17125
17145
17145
17151
17153
17156
17153
17165
17173
17176
17177
17201
17203
17183
17205
17209
17148
17217
17219
17181
17224
17220
17226
17230
17226
17237
17240
17241
17235
17244
17251
17228
17254
17266
17269
17269
17275
17252
17279
17280
17281
17283
17290
17295
17298
17256
17304
17295
17305
17307
17026
17318
17320
17309
17324
17338
17345
17340
17345
17346
17348
17346
17356
17362
17365
17370
17370
17362
17379
17382
17382
17382
17383
16220
17383
17384
17386
17388
17397
17393
17400
17401
17408
17406
17408
17409
17412
17410
17435
17412
17436
17437
17433
17443
17444
17426
17449
17415
17450
17451
17465
17466
17468
17470
17491
17478
17492
17479
17493
17496
17480
17496
17496
17499
17504
17507
17465
17507
17507
17508
17513
17513
17515
17516
17451
17526
17524
17529
17534
17537
17531
17539
17541
17549
17467
17550
17553
17557
17564
17570
17577
17583
17564
17585
17593
17596
17599
17600
17606
17597
17612
17594
17621
17614
17633
17631
17637
17623
17637
17648
17644
17655
17650
17658
17661
17665
17662
17679
17670
17679
17689
17671
17692
17699
17707
17707
17708
17633
17720
17721
17727
17722
17727
17728
17731
17733
17744
17750
17554
17750
17762
17750
17765
17765
17766
17767
17770
17770
17780
17782
17451
17787
17791
17802
17816
17817
17815
17820
17821
17822
17811
17824
17827
17828
17828
17830
17836
17838
17844
17790
17845
17847
17847
17846
17853
17849
17868
17867
17871
17879
17880
17896
17901
17883
17905
17906
17893
17906
17911
17603
17912
17921
17927
17914
17931
17932
17937
17938
17947
17942
17957
17954
17958
17959
17960
17961
17969
17971
17975
17980
17971
17985
17957
17986
17986
17863
17987
17991
17994
17990
18000
17987
18004
18009
18019
18035
18043
18009
18047
18060
18011
18062
18062
17992
18067
18068
18072
18073
18016
18083
18090
18094
18097
18097
18104
18105
18107
18120
18122
18109
18125
18130
18130
18137
18138
18078
18143
18145
18145
18152
18160
18171
18173
18177
18100
18179
18178
18183
18184
18186
18186
18187
18183
18190
18191
18191
18192
18197
18197
18199
18202
18208
18210
18217
18217
18218
18220
18221
18221
18194
18228
18231
18242
18245
18249
18253
18268
18237
18268
18269
18275
18278
18277
18282
18278
18292
18280
18295
18295
18295
18279
18300
18302
18304
18280
18306
18306
18282
18318
18179
18322
18324
18326
18327
18330
18329
18338
18348
18342
18351
18364
18349
18365
18360
18378
18365
18390
18394
16886
18397
18398
18394
18400
18395
18401
18406
18409
18412
18412
18420
18424
18424
18425
18418
18427
18433
18434
18435
18429
18441
18445
18465
18452
18480
18448
18482
18485
18434
18485
18494
18492
18494
18497
18508
18487
18512
18523
18527
18508
18527
18533
18535
18542
18532
18547
18508
18551
18557
18553
18559
18562
18566
18569
18572
18564
18585
18592
18588
18592
18583
18599
18600
18597
18600
18601
18617
18600
18622
18610
18630
18632
18632
18634
18635
18640
18602
18642
18655
18646
18656
18640
18668
18669
18645
18671
18673
18687
18689
18703
18714
18716
18688
18718
18691
18725
18725
18695
18733
18699
18737
18684
18740
18741
18743
18756
18665
18758
18765
18769
18801
18772
18803
18813
18813
18813
18817
18825
18808
18826
18828
18813
18830
18832
18843
18845
18851
18832
18852
18852
18854
18862
18870
18865
18873
18871
18875
18710
18876
18554
18876
18891
18885
18900
18900
18907
18909
18906
18910
18912
18928
18929
18936
18937
18942
18943
18945
18950
18952
18953
18959
18960
18954
18961
18967
18949
18968
18972
18962
18973
18981
18981
18991
18983
18994
18986
18999
18976
19000
19012
19003
19014
19006
19021
19035
19037
19040
19039
19073
19040
19076
19060
19082
19082
19057
19083
18976
19083
19084
19097
19100
19098
19103
19103
19093
19104
19105
19104
19113
19118
19113
19123
19123
19122
19131
19134
19138
19146
19146
19147
19132
19155
19158
19170
19173
19191
19183
19196
19208
19201
19210
19168
19211
19212
19212
19212
19213
19216
19219
19227
19229
19222
19232
19230
19263
19238
19270
19277
19278
19248
19279
19280
19283
19286
19289
19252
19293
19293
19294
19297
19301
19306
19308
19307
19316
19317
19324
19318
19334
19349
19350
19302
19351
19353
19357
19360
19364
19363
19368
19369
19361
19372
19368
19379
19384
19387
19388
19379
19391
19394
19371
19403
19397
19403
19401
19405
19407
19409
19159
19413
19414
19418
19426
19410
19426
19418
19432
19434
19456
19457
19470
19459
19479
19473
19485
19494
19468
19500
19513
19521
19487
19524
19524
19526
19480
19530
19536
19537
19548
19150
19553
19561
19565
19568
19580
19573
19583
19471
19590
19594
19596
19622
19623
19593
19623
19631
19636
19639
19657
19671
19655
19681
19643
19692
19686
19701
19695
19703
19705
19706
19711
19711
19685
19715
19714
19716
19713
19717
19718
19719
19717
19721
19714
19728
19735
19739
19733
19740
19721
19758
19758
19766
19750
19768
19771
19768
19772
19779
19785
19701
19790
19793
19797
19801
19800
19814
19791
19816
19819
19820
19820
19825
19831
19815
19841
19845
19839
19847
19856
19859
19861
19863
19872
19865
19873
19861
19873
19875
19876
19877
19868
19880
19897
19897
19905
19899
19908
19908
19887
19911
19912
19880
19913
19913
19897
19916
19925
19924
19929
19933
19933
19942
19942
19943
19943
19943
19946
19953
19946
19954
19956
19960
19937
19962
19852
19975
19974
19979
19987
19980
19995
19999
20000
19998
20001
20002
20005
20010
20012
20014
20016
20019
20026
20032
20032
19978
20037
20038
20034
20042
20048
20052
20051
20053
20057
20058
20064
20065
20068
20069
20070
20073
20073
20073
20073
19457
20075
20077
20082
20083
20098
20098
20103
20081
20113
20106
20120
20124
20126
20127
20128
20133
20144
20147
20148
20149
20143
20152
20157
20119
20169
20173
20174
20168
20176
20181
20176
20181
20188
20205
20181
20217
20214
20237
20237
20224
20241
20249
20186
20252
20267
20266
20267
20271
20274
20284
20262
20286
20287
20286
20287
20294
20292
20300
20295
20300
20303
20307
20316
20304
20317
20315
20319
20320
20319
20320
20320
20188
20328
20325
20328
20321
20330
20323
20330
20333
20335
20331
20337
20341
20342
20340
20348
20366
20355
20369
20348
20373
20377
20380
20371
20381
20391
20390
20401
20396
20404
20373
20405
20407
19821
20431
20435
20436
20435
20445
20446
20447
20447
20454
20456
20456
20456
20469
20475
20478
20464
20480
20475
20487
20493
20484
20494
20494
20496
20504
20491
20508
20513
20521
20521
20522
20524
20525
20442
20529
20527
20536
20536
20543
20553
20555
20555
20562
20557
20562
20564
20564
18466
20571
20573
20580
20574
20586
20588
20592
20589
20595
20596
20594
20596
20597
20597
20611
20608
20624
20625
20627
20630
20640
20646
20653
20650
20662
20664
20680
20673
20684
20684
20687
20682
20691
20692
20694
20681
20695
20686
20704
20699
20704
20706
20706
20708
20709
20662
20711
20711
20730
20726
20730
20734
20734
20720
20736
20723
20742
20742
20751
20755
20761
20625
20762
20774
20773
20774
20779
20779
20785
20786
20672
20807
20790
20811
20826
20827
20815
20829
20816
20832
20833
20838
20837
20849
20859
20840
20860
20860
20845
20863
20863
20861
20867
20876
20872
20888
20889
20892
20891
20897
20898
20793
20904
20904
20907
20920
20921
20923
20924
20931
20936
20938
20939
20885
20940
20942
20946
20959
20957
20963
20965
20967
20974
20974
20975
20956
20987
20977
20992
20985
20992
20996
21001
21003
21003
20948
21004
21016
21020
21023
21025
21018
21029
21029
20974
21036
21032
21036
21036
21043
20982
21044
21048
21049
21053
20941
21054
21060
21062
21074
21091
21120
21120
21124
21128
21064
21131
21080
21132
21138
21143
21133
21144
21145
21145
21147
21132
21153
21154
21155
21167
21172
21176
21175
21187
21190
21191
21194
21194
21193
21194
21196
21210
21227
21195
21227
21238
21242
21248
21249
21250
21248
21251
21248
21253
21253
21248
21254
21256
21256
21259
21262
21264
21157
21265
21267
21273
21274
21270
21277
21278
21278
21285
21264
21286
21295
21293
21297
21301
21309
21311
21313
21312
21314
21318
21317
21323
21324
21287
21330
21330
21336
21340
21340
21343
21354
21355
21369
21371
21372
20606
21384
21375
21388
21389
21381
21394
21392
21399
21400
21404
21390
21411
21411
21413
21417
21421
21417
21424
21420
21430
21431
21427
21435
21437
21438
21441
21457
21458
21441
21463
21474
21477
21478
21472
21485
21485
21491
21504
21497
21506
21499
21513
21514
21511
21515
21516
21509
21519
21536
21539
21542
21510
21545
21546
21553
21565
21567
21595
21618
21605
21625
21621
21627
21643
21645
21426
21647
21648
21650
21651
21653
21656
21665
21665
21658
21666
21653
21669
21677
21675
21682
21682
21677
21688
21650
21691
21695
21694
21710
21704
21711
21713
21703
21717
21726
21729
21747
21708
21757
21762
21759
21763
21760
21768
21759
21770
21775
21771
21783
21786
21789
21781
21790
21793
21799
21801
21802
21802
21754
21804
21822
21821
21830
21831
21836
21837
21840
21803
21843
21850
21854
21853
21854
21864
21865
21867
21832
21868
21873
21878
21889
21876
21893
21897
21900
21903
21907
21916
21902
21928
21922
21935
21946
21956
21963
21939
21973
21981
21886
21985
21990
21994
21886
22001
22002
22010
22008
22020
22014
22021
22023
22006
22025
22028
22037
22040
22042
21949
22042
22042
22047
22048
22043
22084
22075
22084
22088
22089
22057
22090
22058
22091
22091
22064
22093
22093
22076
22096
22088
22097
22098
22108
22110
22114
22116
22116
22106
22121
22122
22131
22131
22133
22135
19014
22144
22144
22146
22148
22152
22155
22157
22164
22165
22165
22161
22167
22168
22175
22178
22180
22181
22183
22197
22196
22211
22218
22219
22223
22203
22233
22239
22229
22240
22241
22243
22261
22247
22264
22267
22268
22183
22273
22241
22277
22279
22279
22289
22290
22297
22298
22291
22301
22304
22306
22308
22319
22320
22327
22325
22334
22346
22347
22332
22348
22349
22370
22279
22371
22372
22379
22381
22382
22384
22390
22381
22390
22394
22395
22402
22395
22413
22414
22139
22421
22421
22423
22440
22426
22444
22445
22446
22447
22303
22453
22472
22467
22473
22458
22474
22475
22477
22483
22468
22484
22487
22493
22486
22497
22503
22506
22506
22512
22518
22521
22536
22531
22536
22539
22540
22543
22544
22537
22549
22549
22536
22551
22552
22554
22566
22529
22571
22572
22578
22579
22570
22580
22576
22582
22584
22592
22585
22601
22611
22613
22583
22614
22617
22574
22618
22619
22622
22619
22625
22625
22627
22601
22629
22635
22636
22636
22641
22645
22469
22645
22646
22652
22648
22656
22659
22659
22660
22667
22667
22647
22669
22667
22669
22677
22686
22685
22697
22706
22701
22707
22718
22715
22718
22723
22723
22719
22725
22725
22728
22725
22730
22730
22728
22731
22731
22735
22698
22739
22735
22741
22746
22747
22755
22757
22760
22767
22768
22768
22740
22774
22769
22774
22775
22775
22775
22781
22787
22788
22794
22797
22794
22800
22801
22804
22811
22815
22821
22822
22830
22848
22832
22861
22862
22866
22872
22876
22870
22893
22902
22910
22897
22915
22914
22917
22882
22919
22920
22924
22926
22927
22883
22928
22895
22932
22937
22937
22955
22973
22975
22977
22956
22978
22983
22985
22986
22994
22994
22988
22997
23003
23007
23008
23018
22998
23019
23021
23026
23026
23029
23037
23039
23042
23043
23043
22974
23049
23052
23056
22999
23065
23059
23068
23066
23073
23072
23092
23076
23095
23084
23096
23071
23098
22929
23098
23101
23099
23109
23102
23118
23120
23125
23111
23128
23129
23129
23136
23136
23130
23148
23150
23145
23154
23154
23158
23158
23159
23159
23162
23160
23174
23163
23175
23121
23177
23191
23192
23186
23198
23199
23201
23201
23202
23204
23218
23221
23203
23222
23223
23225
23212
23226
23232
23229
23232
23233
23234
23228
23234
23240
23240
23246
23256
23243
23265
23269
23273
23276
23269
23277
23279
23279
23282
23283
23247
23297
23297
23283
23298
23300
23296
23319
23328
23315
23330
23331
23302
23334
23317
23345
23347
23354
23312
23359
23367
23363
23375
23376
23193
23377
23379
23385
23388
23391
23392
23392
23396
23398
23395
23400
23407
23422
23424
23388
23430
23430
23450
23435
23450
23440
23451
23427
23458
23462
23467
23451
23469
23463
23480
23467
23483
23483
23368
23487
23488
23486
23496
23506
23486
23510
23511
23517
23526
23533
23537
23521
23539
23547
23549
23553
23519
23557
23561
23564
23565
23560
23567
23571
23573
23577
23585
23585
23592
23586
23593
23595
23602
23507
23616
23606
23620
23616
23622
23625
23625
23629
23640
23645
23643
23651
23651
23630
23652
23653
23656
23659
23661
23661
23605
23667
23679
23669
23688
23683
23689
23701
23698
23701
23688
23704
23709
23711
23713
23710
23714
23714
23671
23715
23715
23723
23724
23717
23725
23728
23727
23744
23761
23766
23728
23769
23735
23773
23774
23787
23787
23789
23747
23790
23796
23800
23738
23805
23812
23811
23813
23813
23822
23826
23827
23709
23829
23833
23834
23836
23839
23846
23849
23858
23859
23843
23861
23838
23883
23886
23876
23889
23893
23884
23900
23896
23904
23761
23911
23921
23917
23922
23926
23926
23927
23932
23639
23935
23947
23950
23953
23958
23938
23967
23967
23962
23975
23984
23986
23991
23990
23998
23999
23971
24021
24008
24022
24025
24026
24034
24036
24043
24042
24044
23974
24048
23985
24049
24055
24056
24066
24060
24075
24080
24083
24084
24059
24092
24095
24098
24087
24103
24107
24114
24126
24091
24130
23221
24134
24138
24153
24156
24142
24162
24160
24178
24180
24181
24199
24208
24181
24209
24206
24210
24211
24165
24212
24211
24212
24213
24218
24219
24230
24236
24237
24246
24256
24247
24256
24263
24263
24277
24269
24279
24271
24280
24287
24287
24231
24290
24295
24298
24299
24292
24311
24317
24318
24325
24312
24327
24299
24328
24330
24333
24290
24343
24347
24344
24355
24373
24359
24381
24383
24394
24383
24404
24415
24408
24418
24423
24398
24427
24429
24351
24431
24432
24433
24436
24438
24453
24458
24452
24462
24463
24468
24469
24474
24435
24483
24484
24486
24455
24491
24314
24494
24495
24498
24499
24513
24502
24522
24530
24530
24531
24537
24540
24561
24564
24569
24583
24572
24586
24588
24593
24597
24598
24595
24598
24609
24563
24615
24619
24624
24626
24619
24631
24643
24632
24652
24658
24678
24669
24679
15693
24689
24686
24692
24690
24699
24695
24701
24701
24704
24693
24706
24708
24709
24709
19307
24710
24715
24722
24712
24730
24744
24754
24745
24756
24755
24767
24770
24747
24771
24750
24776
24777
24781
24783
24790
24796
24782
24796
24804
24814
24816
24817
24799
24820
24821
24817
24837
24832
24843
24819
24849
24867
24872
24873
24874
24842
24883
24891
24875
24891
24893
24888
24896
24898
24901
24901
24910
24827
24925
24933
24935
24935
24953
24949
24953
24945
24954
24959
24848
24964
24961
24978
24980
24965
24986
24964
24986
24994
24996
24997
24969
24998
25018
25018
25023
25032
25023
25043
25042
25047
25050
25040
25054
25060
25061
25033
25062
25064
25071
25071
25073
25077
25076
25078
25082
25087
25054
25089
25090
25090
25093
25098
25095
25101
25101
25103
25037
25104
25110
25128
25136
25141
25148
25139
25151
25125
25155
25158
25161
25124
25164
25161
25164
25164
25166
25166
25171
25175
25177
25165
25187
25189
25195
25192
25211
25212
25213
25209
25220
25223
25223
25224
25189
25228
25191
25229
25232
25235
25236
25236
25186
25240
25241
25267
25270
25250
25278
25279
25249
25285
25291
25292
25298
25300
25282
25306
25271
25307
25308
25310
25311
25318
25314
25318
25320
25265
25321
25323
25329
25333
25321
25339
25334
25341
25348
25352
25349
25361
25357
25367
25352
25372
25376
25382
25389
25391
25392
25395
25383
25396
25403
25410
25420
25421
25424
25403
25428
25439
25445
25440
25454
25459
25446
25459
25463
25466
25467
25467
25460
25475
25426
25478
25430
25479
25482
25483
25461
25484
25484
25485
25489
25410
25491
25493
25490
25508
25524
25533
25534
25493
25537
25416
25548
25548
25546
25551
25553
25569
25566
25577
25582
25588
25592
25589
25600
25611
25612
25613
25615
25616
25594
25618
25618
25619
25622
25624
25624
25598
25626
25640
25641
25632
25648
25663
25641
25665
25668
25684
25667
25686
25686
25691
25693
25694
25686
25696
25679
25700
25700
25706
25669
25714
25715
25716
25730
25719
25735
25731
25737
24892
25741
25742
25745
25747
25750
25764
25779
25779
25789
25789
25792
25792
25808
25783
25810
25810
25815
25817
25817
25819
25821
25826
25832
25826
25834
25835
25832
25836
25840
25840
25847
25843
25847
25848
25848
25865
25771
25877
25881
25883
25884
25885
25900
25904
25878
25906
25916
25919
25909
25920
25931
25928
25940
25936
25950
25951
25962
25960
25970
25953
25973
25983
25985
25958
25995
25992
25998
26002
26005
26018
26019
26020
26024
26025
26032
26036
26030
26041
26043
26050
26056
24223
26061
26061
26065
26068
26084
26084
26099
26105
26089
26119
26136
26116
26139
26117
26141
26143
26142
26143
26146
26147
26093
26150
26153
26099
26155
26163
26175
26178
26178
26179
26180
26088
26183
26184
26188
26198
26201
26201
26205
26208
26151
26212
26214
26233
26237
26252
26254
26255
26253
26257
26235
26267
26271
26289
26272
26290
26290
26293
26273
26293
26294
26297
26298
26295
26303
26304
26299
26306
26310
26309
26320
26320
26329
26329
26328
26331
26340
26337
26342
26187
26350
26363
26356
26366
26371
26373
26368
26376
26380
26384
26396
26404
26408
26412
26413
26423
26429
26420
26433
26435
26439
26444
26440
26448
26457
26455
26464
26466
26466
26462
26467
26471
26461
26473
26475
26481
26459
26486
26485
26492
26495
26493
26500
26501
26507
26503
26510
26513
26526
26522
26529
26532
26403
26543
26543
26549
26551
26544
26551
26564
26564
26564
26567
26574
26574
26582
26594
26570
26596
26582
26596
26604
26615
26617
26619
26611
26623
26635
26636
26630
26643
26645
26639
26648
26650
26636
26659
26654
26661
26662
26670
26671
26671
26671
26679
26684
26686
26686
26688
26689
26664
26690
26690
26676
26695
26697
26697
26557
26699
26708
26700
26709
26609
26710
26710
26728
26714
26744
26745
26746
26749
26754
26757
26756
26759
26761
26761
26761
26094
26765
26768
26778
26771
26789
26798
26798
26789
26801
26801
26790
26806
26807
26783
26811
26820
26821
26829
26828
26838
26839
26845
367
26846
26858
26865
26863
26871
26874
26877
26878
26878
26879
26880
26880
26882
26890
26894
26896
26862
26902
26914
26909
26914
26915
26920
26927
26925
26928
26934
26935
26945
26951
26951
26953
26927
26956
26963
26969
26963
26970
26972
26979
26984
26985
26993
26993
26999
26991
27001
27006
27009
27014
27009
27016
27022
27021
27022
27030
27030
27030
27032
27034
27048
27057
27069
27068
27069
27074
27073
27076
27034
27091
27056
27092
27093
27090
27096
27105
27097
27117
27060
27118
27122
27122
27127
27129
27137
27131
27137
27133
27140
27143
27148
27148
27153
27080
27164
27175
27179
27193
27199
27199
27195
27202
27203
27187
27207
27218
27219
27221
27222
27230
27209
27231
27233
27237
27240
27244
27247
27249
27236
27253
27272
27273
27254
27274
27253
27278
27282
27286
27287
27289
27291
27250
27297
27291
27307
27320
27316
27326
27327
27320
27328
27339
27332
27341
27348
27338
27357
27321
27359
27361
27334
27362
27366
27315
27369
27370
27379
27383
27380
27385
27401
27393
27408
27376
27411
27424
27426
27435
27433
27435
27421
27437
27420
27440
27446
27448
27358
27458
27456
27459
27473
27476
27476
27476
27481
27477
27484
27485
27488
27492
27470
27498
27508
27501
27509
27511
27511
27518
27519
27520
27525
27391
27527
27527
27534
27547
27545
27554
27556
27558
27564
27566
27570
27571
27574
27580
27593
27595
27581
27597
27576
27599
27600
27586
27600
27603
27572
27605
27608
27611
27618
27615
27626
27627
27628
27632
27633
27644
27645
27660
27656
27662
27666
27665
27669
27669
27670
27673
27678
27680
27361
27691
27697
27698
27698
27698
27699
27687
27701
27708
27708
27722
27718
27724
27726
27729
27710
27733
27744
27750
27739
27751
27751
27753
27750
27754
27759
27760
27753
27779
27770
27783
27786
27776
27786
27789
27795
27798
27799
27800
27800
27802
27807
27808
27779
27808
27809
27810
27813
27822
27824
27838
27838
27785
27846
27768
27848
27846
27849
27850
27851
27852
27860
27863
27864
27870
27878
27878
27867
27879
27881
27895
27895
27884
27896
27927
27902
27936
27922
27942
27954
27956
27951
27960
27961
27964
27967
27850
27972
27973
27967
27975
27975
27986
28005
27987
28007
28013
28015
28017
27997
28021
28021
28024
28004
28031
28031
28034
28028
28035
28036
28036
28027
28047
28053
28055
28056
28068
28071
28045
28073
28085
28087
28088
28061
28091
28092
28094
28005
28103
28106
28103
28116
28117
28119
28125
28119
28127
28128
28133
28137
28127
28142
28146
28150
28132
28160
28154
28177
28176
28179
28076
28180
28180
28184
28181
28189
28197
28197
28198
28220
28223
28217
28233
28235
28235
28242
28255
28253
28257
28251
28259
28262
28269
28260
28288
28276
28296
28302
28302
28308
28317
28299
28318
28321
28321
28292
28322
28326
28328
28326
28331
28339
28334
28341
28344
28348
28354
28329
28367
28370
28372
28374
28325
28377
28377
28382
28378
28382
28392
28397
28385
28404
28398
28404
28398
28407
28031
28408
28424
28424
28426
28424
28428
28426
28429
28439
28428
28442
28442
28437
28445
28447
28448
28456
28456
28459
28457
28464
28464
28448
28465
28466
28468
28471
28471
28472
28475
28485
28487
28462
28492
28496
28492
28497
28498
28500
28501
28409
28505
28503
28523
28518
28523
28527
28530
28535
28537
28540
28526
28557
28562
28565
28570
28566
28572
28528
28574
28572
28582
28589
28597
28596
28598
28585
28603
28604
28606
28605
28612
28614
28619
28587
28631
28635
28625
28635
28637
28642
28646
28647
28633
28650
28626
28651
28651
28634
28659
28657
28664
28664
28665
28665
28668
28669
28673
28674
28675
28678
28685
28045
28686
28717
28685
28734
28734
28734
28722
28734
28736
28741
28744
28721
28746
28748
28722
28749
28753
28772
28756
28775
28777
28781
28783
28787
28796
28797
28760
28802
28809
28812
28818
28810
28820
28821
28830
28837
28822
28837
28825
28842
28842
28837
28850
28854
28857
28871
28865
28881
28868
28887
27790
28897
28887
28902
28910
28913
28896
28914
28917
28920
28916
28926
28932
28936
28940
28897
28942
28947
28948
28949
28958
28973
28975
28977
28981
28971
28987
28968
28989
28967
28990
28990
28998
29000
29005
29022
29042
29033
29048
29049
29016
29053
29056
29057
29060
29033
29061
29016
29063
29065
29066
29075
29082
29080
29083
29080
29084
29085
29096
29065
29097
29105
29101
29109
29109
29110
29072
29121
29120
29121
29121
29124
29121
29125
29131
29130
29131
29135
29135
29143
29150
29151
29144
29151
29153
29161
29168
29161
29172
29174
29174
29174
29165
29175
29198
29198
29203
29207
29137
29215
29219
29209
29223
29224
29211
29229
29226
29229
29235
29237
29233
29237
29241
29245
29246
29246
29245
29247
29249
29251
29255
29257
29263
29148
29267
29281
29275
29287
29289
29145
29291
29309
29310
29313
29318
29320
29326
29313
29329
29324
29332
29333
29338
29339
29346
29349
29343
29350
29338
29359
29360
29357
29360
29361
29363
29365
29370
29376
29382
29361
29383
29387
29389
29340
29389
29394
29400
29389
29401
29402
29418
29407
29419
29401
29421
29411
29421
29420
29426
29432
29435
29438
29234
29446
29439
29446
29446
29448
29449
29449
29450
29455
29461
29473
29474
29474
29463
29475
29230
29481
29484
29489
29491
29491
29492
29499
29503
29501
29511
29510
29515
29182
29516
29515
29518
29537
29528
29545
29545
29547
29518
29551
29551
29549
29562
29571
29584
29585
29566
29586
29581
29587
29601
29610
29612
29624
29614
29629
29630
29632
29606
29647
29649
29651
29616
29659
29661
29553
29672
29667
29673
29675
29676
29686
29691
29674
29693
29694
29697
29699
29696
29702
29581
29707
29722
29732
29710
29732
29737
29737
29737
29738
29748
29585
29752
29764
29769
29774
29770
29784
29787
29789
29791
29693
29801
29806
29807
29793
29810
29816
29811
29816
29828
29824
29841
29827
29842
29847
29848
29849
29850
29847
29851
29856
29861
29861
29861
29866
29880
29882
29887
29868
29896
29897
29836
29900
29901
29904
29915
29922
29923
29932
29923
29937
29939
29947
29948
29950
29949
29951
29955
29951
29962
29971
29978
29968
29983
29982
29983
29970
29990
29960
29990
29991
29994
29996
29996
29951
29998
30001
29972
30002
30006
30007
30013
30018
30029
30033
30022
30044
30047
30039
30048
30049
30051
30035
30060
30072
30073
30055
30075
30079
30082
30085
30085
30088
30090
30098
30110
30091
30112
30114
30119
30119
30120
30132
30132
30132
30134
30135
30133
30137
30146
30145
30151
30150
30152
30160
30163
30162
30163
30169
30160
30176
30169
30178
30180
30182
30192
30196
30182
30196
30198
30130
30200
30200
30207
30214
30209
30219
30219
30225
30226
30230
30230
30232
30236
30215
30237
30226
30238
30228
30239
30253
30265
30265
29696
30276
30277
30281
30276
30295
30296
30298
30293
30306
30307
30307
30310
30300
30310
30313
30320
30326
30315
30332
30326
30334
30320
30334
30343
30336
30347
30353
30355
30339
30356
30357
30353
30360
30363
30365
30364
30372
30364
30376
30375
30380
30378
30381
30387
29619
30390
30397
30397
30401
30410
30389
30412
30406
30421
30424
30434
30438
30445
30415
30448
30461
30453
30462
30450
30464
30448
30487
30470
30497
30487
30505
30509
30509
30516
30517
30513
30519
30511
30520
30527
30531
30534
30536
30539
30513
30539
30560
30566
30567
30569
30556
30571
30575
30579
30581
30582
30586
30584
30588
30589
30592
30592
30598
30595
30600
30602
30606
30597
30607
30608
30612
30591
30613
30625
30633
30637
30617
30641
30647
30615
30651
30654
30659
30624
30664
30672
30674
30672
30675
30675
30678
30678
30683
30625
30684
30686
30688
30688
30690
30692
30705
30707
30710
30706
30710
30711
30712
30717
30722
30725
30715
30727
30727
30723
30729
30730
30736
30748
30748
30720
30749
30751
30757
30770
30771
30781
30778
30784
30782
30786
30787
30791
30797
30633
30800
30777
30805
30821
30816
30824
30817
30831
30827
30834
30835
30838
30838
30844
30845
30828
30847
30851
30832
30860
30864
30871
30873
30876
30876
30877
30878
30882
30882
30862
30883
30891
30893
30896
30886
30900
30908
30894
30911
30923
30909
30934
30931
30934
30942
30960
30938
30967
30971
30976
30980
30982
30988
30599
31004
31007
31003
31007
31009
31015
31018
31024
31014
31026
30993
31029
31030
31031
31038
31036
31044
31038
31051
31050
31056
31056
31034
31058
31070
31058
31076
30895
31081
31087
31084
31087
31089
31099
31102
31108
31110
31110
31113
31126
31107
31135
31141
31142
31149
31145
31165
31151
31167
31171
31108
31177
31182
31188
31183
31192
31210
31223
31204
31224
31210
31229
31230
31237
31243
31192
31248
31250
31250
31251
31261
31268
31269
31269
31275
31267
31278
31263
31284
31285
31302
31286
31303
31289
31310
31312
31311
31316
31316
31280
31319
31328
31335
31322
31340
31340
31343
31341
31346
31350
31346
31352
31350
31354
31353
31354
31366
31367
31369
31373
31373
31375
31387
31379
31390
31388
31391
31398
31400
31365
31410
31427
31425
31431
31435
31436
31397
31463
31444
31463
31471
31465
31478
31480
31480
31488
31492
31490
31498
31500
31503
31503
31509
31510
31515
31529
31533
31483
31545
31551
31534
31557
31562
31569
31579
31580
31583
31608
31609
31525
31611
31617
31618
31621
31631
31635
31639
31634
31640
31641
31642
31638
31645
31652
31654
31658
31674
31658
31675
31670
31676
31677
31685
31669
31686
31666
31688
31692
31689
31692
31697
31699
31706
31703
31709
31716
31704
31719
31728
31735
31730
31737
31740
31743
31746
31475
31751
31747
31754
31757
31754
31759
31764
31761
31773
31781
31791
31793
31795
31801
31810
31814
31815
31797
31817
31820
31820
31821
31822
31821
31826
31825
31829
31832
31833
31833
29126
31834
31834
31836
31834
31843
31839
31849
31851
31856
31860
31855
31862
31865
31882
31882
31864
31885
31890
31883
31890
31891
31894
31900
31902
31897
31912
31895
31926
31927
31930
31940
31885
31943
31946
31945
31952
31949
31964
31983
31965
31987
31991
31991
31995
31996
32000
32006
32007
32008
31961
32009
32015
32013
32017
32018
32024
32027
31969
32028
32028
32037
32040
32038
32043
32044
32033
32045
32047
32048
32050
32051
32056
32056
32057
32062
32064
32049
32070
32071
32074
32078
32080
32081
32086
32095
32094
32104
32107
32099
32109
32112
32113
32122
32127
32127
32063
32136
32137
32129
32146
32147
32139
32156
32162
32165
32165
32169
32168
32170
32174
32175
32179
32179
32162
32184
32186
32187
32182
32191
32192
32191
32199
32193
32200
32202
32210
32184
32212
32216
32133
32225
32228
32234
32237
32241
32228
32244
32229
32252
32254
32262
32257
32264
32267
32279
32270
32280
32284
32281
32293
32293
32294
32271
32296
32297
32298
31961
32306
32306
32313
32314
32317
32326
32328
32320
32332
32335
32336
32336
32342
32331
32343
32353
32358
32347
32364
32372
32365
32375
32383
32384
32389
32370
32389
32367
32395
32396
32397
32399
32395
32399
32347
32407
32402
32409
32406
32410
32413
32399
32416
32428
32427
32430
32431
32417
32434
32441
32440
32441
32446
32451
32451
32472
32470
32473
32447
32473
32474
32478
32482
32458
32487
32502
32511
32512
32513
32516
32516
32526
32534
32447
32535
32536
32536
32499
32540
32547
32549
32550
32552
32570
32567
32574
32575
32580
32582
32588
32551
32590
32589
32591
32594
32594
32594
32599
32601
32603
32039
32606
32606
32607
32607
32614
32614
32616
32616
32610
32618
32617
32622
32626
32630
32624
32631
32626
32632
32632
32639
32645
32647
32639
32654
32653
32666
32674
32678
32672
32679
32656
32681
32690
32697
32710
32721
32721
32722
32722
32676
32725
32733
32726
32740
32751
32743
32753
32754
32755
32762
32767
32767
