100
1000
15409
15404
15425
15410
15406
15405
15433
15426
15417
15411
15407
15449
15445
15442
15437
15434
15429
15427
15421
15418
15413
15412
15408
15453
15451
15450
15447
15446
15443
15473
15439
15438
15435
15469
15431
15430
15428
15465
15423
15422
15419
15461
15415
15414
15458
15457
15456
15455
15454
15492
15452
15478
15491
15477
15448
15476
15490
15475
15444
15474
15489
15497
15440
15472
15488
15471
15436
15470
15487
15496
15432
15468
15486
15467
15500
15466
15485
15495
15424
15464
15484
15463
15420
15462
15483
15494
15416
15460
15482
15459
15499
15502
15481
15493
15501
15503
15480
15498
15479
