100
3282
29310
1473
1295
2581
10149
26808
14630
10781
6377
3613
5539
1502
11320
29110
24198
27500
26924
26439
6355
2760
17037
19973
16440
25849
6422
6221
32752
12639
23420
31638
29415
11589
26540
23717
12063
2485
4436
19456
8274
27536
29094
9892
30169
12766
25689
12026
10188
30306
22000
12808
22379
31857
18238
3300
3772
517
10794
9839
9078
9998
31664
12607
16670
24328
16168
18909
24176
8402
16075
17713
8704
18622
13683
17210
31265
24805
17826
23043
27654
17341
25030
27858
24103
19693
2491
930
25062
3167
402
14035
16499
12183
26001
801
20205
5444
16250
6611
19914
