100
402
517
801
930
1295
1473
1502
2485
2491
2581
2760
3167
3282
3300
3613
3772
4436
5444
5539
6221
6355
6377
6422
6611
8274
8402
8704
9078
9839
9892
9998
10149
10188
10781
10794
11320
11589
12026
12063
12183
12607
12639
12766
12808
13683
14035
14630
16075
16168
16250
16440
16499
16670
17037
17210
17341
17713
17826
18238
18622
18909
19456
19693
19914
19973
20205
22000
22379
23043
23420
23717
24103
24176
24198
24328
24805
25030
25062
25689
25849
26001
26439
26540
26808
26924
27500
27536
27654
27858
29094
29110
29310
29415
30169
30306
31265
31638
31664
31857
32752
