10000
480
14986
9438
31579
36
16119
10533
3095
32380
5772
32213
515
11787
3117
26443
24788
20798
12258
28546
7276
5889
5432
15076
27228
13874
20708
8031
19623
23893
31146
12732
14793
19082
12413
15660
1527
8125
29672
22820
29097
18205
17068
4459
342
31695
20907
21618
638
19171
22788
7139
25070
8327
15488
892
14144
13690
4909
16926
10657
28868
21064
14625
4567
4517
8032
3563
32130
13771
3513
449
30625
4039
19183
31708
14937
25026
32475
31168
11762
4204
25274
22985
22819
25142
21388
13319
9871
16065
25531
13644
9103
662
12285
12418
7218
15127
31611
23106
14466
24246
22323
25251
32521
21860
22683
24912
24724
25932
9095
18398
12599
22466
19276
20060
12945
27254
20262
3627
4945
24814
13783
16144
2041
18995
3217
19079
24803
20170
19734
10586
16769
6885
28446
16243
23784
14555
10489
10734
23440
28630
9077
13171
20053
31435
9474
25283
21186
11184
30740
22416
19599
20201
4297
27026
22632
25347
13772
15831
23537
30884
12409
18011
22278
20162
18498
24536
23111
32532
3409
479
18132
20166
13934
13608
15189
30577
5668
17447
21054
31818
27423
23007
5457
24474
4057
763
19044
19566
19830
17691
32100
2191
21996
16492
27546
17076
10598
3963
13357
4343
27371
22859
29160
13190
26682
18853
8766
28571
22777
25519
32139
5806
6415
25280
9373
3561
25167
7539
18291
27100
18774
7930
10564
29298
438
27317
9668
8995
11604
7683
7074
31596
15118
25689
24661
13180
6305
29073
8472
10545
15306
30340
21811
6466
18092
17370
9597
30910
19314
3873
27935
693
29493
3613
14234
20020
3104
23647
24588
119
17106
24345
13743
28507
2819
6961
18850
18450
31595
12692
18924
3610
8415
30157
3518
1648
3262
21206
14072
25345
8843
29230
3311
16993
26843
22827
29805
22463
24946
28818
10490
20249
11433
10853
7002
16812
31763
14844
6487
20143
6239
4695
8897
11328
32384
7859
4018
17567
22540
26971
27670
13210
21218
9409
11371
14408
7184
19149
8134
28410
500
18037
17175
26479
417
23438
22957
27463
17283
16610
28413
2234
19271
8322
9631
13706
24309
29278
30617
7734
26975
25874
19424
30065
23487
18691
1308
22482
21148
12715
28076
6093
493
16689
9450
1506
11393
21053
29104
2324
10910
29706
7707
7069
17385
27837
16526
32736
24709
13813
5626
16799
21887
10147
20829
22382
20586
17692
1161
30824
9798
24684
1575
31264
2471
2029
30971
19163
27667
29209
22634
23548
3755
23453
11833
4287
1549
2990
21911
1322
13690
29344
28510
16705
1332
5813
27542
11386
22570
17203
19515
21872
1239
11705
1343
25051
21864
1490
7635
15040
21277
8907
30435
18661
24817
17346
23263
21896
27005
5632
15041
25424
9242
30089
15436
4996
13638
7152
32145
27515
11849
12656
12728
3668
12312
29753
31485
16103
13689
27144
9721
15866
18536
20474
10787
22713
9913
15522
5014
15200
6656
10329
14869
23611
1710
20437
26956
4816
30332
9470
24152
12123
8717
16892
16010
9850
15822
4757
27496
9514
3618
10166
22517
8434
1724
26959
17203
14430
31051
6756
31717
30639
5981
25442
4505
21969
19325
22191
5862
32141
11679
9092
22771
14080
5823
27391
12344
1356
6084
27508
20105
19597
22442
30213
11856
5135
7392
25202
1818
14526
1519
30002
27477
9181
13661
27586
29527
23035
29905
9021
6563
30243
4983
3373
11368
25940
934
26272
30795
30256
31681
25983
4198
4344
7771
20508
22417
11192
28062
13066
12000
20159
3565
10545
28013
15698
7112
27169
1367
5794
6384
4775
31242
763
13516
23454
3009
16701
29708
13064
15434
10384
31628
27486
4361
29268
635
29988
13888
24663
12220
22207
26510
4939
26252
22155
16821
9591
18022
2857
24992
23980
25123
17942
29860
3707
29286
3202
7686
30117
1847
4703
21949
12243
31982
27576
9338
5255
14419
26692
24806
3667
28163
19771
21034
17225
30998
24936
23477
8626
1278
32640
5689
9475
3762
8882
31223
26380
269
8575
32317
20851
28784
2764
21037
865
14767
22837
4799
16251
2091
28837
8714
30228
1851
6691
959
16288
17105
29167
25334
23404
31578
31694
9517
1677
28901
20898
11917
16151
27016
8253
15216
18319
30463
26231
29473
32418
16279
10878
6114
24342
20043
6510
30772
15362
11820
17698
1362
3386
21766
29769
13055
24590
8512
14524
1153
16436
28420
16399
27374
11522
2208
4709
22694
28384
30252
13193
11809
24830
28781
23099
25579
834
31482
12744
5612
26757
27037
23006
21485
21758
21756
6301
23384
8446
17017
29425
7743
13278
854
7968
15264
11062
3869
1439
19688
592
23871
17450
11445
19933
507
26387
6880
24550
4737
19675
25019
26629
5208
26623
24727
25556
31741
21268
8074
29606
32461
27414
20591
26485
15396
25598
24877
6172
455
2962
829
24774
12159
11905
19558
19623
32263
21423
21707
19690
11560
16846
30248
2794
23843
814
4185
10916
5967
23510
30492
4461
18947
26067
27927
1248
15286
18384
20509
13851
14693
14823
23213
3371
1078
19639
7867
18628
16986
9911
7603
17973
30519
11209
8636
1436
18119
17171
15418
15958
2107
12042
3478
6074
27621
11215
14913
23047
14420
18367
12534
11162
25281
10822
9792
11877
1706
15603
26941
4508
188
27346
30113
27569
12534
27126
26365
28803
10252
17237
12610
22483
17417
3289
17025
2039
57
2483
29172
22738
31814
9459
24642
771
32417
31317
11519
3933
30243
24926
9586
23191
16117
11944
20636
325
11949
8059
31861
18439
11193
9116
12409
21505
21505
31082
10595
18315
30408
20518
16953
5929
26067
25747
28296
10941
25038
19391
10737
7931
9707
24608
228
15134
22220
1250
5804
28377
22691
13184
19628
27793
20632
1938
28392
13257
21867
15590
2503
8158
4954
21457
19735
20212
26437
20423
8273
30000
13584
17450
19486
28712
32073
9056
23835
11927
30218
1064
9177
16470
11041
20782
30249
8839
26991
5853
5526
7187
31118
25460
24370
15960
28087
27996
10390
24091
1762
29625
28196
6340
29998
3391
13967
14794
30596
22854
20382
5228
7799
18209
18476
9634
13935
26540
19316
4691
7431
32037
16779
21960
1459
15677
22830
13409
29094
31086
24254
18054
24307
8590
1161
12257
29426
21669
75
22218
9189
29692
8693
12291
9691
27766
18348
29350
7893
10787
21269
18523
26152
27155
976
19918
21282
24168
23362
30561
24304
22703
28056
11806
7615
28273
17416
14575
21282
19460
13402
17937
9652
10663
20904
10438
13822
5839
23138
8010
7323
4027
18324
13577
5017
4430
24940
5391
20259
7966
31991
24768
18781
28617
18219
24265
1424
13192
16682
5718
3719
10502
20933
10886
13369
29810
4159
2587
19624
27858
11348
18295
31752
21403
6010
11460
18468
10879
21351
24690
31486
7047
2515
11750
6325
10081
20863
18032
27820
3579
17526
3710
29161
9553
19347
19216
6843
4739
17219
17260
15264
6442
23948
11027
7525
29932
25935
26611
31375
29006
18122
2270
27642
13258
352
59
2240
27682
26269
30460
15708
24307
19061
19408
7696
32397
2252
4761
14468
1538
1084
10272
10415
19069
530
11783
29946
14037
1945
768
30115
9570
7324
2877
19296
3088
5926
23848
10566
11953
21644
9811
30184
19352
941
23730
1987
30307
25721
4104
218
5400
8368
28575
3485
13172
8684
22588
2831
8319
2274
32338
22568
2660
10725
2166
22136
3200
12972
11795
24078
25529
23892
11871
10392
15633
21672
13197
30668
21114
11681
30277
31494
18925
6697
13649
14386
2742
14628
21913
31724
32018
10161
15953
5350
26619
14253
17777
24202
24899
28538
16485
24289
992
14078
3334
31668
24711
21998
9930
2801
23676
10060
7223
16975
29352
9774
30878
18997
2796
14274
30213
30681
23477
22159
2917
29349
2512
765
11030
18654
31360
7448
17799
14215
3022
2961
25650
10627
10017
21509
28879
12795
25102
2178
31944
1535
8561
11848
7406
14704
29373
460
11626
17181
3984
15363
4598
3116
16267
15580
17997
3772
3168
16143
21215
18376
31788
30997
31178
78
17928
20343
12294
12721
13530
31820
14047
2397
11378
20477
27049
20393
1234
28492
5039
13825
12236
12949
25196
20548
23763
2643
18430
15723
3851
3301
25047
17260
22946
4499
14262
25181
13923
31948
26325
8925
10888
8625
3428
9136
11728
23768
2615
10921
2002
19529
25788
15565
6033
18637
28975
437
14672
1129
1297
30260
16040
29221
20438
12858
11479
23313
11230
17912
13659
17546
31654
29253
7360
3002
26432
16449
950
23134
3584
15416
18022
22732
121
22473
26118
16692
5799
14151
12459
14374
30318
28255
7007
3668
24131
28667
628
20378
2090
13671
17432
17211
14560
24754
26921
16750
20313
24152
20554
537
26733
18973
3894
18652
27342
6972
32340
4689
3901
23489
8844
9874
14589
28468
26970
13564
12936
11383
27424
23859
8834
20209
10177
18790
19691
749
29035
15829
29848
4412
31156
16784
28900
28194
13545
17537
19363
12144
1954
26284
31575
11757
29338
17590
3495
22010
12478
28068
22028
27510
31620
26086
29902
17632
27006
23444
18991
16827
6959
28663
10725
55
10781
14923
25294
5645
3623
26563
28384
20651
27929
7374
24415
16529
2174
31641
22866
5115
15798
29653
13879
1216
19528
16314
7414
23930
22137
12876
10004
23015
20509
15069
26153
26255
20397
16851
23956
935
30106
17067
17517
20278
24033
18238
9147
31350
20448
10307
9447
11901
8295
14102
9329
9244
31251
13496
23778
29448
32727
14870
15874
23607
32220
30094
17482
5005
7307
25007
25756
19640
18920
22848
24626
3929
19745
11396
5333
5732
14438
7101
7503
16073
11516
23279
22050
18772
9613
742
6778
29649
15043
4986
19809
11637
5653
27410
818
27257
1760
22375
24400
23304
28089
9099
31255
2395
29186
18217
25363
8995
13755
6926
4976
29223
31643
14056
25778
18478
29535
23630
24487
25119
8291
4865
30617
1639
3695
23154
1479
25243
18643
5252
6423
27742
18358
3474
28165
18822
18347
17844
8927
890
16261
24382
31796
2526
26733
22154
19850
18547
3121
26360
23119
21560
3551
16690
17170
29654
24723
30389
21235
1850
24717
16013
16728
4740
17030
30559
15330
28704
3396
2733
19616
28210
20845
5462
28802
23352
5017
31068
29200
17899
7338
15594
23643
29797
9312
23190
6708
22153
2600
26339
5533
30624
4149
12042
27517
13120
19666
13562
1944
12658
17911
11421
15549
28179
27418
24157
11585
20347
24903
4839
6061
4189
21875
27694
23476
238
18702
20403
19304
25418
3287
17925
7341
26387
24052
29571
3821
2139
22850
3689
6413
21956
14570
30219
13216
25061
4149
20315
4955
25584
31137
19121
26569
19346
27444
30412
29248
19483
9488
17684
2324
8927
28232
8993
23306
7388
5106
19841
1808
8093
24189
16310
23595
14686
28997
25983
21936
31856
18533
29017
10167
10719
18636
31812
28621
28499
5780
21194
24041
15412
9615
4926
27042
29201
14370
322
26526
29763
16470
12939
4942
23245
22316
30953
24792
19591
15921
11649
11093
17532
8019
16733
4925
18064
32499
14120
8479
18278
5179
27186
150
19328
31666
18107
26488
424
30733
22381
32080
23695
13641
19498
22287
28597
16886
24072
23294
5000
13014
13466
8439
5328
9382
12402
8917
29514
4156
16099
20777
29587
9426
6924
24623
2120
7330
8209
24832
22124
16307
4268
31496
22794
2290
30693
22971
26651
8580
1821
8836
9897
9819
5457
1790
7221
27655
9117
18279
32087
13519
2815
14674
26532
3329
14174
9883
5332
16774
5067
6304
18725
9401
3078
25518
250
5498
18244
1722
8648
31869
47
13138
12850
13288
7727
4563
23923
3358
29672
5595
17917
26837
18180
30465
27487
5487
1330
8644
10092
26503
19054
13506
1690
16586
7300
24107
32680
30984
32719
11636
20100
23946
18759
11600
30315
15015
20923
23004
12114
9106
28250
18201
17029
27766
21112
2976
6798
2757
16015
17297
2648
20429
8324
16333
3988
12684
2348
13669
5212
5573
6927
338
29718
21331
22124
21606
18332
23998
26237
23426
15514
20236
21499
14346
31799
17369
16613
23702
25847
15786
4478
8682
7135
32639
9877
10281
14555
6311
3336
22597
4702
4568
18059
6586
27720
28799
4006
4220
3596
1109
18173
30509
1042
13107
22996
27028
4186
14119
22994
13131
3683
711
8197
30391
20043
16325
8487
16445
11063
7108
22304
22963
24821
22378
25547
29205
25824
19383
20733
28026
17924
22933
4548
28998
22659
30640
10476
160
12344
21127
6344
15655
11929
12996
47
8160
10210
7624
2244
15987
25456
25739
2682
28824
31594
5283
2136
27084
24487
32674
27258
6984
32716
19621
6489
29235
24757
18474
24140
17943
8471
26146
11598
2962
12643
10824
15361
8014
17133
27312
2547
15666
12877
8355
15904
30682
28933
15274
32185
17477
12901
10985
8228
28110
24492
4270
25668
1630
6000
21578
2810
9951
15424
1568
31468
5108
22151
18939
20869
6887
19891
15269
1341
15075
15511
437
32026
28259
25870
680
16758
10474
1762
28723
10756
23797
7660
7384
11534
7725
19324
20408
13312
13282
28411
2728
6442
12213
12750
30342
12994
23700
2686
27086
3880
6636
31510
15720
18030
30489
3789
25540
1304
8994
23269
30249
13344
1187
1747
11338
25150
3594
8096
29211
21094
8710
14991
4066
21393
7229
11008
6289
17856
21054
20372
4691
28734
8374
14994
3429
3366
22758
14730
7463
11814
8788
56
26483
24194
9409
31402
15917
9820
3676
2725
30491
21298
18997
13382
30199
10664
31476
32229
7363
25736
3531
1854
5725
9479
31145
7123
12115
14410
32433
17548
12536
22056
31210
7329
29368
15666
8504
28089
5544
20464
15243
22356
7777
5998
10582
1382
24847
20215
20803
14916
29637
23841
17701
12228
6932
24074
13101
5024
25819
8928
30562
8988
25952
19111
24907
10729
19104
22582
494
26696
14820
27011
5631
9331
11157
29729
24657
27448
14673
11015
2192
17383
4670
29075
21042
23406
2463
32719
16299
27331
29605
7154
30176
23682
17543
3370
29663
30168
9685
11160
29389
1695
30217
12700
543
25802
26207
12884
13326
14084
10982
22879
28228
21140
28887
22503
13020
12420
3878
8926
30089
15874
9560
26247
20757
3078
7316
21305
12558
8757
16124
10080
17340
30982
22846
6852
18517
24355
6757
3854
3444
19986
9718
10632
13256
29204
3128
14884
2313
26957
7379
5056
3889
32294
18332
14760
1000
24816
32688
1628
31808
9418
21696
12180
26786
964
13995
19330
5385
11844
5970
15191
31085
10665
24232
7944
28291
559
25864
13906
6819
21522
26572
21244
11017
28663
11291
16476
11585
7815
17410
17436
7389
18269
10694
7230
31081
32546
9593
7774
30881
16630
12492
23607
10465
22290
19748
29033
6108
13996
32752
24186
20881
21275
26937
5402
19323
11324
10362
6571
4104
7188
947
24064
15949
10167
1209
14693
12792
22376
208
8672
26502
23041
15995
2743
28854
30614
11667
3122
3389
5973
26007
14498
15291
23728
24131
17058
22254
8127
5732
22685
4901
17631
7402
22929
28664
14240
12351
18194
29239
3294
26583
6289
14880
4141
7177
21470
18901
16507
29
3820
4109
32752
8870
16085
2825
31513
18450
30749
6090
2886
21375
1083
16769
6192
12752
28757
9543
15583
31488
31052
15886
13259
15799
30968
11479
20034
10523
14517
20774
31497
2281
19742
17843
8262
18372
24344
5475
19613
27597
1555
15478
922
16755
6028
18946
10575
10381
4054
13728
20798
14246
30747
15717
29817
10647
28062
24596
21255
18780
11842
18321
1162
20512
20048
14233
31775
27034
31605
21681
902
21148
28938
22364
29059
17897
408
32657
8067
11080
22940
23660
25219
15574
24455
15396
2862
5792
21769
22589
12613
25713
7567
4607
20036
8681
19979
21286
27459
8399
27123
26331
26138
18856
29068
24291
4552
19081
9576
22807
13846
10281
9005
14612
12919
25914
16281
10803
18483
13306
16835
32188
20420
26117
25508
14678
23936
3693
15317
27074
6521
2572
29850
3529
20130
25113
29728
11635
30003
15610
23043
29050
15438
20825
30227
20222
22242
3962
7256
7034
4048
29900
31316
7415
26956
15806
20871
27264
19334
27091
15161
12501
1674
17913
22899
12132
11109
28951
6479
372
138
3813
27249
1956
5492
7424
4054
1428
14732
7742
28109
18402
23116
4158
31042
26200
3237
24388
11330
30307
17822
19524
9148
16839
1599
31037
19077
21906
32429
4041
13727
32078
27798
13809
5563
32379
14543
17733
25084
10301
6204
30765
8190
2897
13297
378
27927
28229
7318
16960
11485
20969
3344
4584
232
6657
16478
19585
28121
11836
24256
6999
20890
10090
17951
11207
3816
23785
12713
18513
4623
26208
1212
2031
4853
26032
15621
1957
14426
11560
20457
25178
94
5625
30499
23270
4676
6889
12463
27756
23925
2891
30183
13546
10696
27182
28141
28174
32000
19925
8008
26700
31127
21351
25810
15405
6842
31464
10705
9706
29076
32616
12644
16185
18383
32634
27937
2919
19288
2536
9980
2471
10083
25253
618
16810
11952
5123
6343
32367
31500
8230
13557
11101
9754
26297
29255
1935
32595
4831
17053
9071
25420
9581
8144
23686
6199
28502
27728
19346
21421
4199
18187
22745
19883
20020
22161
27326
1242
22354
20342
25234
6163
18118
14840
23468
22818
31678
15074
24764
31946
6527
25521
2908
3082
17311
19956
16872
31391
27252
1529
1936
1738
15308
2213
4779
18003
3038
22692
7502
1230
19073
28355
9246
22301
22684
2457
1890
2102
20958
8301
16989
17191
7855
32084
11482
7767
25190
17050
31496
27662
6588
24419
28552
29751
32128
14226
29637
31589
32141
746
2692
15125
26618
10099
20668
12083
4240
4896
167
23775
3201
22702
11033
30320
22102
5071
6929
185
28202
22664
6029
23948
18966
12760
30627
24445
10988
29594
15566
19176
10536
25516
10118
26678
3619
32337
31251
2907
19850
22996
23970
13475
13071
28015
7577
11951
6238
16234
11560
19898
14163
16007
11040
13346
27754
19102
22537
16419
32119
12421
12911
1765
14487
7474
11644
185
32614
19492
13772
19103
4722
29951
30844
8461
12528
15478
8324
30699
24750
11373
32327
21474
29257
30559
19817
18646
5536
2814
3297
16817
4744
13850
7503
30051
31170
26052
6543
11559
25130
15795
7566
16391
1584
4071
28508
26530
21900
30603
16003
21037
20270
6944
28056
5560
14196
23000
6671
26802
32416
26688
22099
17328
27529
8226
18967
20586
24209
1962
11494
18950
16598
21447
20226
12954
29613
27092
9323
492
21580
9336
1598
12668
10182
24523
7744
18884
829
4282
12475
21694
1106
27564
14473
22951
28129
24166
2414
17923
31980
24875
27819
26593
2516
25384
27599
23904
18895
22032
15825
7538
17558
7428
2652
32224
21086
25269
30570
23182
13834
6860
13588
16897
10143
12938
31656
19230
25336
13483
12285
30772
3771
25745
8707
19261
3979
5278
6558
28513
7039
15330
9653
7100
8659
3830
24966
4961
23262
8231
9276
26271
5188
19159
20163
22915
3437
28193
11227
5021
30774
15036
5739
32007
29158
6178
23064
27812
2147
25841
535
2982
8102
5777
2623
4691
19308
31767
9827
16904
28974
10345
5086
16510
18004
18339
10607
14412
32422
25530
6472
25261
16131
23648
6497
24196
10325
5671
26130
30877
3780
9448
21217
18742
12586
30054
23961
19134
1223
14895
30620
19932
26935
8131
31097
28339
22688
3064
29889
28517
26672
27805
22551
7125
11463
22878
6535
6834
22512
3303
23321
20401
8470
31053
15781
13081
20213
31657
21992
17029
30030
29446
30680
28389
15071
15997
19509
11207
15250
26270
25697
981
23285
30226
16497
22174
6890
17791
31620
9113
19104
16044
4691
1638
8641
23270
30730
18520
7149
24738
27991
11057
10344
9315
19904
20780
527
20702
18233
26177
17297
31324
12278
28324
3035
353
28286
24207
18132
2187
10241
24385
28235
444
10475
25927
22317
5756
15289
31738
24316
28568
25099
27209
3452
8207
9211
5304
32432
14127
27054
16553
10500
15868
4904
7386
21452
9169
16997
13104
20973
24138
2981
10163
21722
16480
7
26841
27587
19670
18009
13575
777
2005
13871
6485
30708
3027
10546
19858
5288
26041
30395
4488
2133
31812
19873
28544
12207
1707
24655
2057
16798
22147
5913
19190
13366
30944
15568
16806
28137
29374
22931
20104
5883
7327
12265
1501
7991
24949
4109
960
19425
25793
30089
25444
25067
21501
8966
15262
16491
26424
12387
17571
32589
21760
16132
2834
26181
15748
18541
21557
20488
20730
15119
6020
19900
13631
22881
12650
7853
28349
3891
13132
20545
20626
12608
29896
6702
14319
23298
19002
19178
5821
24266
1157
22628
4487
31759
7696
26865
13460
20486
14606
26761
1107
13428
21251
32307
27901
193
20867
30142
21877
24909
19517
29106
22899
14599
14393
31110
28385
16699
22622
14355
31365
23467
5943
32329
6113
19170
11767
24097
6231
17605
15546
29138
32145
4971
14349
9032
29472
14382
20401
2002
2915
17666
12956
9243
17323
24582
21569
11355
5020
9561
5905
5326
3031
23343
66
1638
18390
11300
22735
3005
14102
23504
24512
2637
380
10651
29099
23523
2802
21970
18811
7249
23121
31995
15984
32611
26499
15718
9063
17173
5353
23301
11100
4611
22522
21885
30509
27169
21805
9341
12448
23468
29465
3663
22184
13409
10459
19629
7908
27372
3001
29653
4201
24227
24581
20448
15297
16244
12611
11343
13363
12828
13710
14823
11845
1178
55
1727
26496
1764
18352
15511
15219
23512
17064
6507
2555
22133
24696
22088
21185
14155
24766
28767
10755
24112
3655
2136
27288
17461
8499
19432
18734
20953
3155
7590
11479
25980
14806
28442
28868
7702
31525
279
29519
15912
12299
32331
5695
15091
26905
9237
5192
19433
2377
28054
20434
3681
10977
29963
32508
4494
19354
32602
22751
24242
1026
26090
10263
20879
19999
21176
26240
21790
8021
680
17981
22660
22921
537
19455
4162
22407
6075
24195
22444
6305
20901
28509
18076
20377
26786
8437
20327
22722
28108
3535
30992
23393
30301
5391
2492
6745
14785
20540
13670
14344
22000
5700
9428
29036
11770
12224
26826
5258
5859
8314
11645
13840
18098
10796
16970
27193
14789
27787
18856
1265
615
18052
9564
9530
13989
23750
29420
4046
28765
27008
11349
7429
5015
14700
16640
15866
20248
31244
15091
23785
2869
15668
17477
7388
15078
21960
8404
15495
17179
29127
28730
8304
27731
5512
19452
18515
4714
23620
5637
13252
1714
8661
2899
31254
22598
31165
28401
6524
30363
5994
24869
16750
25176
3001
14058
7246
24680
31672
26016
23628
25421
13488
22275
3975
7863
16739
14682
32628
31061
25746
8176
8068
20715
7362
1992
20225
17573
5440
5261
29241
31147
10339
6600
9951
3573
22289
17494
6062
11617
22916
30744
13135
32002
11598
13804
19069
20667
17563
7644
22887
24333
15031
24982
86
26414
12752
15132
28559
32091
15868
15293
19067
29038
382
1860
17925
947
24133
20335
1604
23544
24757
9123
32602
30435
18346
26845
23964
32137
19898
3564
14579
15163
6075
20446
6017
9635
27781
8888
904
11025
6649
4714
14472
15119
11075
12289
11176
15675
21595
24351
29527
27222
14034
6056
21043
15256
25547
28607
26922
25670
16200
497
21727
2439
10407
943
14927
11380
3180
8194
1716
31342
17216
27258
26282
30644
25146
32360
14480
14388
24670
7756
32305
6818
13667
26513
4515
14792
21946
28280
8560
2077
12235
22099
14324
18840
3714
14835
20998
24518
1290
30819
18651
7195
18392
14807
4902
3206
5868
16607
8580
30279
7507
23520
23064
29445
27121
2757
30578
25627
25981
11506
20150
12340
27085
19321
16634
32535
24148
21393
23535
26564
32233
21828
28100
17599
10697
6759
4167
8876
28128
10703
28494
32028
6724
2754
20053
15783
5635
23724
4456
12603
20254
5907
19780
26547
27605
1485
8889
12715
8485
21873
26962
12435
21136
17419
27960
11523
24348
18964
17492
10062
16286
20385
32436
22106
23096
16858
13872
2223
12065
7342
16717
7117
17060
15557
3425
32195
26732
3510
25592
27901
21502
26747
8055
27230
4743
13858
4863
4495
20952
10948
10644
19350
6319
11451
127
4010
21560
15376
240
9797
24275
28211
15592
8828
25624
20975
4950
1420
17944
20380
24449
16565
26598
22935
14245
2379
343
239
32481
13066
24581
16993
20048
1194
14746
8071
31095
15027
29515
22604
12767
11411
674
22691
3586
18413
19329
11897
30572
22069
8036
7143
17434
16506
16870
6573
32550
17794
5767
24028
9382
22044
23468
15058
21713
2994
5863
27243
16995
27934
5753
6518
24643
30142
11285
18278
4707
4811
1255
20042
26088
2790
17109
9984
5260
1012
15109
15781
22336
6956
32159
27215
19477
17262
2772
25087
29532
24023
22815
13265
2060
16530
4298
9846
14181
8177
8373
2532
31699
3516
4179
20812
7957
713
13045
2381
10142
9932
8267
32359
13628
19057
5671
10162
4343
18344
10117
10704
29756
15424
23753
1568
19259
21176
10567
18996
30349
3410
23048
21382
20506
18280
25035
31590
30522
24835
9803
16183
10266
18602
12992
14555
8802
22392
29608
31596
25364
13170
24519
10285
13751
11287
12909
20416
24758
17720
6903
29593
28931
25609
1432
15282
26879
21113
24922
13440
22174
3263
1887
10535
5318
3381
10093
28138
15353
2666
23978
12005
1588
23410
21923
5886
10775
30337
7827
25369
28997
15801
5347
13707
3598
3647
1261
15825
29772
17812
27397
2179
14730
12579
29882
2947
16492
7190
10073
17018
13131
28526
20403
28549
4639
6227
7968
21547
22434
10408
6596
30355
31154
26083
14865
18163
18679
14876
28045
14668
29639
15203
20182
10069
12358
15703
16611
3764
20946
8437
20364
32628
19870
22189
31053
20148
29340
18107
17991
24988
22689
5044
20615
9366
19140
27487
8587
698
12551
22983
2306
29065
15673
21134
20692
25823
24346
25732
29282
16163
17345
19320
12559
4545
25659
21583
15871
16858
26485
18259
18719
25914
23387
19661
9061
27530
2370
32725
22105
26566
27011
9065
21716
3570
31337
11709
10503
14601
32334
7634
17344
3383
25856
20298
20713
2631
25706
16507
13649
8799
1136
32450
6576
10475
8730
11545
9957
11735
11765
22764
22401
6401
10678
4393
649
6638
10529
29591
888
16316
23081
9320
9092
19799
22617
25617
10274
7664
20338
14169
10956
11691
12630
21936
7682
6808
804
20931
9103
12773
1445
12365
6157
23890
15591
24880
30635
1252
6951
20164
46
14558
21236
30575
13366
14317
5266
17782
9155
9635
15005
6418
7671
1318
10734
14535
12318
19498
26819
7153
5611
8732
12569
17312
32516
8096
605
5541
19906
8766
30276
28141
13105
2136
23800
23054
19551
26976
25716
13088
9427
7752
20273
2510
16987
11833
32258
6316
7691
29575
20796
12492
11906
3301
9499
21644
26479
28373
28001
29873
21076
10595
13376
954
9354
13843
122
21358
30342
25112
26311
28856
90
10438
19063
29108
32638
4682
4440
27146
10705
27289
20186
31099
20955
25766
10865
10425
8277
32216
1339
2172
1771
13755
8931
18130
20544
28150
22981
11958
28979
1661
3667
17893
32609
2567
32183
31981
28906
32451
7098
9607
2425
12102
2020
8998
6270
32712
24036
2512
27838
9105
25907
7981
8462
18094
25589
29150
9819
32744
6432
31503
12014
7927
8671
32336
24302
10994
20025
7072
26151
9482
10478
18379
26377
25464
13985
7927
20212
6324
12348
17785
947
23272
15505
19181
2630
16292
27965
17285
2788
24531
722
2977
22080
22510
15413
27040
20492
6255
13636
502
25275
6793
6332
20863
24716
19734
10586
8724
30148
19921
26177
11611
4154
17093
20124
25059
24601
26629
2180
32368
21986
9630
28452
30611
16816
16842
19483
23422
30656
870
16417
10263
7728
22694
7918
18251
2055
22024
16984
9637
16758
8582
6331
5919
12638
7696
29341
32312
29713
27449
21394
26950
21341
3377
19038
6670
32711
20723
5210
11154
28436
16575
4121
18986
1038
15563
17226
12758
25476
3126
30688
26323
6803
31293
13425
23660
31268
21425
5084
32275
19382
22696
16431
20144
17246
30324
5320
4665
21259
24017
11194
13699
17167
18786
23154
26712
13275
2143
24986
7625
27914
8584
21565
26309
7586
8797
31276
23275
29078
28304
12705
925
8335
9147
5155
32086
23019
25935
25257
17213
12806
9420
32002
22778
29881
14904
26740
18120
289
24778
10660
7115
4770
27622
30133
27301
6955
18510
32436
29764
4795
7574
24372
29949
24612
9176
26933
18399
16143
426
23627
21569
18240
17997
18172
31134
31003
21543
5993
28067
29543
20339
7985
16517
13907
25912
3730
31640
6070
32375
10961
3614
19611
13225
17372
31836
11261
5225
11567
1268
3791
5997
15860
12398
28992
18106
7278
32536
14652
31768
22679
10512
17974
16836
6664
9375
11813
11110
25882
26312
19404
15170
15179
4641
575
10162
6883
2018
22947
5332
8663
3900
22837
5760
22509
1772
17038
3709
25633
21775
4645
15092
12615
2360
26901
2340
17907
25792
17440
88
21398
15709
9204
22806
16617
28150
2734
5274
13199
18870
29341
10371
23798
17760
8776
4811
3710
19170
434
27132
22749
27436
21724
15777
15042
25154
32652
23291
8888
8592
13901
18934
18509
21631
16567
5723
8308
4933
12528
14663
28969
14337
13427
14044
18515
2567
25104
17462
23022
13176
10548
2465
2409
13591
18027
21769
8781
19543
24867
20658
1056
32697
14003
4649
17801
17748
30364
5498
4789
30645
13326
30883
19192
3306
4270
2889
8632
17370
1174
1706
18055
15320
26525
467
22671
10871
8153
30226
10547
9119
6499
26543
4595
10208
27482
1751
24976
27911
20011
23769
9329
5359
18191
22933
19526
18074
11477
21808
31467
23936
27105
23053
29839
8999
8053
19193
32021
18164
3631
14758
9402
2113
26579
347
18425
18096
28235
31209
18092
27838
1004
22241
13939
26779
4347
1796
5209
10041
25200
10235
14773
17826
26105
25161
6223
27792
26434
16765
452
2615
12916
23724
32300
24166
16380
25374
30201
3278
19853
24904
13090
10657
2152
20986
32130
29792
11483
20442
22139
13550
16135
31505
6110
28392
16615
26436
31247
24377
2446
9670
17764
30696
8624
16396
13007
20021
18788
13921
16317
12005
2856
22234
31037
19674
38
141
613
15846
10678
9982
23025
14817
1059
10714
9006
20473
14002
21736
30231
1610
1248
7228
31421
6063
25836
26798
21484
17367
24469
2186
7435
26011
7461
6281
32580
17294
17326
30976
8677
20182
2708
9048
31238
17467
10059
29630
15725
25470
30562
15131
31918
12524
3009
11591
10390
30002
31023
32634
1738
28531
4631
19203
22956
28056
28043
2108
16254
16104
24457
13757
3274
13528
18045
32720
9729
9764
21000
31781
7266
10270
9984
19911
4637
29254
1208
17743
10681
8220
20353
20824
1203
17714
9328
21298
5480
1925
23138
11227
18484
13325
5182
5418
18396
403
18554
6990
24873
30147
25057
19063
18902
8322
23955
25811
20141
8578
2637
13500
11500
11283
19690
20272
6893
32060
3626
23169
17414
30730
13747
11597
15279
23592
22101
22961
11234
19120
28562
30906
17096
3393
26718
18972
9105
21330
10019
31783
24227
22981
27400
12278
13560
12479
19059
3562
10945
5048
31436
32343
11600
1998
17797
23164
20532
13407
20055
10681
26022
10710
3790
16124
30244
2757
11015
19069
23387
19253
953
13227
586
31290
10610
20325
6309
18890
5411
18030
10615
18638
18911
16411
27916
890
17376
9551
20494
32218
22731
4009
30190
15534
27956
14588
14981
20600
9061
32512
30460
5843
26459
20295
3561
9734
31762
3954
698
5849
28163
21924
8279
8360
3818
1335
29443
15285
24268
9134
6531
15810
1593
31211
12675
9440
17871
21923
25397
1154
32511
32526
20539
18645
14868
14051
27079
17492
19824
20611
29185
15255
2585
15476
11433
25451
4469
5906
765
1320
14418
3969
7901
15679
6953
15078
16685
2067
18340
10199
22395
4362
8029
17936
5345
30691
22505
30311
4653
74
15381
22274
14656
24489
4719
8135
32692
7490
19721
8980
13506
14459
26233
18096
26210
2424
4132
2306
8627
4079
5565
26241
4766
9272
6664
13164
18102
16036
4324
15803
5987
18704
6792
19285
32576
11962
9229
18563
24257
7763
28973
15013
29721
12885
29514
19236
2651
29590
4529
32423
9183
27166
18209
27786
9191
12341
14471
2700
15234
15297
10508
24775
7601
20943
28497
14822
16073
22640
20473
9106
8984
31430
24937
21293
203
21342
23755
17091
14607
4288
89
6717
27767
18501
26328
14552
11934
27433
30818
29398
7437
4577
22633
22388
23903
4527
29945
4891
18083
4211
6973
16858
14849
2756
13637
17940
28321
63
5382
30582
13512
14879
28835
15916
29764
24591
29675
28245
27147
20284
2850
30644
26911
26541
19204
15784
8884
17367
6663
11102
14741
3692
32481
22597
9412
27253
14410
20674
9568
8608
515
22310
21452
3291
11031
12509
2062
27425
24929
21479
8565
6804
22094
2189
29055
26573
8420
21324
19961
26480
259
15126
3688
3587
26603
16314
30888
31232
27135
5280
24787
9256
32201
29625
101
27163
11325
7350
18589
10022
5698
21624
13350
20316
29550
30920
23542
16616
28177
31817
21367
16289
118
24234
4068
20191
14181
29984
24310
23949
32236
5908
12481
30848
22112
793
14552
30471
9374
4128
10936
21956
28054
32495
5476
13242
12299
32719
8780
9638
14996
16517
15219
21395
8935
5764
23761
5289
16982
6497
5367
32070
23450
16775
30961
4944
19920
24364
3952
7369
30913
32132
30505
15523
13926
1588
19576
20950
3500
14601
4681
19633
628
19434
8760
28269
9950
18187
26615
9992
20935
29028
27632
1361
7824
24930
28972
27967
6689
1500
10868
2182
16686
15176
19126
9580
13241
16687
29866
30681
16857
9182
19892
28846
13753
28255
14349
8024
32483
14503
30750
20901
8895
26129
18732
26070
5718
10251
9530
757
25948
6415
17451
11113
19054
982
5672
24007
7320
10952
15681
14315
13850
9142
19031
20552
14444
7115
16697
14716
20863
6080
10253
25639
26182
1104
9714
21246
18037
10988
29923
21787
19849
24239
10974
14999
5384
30100
7750
14171
7178
25063
27015
26675
2040
32761
20984
11813
25236
27672
5637
21504
31033
29886
26253
12855
16740
32009
3977
17648
26228
25451
5103
26713
25774
16547
16598
12091
21892
4844
31706
2001
20759
10612
20674
8922
2298
25615
608
20717
57
6957
8889
18957
1178
17418
30310
4989
19746
9508
10042
30677
25051
12018
2597
17750
12501
19667
31832
18043
29803
16965
7082
10448
20167
26711
24123
17927
16041
24417
19799
841
20835
2290
26525
15050
13865
24074
28256
25504
5767
30089
8781
27605
22579
20200
13134
30907
11269
13607
26543
383
3652
19974
16000
30721
7203
10616
4410
29667
25227
25941
30885
5089
2587
14671
30968
2400
1134
32551
14658
585
7836
2849
18954
25879
7427
26805
16178
4911
17479
20359
8482
9584
29591
25753
31010
22284
13362
7103
32006
4758
25130
19796
7697
21852
21096
21548
32532
23798
6641
18377
5590
21279
23144
9938
31672
27588
14291
1472
12697
10587
23458
5595
23288
15222
10477
6245
13400
11160
1533
4629
18665
19527
24334
21191
11108
7778
18003
9585
13879
8373
21819
15449
5858
15819
13043
11653
10401
19459
25644
4979
25163
21478
18462
9739
23418
4280
26316
24530
11500
24397
29834
864
12329
3871
11965
5396
25190
18845
30179
7430
28330
965
18643
17725
9007
11764
1349
10275
22027
5629
4500
25397
32015
12153
21443
16895
31984
13919
6591
5448
29604
24533
22243
2698
527
3397
23233
6053
22751
13746
25888
20179
3253
31053
15169
11999
30085
4931
8807
17298
7487
7642
25493
10863
431
23740
15514
20384
11682
402
25163
30511
27978
7893
30736
26233
8675
15585
8354
16864
30871
17740
3090
29377
2207
14453
9998
10662
7340
24928
20320
20668
11141
31681
12727
647
17393
86
13482
22740
28631
2938
5370
10223
21156
4600
5911
31255
1773
22557
29158
24367
32598
24337
22210
25782
28338
15463
15041
18937
31595
4082
17720
17543
16932
3034
1921
26854
27550
17136
25083
2948
23000
12607
14931
11760
12411
13027
26370
19530
15476
23839
29719
7929
32483
28073
9527
9371
24372
17480
22754
2114
18571
6817
12535
14301
13926
28238
9339
16116
29822
20785
24214
14745
5614
5128
3806
29595
26518
32577
3801
2044
25026
3599
188
5285
23815
24509
19321
22105
3694
21315
6137
16616
3797
279
13222
26533
29073
1861
31789
18969
11864
23490
14466
22777
25183
6397
804
18262
11455
30904
10658
31764
10781
28950
9566
14237
21386
10229
4497
16854
17576
12413
17039
13395
11534
18169
25165
13511
28910
32486
13856
13246
15605
5962
29127
910
4467
26952
15276
23434
2236
9456
18023
7034
23758
20572
9092
25416
28724
15608
13190
21244
24106
26401
22315
1770
22017
29682
17906
9258
17861
16730
11739
2377
6174
15474
110
30526
2420
29198
4350
18080
22614
3475
26671
32022
21789
14856
28854
22286
5324
6511
24928
6578
19259
18005
2134
16663
4213
5032
23455
24248
5470
32457
29414
15396
2969
2018
20094
5619
17576
25722
4003
766
19541
16454
1539
23504
593
66
13949
13911
30492
15361
16168
18911
4132
24897
15511
20290
14129
13763
5211
12632
6400
11098
18634
8629
14126
14913
14847
26004
20825
13745
30754
28430
27009
20147
2794
5776
26548
14644
21087
2187
8426
10071
25829
15213
17710
3855
3702
465
30974
28140
21807
3314
7669
32565
9998
29542
3751
6200
5370
4105
20941
7902
16131
19767
2210
20098
21996
12350
7308
16131
21990
14610
28671
25112
24223
27203
5790
27364
19579
3373
22692
21451
30497
1647
1411
30339
14650
20126
22987
27246
9589
25402
31820
7463
3279
17376
22143
22875
14865
20418
19490
12250
1690
5973
5667
30445
11358
30281
17599
21483
31023
2494
11499
775
18236
22197
17651
20844
24279
13508
13409
32140
9595
20751
6944
29108
15885
23923
21473
3300
32354
16388
13758
28127
24066
22202
6429
29822
16939
9063
9176
27977
19225
29676
8347
6984
1669
23213
25997
5143
11116
2882
3634
8761
17169
28528
3216
8622
25413
2135
21904
2760
24038
28652
11432
7994
2470
3754
21175
28018
2061
22917
7216
7721
11458
11296
12923
16440
27142
4927
1176
1709
26241
7039
11014
11550
8257
30789
17123
30269
16640
5876
1108
30893
1957
29283
6183
11796
27406
14990
28855
30834
23053
9355
10768
4529
15536
30400
13652
6525
6854
9556
21342
13653
2974
4835
8868
30434
21266
18806
17506
31880
20420
16306
23797
60
7848
32335
29572
18581
6083
14796
29926
12325
2098
13409
24000
14089
19821
31798
20462
21183
13773
22994
5925
28728
19020
726
24790
23598
25997
25835
11093
1464
15388
7417
12346
20252
14838
28314
19976
24804
22860
20430
13580
13108
22148
23792
23432
16730
25985
18664
32017
7079
19492
7587
10550
19325
1554
24768
9570
15786
21944
28812
9732
9972
26253
11569
8940
5877
25751
16938
19192
11562
11569
9210
23281
9286
32011
5662
23472
10188
16242
19776
2949
10204
25298
429
30425
8013
22137
1545
1041
32765
5533
13890
30390
14693
25505
21186
11731
3441
7572
7145
8607
10126
17659
16826
25692
10756
10192
31700
10879
9606
18890
23972
7697
12039
29407
15066
341
2000
1800
12313
25771
3024
2884
9203
29620
23091
31711
21524
7607
27702
22516
17085
7492
3641
1585
6261
8983
28437
30426
19963
10302
14769
10000
12926
11135
27856
26964
8720
24052
25901
5959
89
760
19914
4275
19336
1863
27269
11215
23439
4960
28908
31423
8592
7470
25426
2651
31634
15592
8739
32305
28793
18742
10100
11725
26677
32405
8414
10040
13369
13820
23437
15038
31791
28352
13972
29684
25322
12213
3971
9210
30620
918
23868
24830
18249
5286
27906
7937
8827
11160
30163
17886
27448
5548
30200
26760
32561
13852
3802
403
4668
18102
21271
22774
3332
3018
15061
30479
17407
32582
12887
18663
6817
14112
30414
22968
26320
2804
13681
17836
10391
15599
8399
18920
27166
10731
28772
5577
23514
17627
32363
16749
257
24938
30708
3446
65
4575
21302
20490
27825
7236
38
13086
6920
19143
1865
10229
22285
7008
2758
13283
3406
4788
23999
31319
15637
13882
9697
10265
18072
29084
15162
9167
26992
27488
14923
10182
1868
3271
31839
10479
32487
16629
27163
12072
13111
12115
23637
701
4840
30002
32554
21295
13320
8881
27466
15156
22532
32480
27031
17918
27603
22309
5359
22976
22641
24031
20037
11119
14223
23626
14071
8134
16521
15267
9563
15756
408
10636
18331
5401
14665
23473
26820
16663
25645
13996
3097
25734
21202
23590
21165
18946
23539
25663
24369
2121
32492
17968
11274
20472
2672
13359
1959
18069
7038
28308
11025
4818
2193
21049
7875
32272
3352
9766
25021
20259
18725
27758
1748
16981
26985
14932
15436
17069
2912
23474
29096
18545
12745
17820
4033
233
23897
7232
30486
9062
7600
20496
14435
6019
11916
5668
15221
20651
30013
16345
18492
731
29273
13759
9762
5289
31664
6578
17819
29318
21122
21574
10237
10048
27120
4457
31123
24011
29105
28739
4588
12352
30982
27233
20089
26662
15856
13843
31576
5105
31904
10258
15978
5576
21295
22630
14507
3979
3471
3719
20931
20501
28098
14531
25048
9662
17481
29407
11687
14884
27872
24577
26835
23340
872
23502
12924
21827
25893
18127
16404
17130
21033
29209
10862
30065
17168
28205
4376
23298
18158
16669
2027
1506
32134
18416
736
14580
445
18248
13350
7551
22606
28482
4209
1584
14014
22174
28052
25443
13971
12576
28498
19614
18625
17717
13937
17246
32101
25818
1553
4887
29621
28090
21308
29302
1591
5270
29374
18921
1842
32746
22839
17249
8547
30158
8558
1879
12528
8474
19688
19213
10402
12749
29370
5142
22350
23728
20635
21784
8596
32310
29245
18385
972
25767
25310
10328
28734
1405
7450
13733
23953
8719
11523
6996
6535
8044
14451
10406
13287
5514
24993
30921
5562
22944
14323
28761
6329
2000
11027
13350
13063
20489
13381
32056
2844
2604
10744
28176
2049
21869
29082
19761
12739
18173
945
18655
30242
27622
30248
10279
9609
8758
230
3359
15427
3423
12454
11375
19435
10718
15362
7696
6436
17435
11984
11092
16779
22160
24498
15911
32234
4910
25577
21908
21679
7164
30058
9099
20636
12034
32564
14305
4031
18789
17376
23704
16037
1491
21114
1889
21451
14881
15759
1119
8021
6195
18567
15918
770
22045
32565
18212
26208
8583
27565
2006
15164
25174
24150
14046
9821
4233
31808
32220
8306
8544
1975
28603
9032
20420
5912
13366
14144
17379
11747
3226
29953
24091
27666
5581
20330
10521
18345
27535
14794
14146
1167
4352
32340
28497
24220
16994
22733
3138
6643
5153
10632
21616
28050
784
21652
19450
31783
23030
8500
26218
20261
4169
11663
31641
2072
1593
19113
973
15414
16881
21650
24357
11830
4633
23262
11319
23141
14751
11604
29175
2294
2231
8427
8411
23193
1824
8434
12092
848
5033
24718
21760
10110
7413
16489
10870
3905
22395
15529
11905
9218
5328
30495
30713
27723
8233
12737
5710
31192
17436
19803
25966
32240
23974
8321
22761
30710
8306
15048
595
12859
28760
26678
22251
278
29733
2294
30841
30775
17818
4432
1405
2616
25271
17881
13445
18037
17465
2023
16095
10526
15713
17992
24176
12682
2295
26164
25316
13006
10127
14463
8712
4751
29451
20243
18291
27156
2913
18078
18284
15775
158
22664
30984
15870
24107
18728
7059
18525
31567
1591
19249
6238
13558
2437
10437
24684
29873
21482
14610
15436
10493
5248
16161
12788
4808
20495
5602
13473
3121
7369
19733
24100
11408
17976
3435
21116
28086
28020
2025
426
13942
31129
29838
15297
28260
27768
25653
19261
32476
28557
27069
2453
25926
11570
24166
8724
15001
18961
17790
30436
21534
4831
4926
23660
24951
12872
23279
7900
11231
805
10320
1541
23219
21237
2108
19311
24882
10379
1160
13989
31105
25348
5931
21460
20721
17660
22689
30868
18821
16386
28049
2822
29871
5192
30637
16159
11099
6303
3545
15939
26414
16035
32656
27926
16656
10035
26500
17295
14568
23333
20869
27470
10918
31799
30628
6191
5255
584
23192
20255
4756
22728
14689
3886
13165
28781
11307
4326
2628
6439
26228
4059
8748
14423
25713
21124
13972
12092
1966
25673
21774
1453
26358
13789
19542
11534
21874
6094
3215
28541
25876
17243
23759
24396
26679
25989
2526
23220
13951
24681
29243
30663
14599
14028
4960
27815
443
22008
31815
18422
29186
12743
18733
3469
13473
26365
3222
2929
3804
22490
18833
31490
19677
30448
25405
17014
19802
13363
9612
27270
28787
16463
19271
7271
28121
6718
9555
15356
22069
6937
18226
29258
17352
29742
23756
15404
32334
21332
3440
20808
5673
8571
4118
30529
15035
3975
21735
5423
20500
25951
26623
6988
1997
18240
29041
4847
307
25944
30347
27327
13481
18832
16476
21280
11847
14249
2932
16114
23495
21386
25835
23675
29090
472
22693
6817
11126
14024
21715
3677
27563
10033
26301
19564
32342
4070
13504
2888
861
1858
22930
8534
17373
3332
1230
13153
30408
19549
1196
10055
14547
17480
7439
12018
15247
18970
20422
32650
28629
6746
31243
2281
12136
27602
27472
16720
10710
14566
22844
22872
6303
13093
21744
27691
32409
5406
9614
32755
30355
18037
11260
27283
21817
1590
13285
28310
8760
3944
22017
9316
11426
27622
20375
956
16019
26986
29504
8542
13333
25835
5869
29960
31041
24617
9003
15268
13223
5510
10150
18880
6896
32279
6380
25150
17602
32251
7028
25933
26596
10987
32735
27544
23203
24851
21629
8637
20596
6688
12307
30720
6874
15003
6620
31297
29066
18805
13005
25643
1486
17891
1053
17839
25895
3948
5893
19376
28470
5183
14789
256
25308
14795
5607
7052
18081
13194
31687
10707
12370
15389
1875
13469
12270
25758
528
10473
25028
28210
9822
7719
27605
25053
10236
19623
27263
23195
9678
18514
4189
13740
26846
21400
32105
7471
5282
24233
4451
8434
11389
1768
15735
20873
4743
10908
6426
4509
25489
25833
15925
4487
21604
1536
12421
10525
29770
23442
21569
972
30928
23946
14334
21224
30409
4859
13777
31295
11414
17239
12211
27380
16805
18403
27433
8331
7992
4455
20516
29760
18024
13866
3877
15005
18281
7197
29350
24395
15887
4951
24502
29481
30609
29889
18915
24731
9614
6419
7772
14885
16973
15359
27223
22328
2633
8107
16561
13131
12013
1125
8916
17198
9884
18579
28894
13467
15860
17640
9472
19471
20052
14558
24099
21719
15771
23392
32210
22382
11059
25542
23892
2566
28239
7943
24088
12133
18800
25898
22871
22514
30510
766
13044
14608
29749
27659
5031
3754
10894
18632
3674
15119
25120
13583
13523
6401
6774
17101
24468
13320
12738
5374
11519
23309
32034
9945
31678
16675
13859
4935
25698
8360
24964
28826
30282
5261
4924
5244
15303
7154
13245
21541
18813
31734
10875
5330
23821
29645
4520
16498
20209
30483
22338
29346
23463
25183
28496
29147
2065
24092
31593
18666
9500
25492
2933
5281
13984
6222
23480
22989
16775
29594
13324
30568
17714
25194
19565
2319
25624
23907
23227
19894
32688
9524
11708
26266
19346
6439
31073
631
7129
23541
14410
18683
29387
15071
18059
6779
4540
2810
6577
30694
4399
28875
14848
9975
17471
17939
24831
26286
27453
4588
24887
18432
31131
18197
15159
32462
29448
15499
987
16148
9181
5209
32718
31331
14520
1200
6222
4497
31078
14138
3375
20143
11015
12972
2083
15163
23916
667
30008
9879
10180
4496
17570
28858
6264
26974
31163
27942
23635
19891
11080
29209
24806
25838
22782
26632
30251
25392
14917
27977
13160
27574
27195
25104
9046
7270
5372
28828
31619
30631
2593
26034
25333
8310
22662
27979
3088
7351
22353
1930
9658
4552
16431
18928
26556
12124
16097
16595
15979
15495
6648
1292
22921
31509
22748
23025
8806
21792
2835
26499
23882
2274
5312
25832
31255
18119
9322
18203
22571
30150
13823
18402
388
4594
18201
22784
8487
22860
8319
22444
14530
15068
22767
5187
22928
15360
29979
570
25725
18435
18673
9302
5515
7665
32287
2335
24180
20650
25559
27538
21649
3382
27599
19478
13818
7000
30861
5553
18927
19558
24801
9084
8310
19543
19635
14932
30022
2334
20222
19155
14820
9271
24861
3966
2828
8831
9030
23360
5458
20040
1620
11288
11529
32685
17097
22030
7524
16163
16659
23147
29403
30289
22286
16169
17616
8994
32459
31401
17011
16664
27280
18340
1763
23779
6687
30052
30870
1586
21819
2100
14330
5065
12137
15893
24924
28115
30964
19378
9738
21114
16691
26006
180
18614
19982
27037
2328
13666
11455
15528
10975
18069
16342
12437
17345
10543
28288
1647
27888
15538
22792
24801
29620
14676
13982
15089
17746
31826
16472
14059
21043
28294
19830
22938
11330
14652
1258
1470
25750
15682
18456
19387
27729
62
15066
24975
31944
1092
3271
22278
19172
15784
26549
23089
2504
6929
10108
8212
179
21455
16125
17823
14376
28783
28259
15584
589
16780
11945
6774
25234
14568
30301
22345
6290
22715
15267
23160
21054
11594
22396
24467
18744
1212
11848
3339
20349
22825
16778
20198
3911
8437
3820
18871
562
31068
24707
31182
25501
24397
29267
21164
8787
27260
4374
29370
5483
16051
5689
16186
30828
10088
25896
31869
29365
4501
19915
13910
11804
22468
30800
3280
16598
5225
15916
14620
28311
28277
5212
24269
1273
5160
27377
32072
22306
22567
9675
5493
7329
9422
4773
22459
14234
14791
82
28204
9763
26588
23365
14076
8941
16137
29527
824
14631
25302
20165
11700
20383
30948
11896
7750
28459
26053
10122
3377
18503
19472
30213
6884
15359
437
27886
4069
27664
28559
10114
22792
5706
3896
24511
5092
16184
31521
3622
16263
28675
17634
14016
25961
2964
1486
1887
20127
32505
24011
11046
6481
20746
21601
30539
17006
21836
20496
21788
30622
1557
6119
3392
17785
18929
4946
22592
30198
10309
15412
22598
13094
12594
30517
24612
16930
7356
18014
11159
27202
25900
2531
27853
23695
24754
17215
21286
12155
7759
3718
28472
17104
2546
17911
6165
8167
7138
977
13776
10778
5979
30313
5437
13179
7292
14968
10489
18887
4449
12217
23466
20373
9868
31668
22408
13779
31369
11988
26397
26995
8401
16320
21320
18786
4080
20712
25224
14522
15075
29790
23927
8504
22980
25064
15509
31216
9641
21331
25415
9791
3017
31498
3104
16642
7136
18663
19038
10245
13781
29000
17592
23487
15002
27238
3415
1852
17493
21474
15138
17498
10685
31905
10302
28728
20678
31450
31189
9196
5248
2669
21783
9588
16956
9591
25983
25839
29170
2851
6232
23054
15839
10435
12671
21957
7538
6431
7530
7238
26473
11788
9321
23343
16184
14401
25388
20482
29098
359
11398
13015
1226
11375
14448
14669
32516
28712
17489
17862
10632
24593
2173
5844
20975
14188
9979
2798
20257
23187
30603
19560
19830
655
21735
31138
9755
18151
20298
7551
17848
31158
26671
3096
26191
2560
15195
30642
8296
24646
14621
20974
5995
26968
21973
19776
17741
17259
21171
4770
10606
16747
961
32650
24258
14483
14116
25
23856
19514
8607
22933
27191
11248
29784
31001
31959
30665
32735
6795
6319
16121
2156
23503
25699
19617
12136
4154
32576
14057
5679
26698
23075
25679
7701
16788
6038
31551
27047
13053
14141
28643
819
10541
4209
9276
19594
10049
24618
20082
7172
32704
28194
6504
10949
6609
3383
13204
14399
5803
31505
16398
1784
27468
25350
24038
5773
17006
2106
14779
16120
15031
23307
23945
4366
21808
32172
12995
8267
10232
31759
27298
6610
10554
15113
16572
19632
9820
25265
19416
1889
15225
18441
20737
28309
24338
6624
19673
12596
22016
21750
10032
15775
9133
17250
17621
23609
19076
2865
27564
21286
28838
4176
11521
30546
15583
11692
18972
20149
32728
2455
18198
10198
32142
2414
8171
19086
27394
10360
21455
9743
29747
13842
15046
8228
24137
16137
22895
27067
6675
9800
10016
31904
23219
12467
31288
9867
1176
2130
3761
17757
2221
31410
23285
6311
32720
30344
9971
19564
6790
3224
6513
8488
14573
30677
12196
21776
16114
28874
21246
12956
30915
20536
327
26691
9096
17665
15087
3461
28238
8516
11171
31023
1859
714
16670
19675
2345
23201
9282
22966
23813
6150
18535
17030
25623
31369
1267
32491
32271
20331
27946
9188
16254
7755
23112
5526
27787
2305
23501
1609
3047
25291
537
26292
9731
17063
14136
11130
1152
5375
6655
3060
1511
28811
3928
7729
22938
12916
32218
29755
14346
9653
26525
7836
27435
14791
22092
14369
15141
3197
19835
24286
4941
19245
14139
15986
29523
12048
32492
3981
188
6379
20051
12463
19603
4079
8429
15410
8540
10206
8578
16266
27978
4720
1532
30668
7346
24565
23930
14189
30910
13115
1185
22860
24166
27826
13362
25843
24988
4302
24034
18458
12487
28077
19302
18797
19571
17402
13261
6288
26439
30481
15122
8031
567
2148
4082
30842
6395
25117
7163
12033
29375
13573
31206
11164
27420
28068
9766
29375
18247
1194
7617
6188
27528
11917
24415
3001
1262
11892
672
9043
31554
20564
22963
1603
16185
20056
20773
23984
18669
9607
502
28261
23182
7585
10738
32725
23381
2121
32318
13404
24250
31593
3122
14024
11239
2771
7270
24856
22892
17700
19472
16516
20788
30702
20621
6845
20664
32534
6461
22645
14706
9082
17300
31010
17813
19671
5486
29695
29947
2795
29091
10836
18015
14806
31452
20216
4300
17862
22693
26388
4437
20947
21187
18473
263
17960
14023
14165
18204
2404
15331
3538
7025
26944
22781
1727
11579
30321
16642
6691
8693
22480
31101
2351
157
22712
16232
32707
23839
13999
11841
28468
22546
29257
23905
1613
18082
10058
26506
27283
5837
12299
4287
5837
17363
6175
32344
708
28391
8757
13653
30792
28715
25920
21235
14707
29659
17622
13181
23602
30664
18646
31589
32512
15625
6222
13971
15093
493
7068
509
30464
6196
2515
29560
113
11134
25952
13261
3258
19459
11245
32528
2166
4485
15749
32557
22442
27267
16121
13508
27467
27568
31619
25143
20481
13219
2474
11521
6699
14032
14181
26953
21283
1975
387
17334
19395
28507
6730
15750
30760
27126
17247
11994
14517
23531
32486
17236
13403
4860
23529
9444
10264
26557
25086
18655
20414
4936
24612
4946
19446
3379
8943
17557
10628
1471
21989
25891
28109
20562
5159
9128
19606
21032
27732
22876
27406
18757
23466
10384
21519
32686
1134
27014
417
16088
9102
22918
8128
5985
2438
16430
27743
20734
6784
32522
22700
5813
6591
16229
20374
13132
17469
12894
17804
29185
32403
5950
30088
30587
6682
31752
28493
9985
30032
27730
23277
26602
31613
596
5517
24404
18326
3647
2924
29209
28257
18384
29474
8959
13274
15908
20006
8495
12246
31182
21139
6889
9702
1319
8748
10357
5246
20197
29341
25437
16214
6895
2820
32217
14609
30064
15023
28299
12317
23594
11559
1132
730
4622
16238
30471
24318
20745
14982
18149
28728
20000
5938
584
25107
17343
12033
16924
14622
30286
32391
29482
18250
26374
23790
16271
16275
10499
19630
11372
11490
3226
18840
16352
20530
5356
14361
17203
10738
27579
22973
30036
12971
18301
27378
16774
1763
30639
19983
20054
2625
2924
26516
30928
17906
17982
4019
4082
1610
22324
15632
25697
31663
1589
19654
91
25267
19347
2986
7149
30592
1507
25811
8550
14457
16909
22874
22027
15390
18847
9566
31500
7728
27495
13899
31415
18454
12864
22108
30188
6272
32300
12639
17873
11850
13219
5817
17862
23203
29995
7337
31132
32366
6953
2257
25601
22248
24055
8690
8511
32140
26166
20215
6695
7988
14182
10037
25415
11904
10420
22513
7268
5499
24594
802
25636
10876
909
31609
13322
27723
5339
415
14503
18821
11060
26302
31247
30530
32612
14402
26763
6900
32285
22753
8589
19347
21649
10968
233
11767
11072
12152
21057
12421
783
16354
14017
10765
26779
17167
4877
24563
29132
1299
6520
14221
14765
5026
17527
5837
20091
17363
21845
14368
17916
17700
11048
30101
27665
26046
1539
20290
16271
27643
2669
12516
12619
10534
6418
15045
22900
10626
20153
4579
5926
9613
16502
31566
20027
6277
18465
18130
14181
8236
29958
19670
30330
2505
29918
900
27406
12399
2303
28458
28487
4225
23503
29152
30957
13430
19070
15980
20673
24282
30453
29282
21520
5525
13833
7056
29831
29296
11765
11416
27209
23765
14599
9439
19519
4310
24729
28582
687
6002
1091
15991
18449
5139
335
25283
11294
2906
28269
27337
19753
1823
16296
1465
15282
15284
26265
29466
15417
4714
17115
361
23376
15703
30399
24579
2036
14422
29760
18501
10269
23374
22073
16881
23444
25016
22997
1747
24837
2907
3143
18853
20821
14938
188
25649
9525
12913
8846
12469
14584
23932
30651
4747
17057
14649
26517
29193
28225
21070
22971
12199
5248
28814
16711
21087
16249
22648
26697
30042
29131
17920
3957
14536
25580
1171
13848
14864
11201
18517
7761
22313
620
11437
24957
16711
7270
31747
10483
8891
18381
9416
24306
23572
17663
32695
27607
7307
3431
19291
21395
22942
31895
210
18269
27130
3991
26064
32676
18334
11901
32743
29256
15678
13374
19717
14601
741
10436
25918
15424
3551
24897
27083
30157
6102
31426
25939
24656
8507
25351
362
26268
29416
25490
13656
26472
25347
25342
21019
8520
24869
20626
4015
6876
3515
28182
32652
23367
24749
27621
2161
1763
9022
2884
20320
13364
16692
15090
12777
3354
13624
25089
13740
4170
5247
19683
4378
1790
32170
28872
12667
748
28395
31016
25141
30837
18282
21403
31051
18720
30695
11761
11556
21062
9888
6783
30606
21519
19061
20151
10754
17565
330
12284
5930
25478
9645
8884
30112
8584
26552
20382
24569
12408
27961
21349
5634
20348
15633
3190
25417
10106
31194
31503
20191
19408
12237
26521
30813
13126
14818
17208
17957
15680
568
30368
18666
5945
8632
4906
30835
5740
8950
6695
11675
22996
27735
20084
32157
18519
5497
17487
23182
16191
11215
9064
7467
1257
10892
20283
23509
21441
10691
27038
13018
4462
2252
25494
25078
1609
6121
4207
25370
10516
1321
28428
24171
21225
4237
7547
8078
28528
19306
10956
28707
32085
26382
15140
31631
29433
22182
12813
8191
23400
18528
22288
20650
16268
14796
10374
27990
12192
11144
20651
13085
230
14364
28916
10865
5021
4643
14243
13918
13614
11692
29592
10511
29350
6367
6762
404
28520
18404
29878
14050
5156
22528
25783
13339
10755
3585
31511
27152
13860
5085
19973
6661
10572
14742
18056
15796
14297
15712
22547
12436
28152
24326
22105
32346
21528
17034
23906
31424
14239
26124
32735
1670
27611
12012
12219
9655
5947
21043
5362
19246
24767
7215
18086
32088
4525
23390
6768
14396
32646
29326
32244
12472
21048
22081
3768
23821
31381
31062
25654
26270
27908
27878
16431
26868
29814
14189
6467
8710
12700
10026
13247
30647
6744
9160
15542
30369
3441
17213
6995
11793
20106
9715
27757
3410
32341
24101
23644
9775
25348
26253
21259
30899
5376
27708
9807
11315
25566
28617
18039
22927
1935
429
6437
19124
29142
7662
30300
21349
21503
27387
31705
10044
11471
24535
10919
20715
29367
5498
750
11976
11852
18293
4620
6281
6396
18388
9958
4683
5113
27208
8320
12506
2938
10886
2764
4908
6691
4586
32192
5422
193
8288
29355
8132
17979
15492
969
14858
5062
28424
18965
16353
8535
27990
19806
24999
18014
14199
15005
20805
689
19764
21638
16495
5062
15995
21085
5159
27174
6916
8459
29059
4894
1331
14961
1969
27320
27713
1788
15160
10730
12695
32122
5760
9484
15738
29996
9109
20111
18157
24092
4904
20973
21203
21424
21719
23260
11861
15744
1198
23751
26755
29285
20973
28286
3902
4562
17163
3629
13141
1896
31484
24971
30702
27844
25520
18003
12584
15772
25052
18168
22014
4618
30204
18325
18799
21287
28313
32546
16091
7644
4039
4334
15793
18421
21491
23113
2119
15223
10715
18561
27145
7220
21470
19217
12502
27548
19574
13844
21927
7894
21507
10496
6258
23312
3018
19856
4942
19475
16957
770
2263
18714
21629
18819
29140
15332
18717
488
3607
32264
2089
21918
31909
8329
21606
23268
7959
20906
27100
18743
19520
21763
26002
21006
5648
16853
23193
29128
9912
31643
14411
19683
30991
6369
26069
28014
28725
11353
14067
29889
4726
9260
7675
5483
27505
13198
16157
26988
22905
31381
18665
30885
19003
24651
13841
908
10913
21250
23665
26148
3575
25319
27980
10029
20557
27354
19161
1943
14364
15229
22270
9789
23340
31883
8027
3024
19124
14444
2698
13073
19140
17926
27301
24900
6368
1237
6409
25313
1517
7998
32602
140
26450
18208
12744
16455
9047
8365
32400
18151
23760
20344
5829
28100
512
22990
13392
24757
17080
22090
24886
22588
12735
6052
17433
17405
5494
19146
5634
31093
11196
15154
9565
15080
25872
12654
2629
10907
23285
8193
28674
32324
1435
4721
6096
1727
29883
4765
30946
24578
4035
30801
8615
23891
8499
22296
15948
1465
12615
32337
26754
13488
29654
16261
9345
13088
19834
28408
12109
23696
13297
21118
568
9367
28099
29328
12200
4244
29989
415
32026
31135
542
19880
24167
10944
32744
28681
13894
12126
29081
12179
19
26106
2563
18656
18127
11037
31448
4327
3431
12430
16146
9677
3129
21705
25745
8703
26580
3757
6406
1405
17663
16757
32273
18809
24062
3305
2214
21024
32016
28117
28597
12984
60
17083
28170
30699
19021
2245
23410
27746
17692
25853
24863
2966
22797
19904
19789
5859
32220
26736
18982
223
18586
28522
31715
8937
6898
13368
18997
28933
22449
4615
22755
8167
16518
25691
29620
29005
24837
22017
29071
6802
10994
7238
21217
31104
10173
29286
7999
2919
25417
26951
17997
23147
29681
24423
2014
21794
17357
13587
10076
17503
32561
4315
28267
21320
19575
18498
17097
23983
12543
16570
21368
30879
18291
23759
8480
26932
11088
18850
26031
32176
15778
16537
8002
31948
9999
4437
16968
8012
15126
2020
22244
18390
8345
824
1428
27908
25497
20440
22289
27064
21570
6870
11126
10160
22311
4353
11427
22618
2766
32347
16356
12265
26223
462
15054
22184
13817
10522
24426
1166
5974
2322
25494
31507
23792
9736
1959
20803
31092
16518
83
17937
22742
23103
14287
3309
19093
1860
10804
18585
24896
24443
24871
10296
27449
9294
21177
23208
26809
28320
10124
19473
8980
30981
11320
25022
18750
23090
29164
10284
13710
17330
25177
10081
16579
6363
19147
20863
17989
29185
8857
16281
15789
24553
4288
12485
3462
896
29899
32627
31573
19917
30454
253
23768
31781
25490
895
28300
9374
21931
24040
29553
26310
29929
18001
529
5268
19124
25230
8895
26526
29339
18179
8989
5773
10743
22457
17121
24270
715
16306
7640
22155
15855
29305
30507
6874
4206
27644
18913
11828
22572
8862
17061
6952
972
24457
1737
12112
12752
28993
27788
25221
19202
27775
2200
15951
7187
28476
13519
22943
12931
6668
29767
15553
192
13229
22675
16780
3474
10976
19525
17372
12982
27255
26288
13890
11978
13232
11507
28409
3689
29377
25651
16668
12438
16820
22823
13847
27230
3445
16602
31580
3513
4394
5804
22615
22450
7106
7066
16547
2503
21457
23232
22142
12947
28059
22300
29050
27050
1902
18069
