10000
7
19
25
29
36
38
38
46
47
47
55
55
56
57
57
59
60
60
62
63
65
66
66
74
75
78
82
83
86
86
88
89
89
90
91
94
101
110
113
118
119
121
122
127
138
140
141
150
157
158
160
167
179
180
185
185
188
188
188
188
192
193
193
203
208
210
218
223
228
230
230
232
233
233
238
239
240
250
253
256
257
259
263
269
278
279
279
289
307
322
325
327
330
335
338
341
342
343
347
352
353
359
361
362
372
378
380
382
383
387
388
402
403
403
404
408
408
415
415
417
417
424
426
426
429
429
431
434
437
437
437
438
443
444
445
449
452
455
460
462
465
467
472
479
480
488
492
493
493
494
497
500
502
502
507
509
512
515
515
527
527
528
529
530
535
537
537
537
542
543
559
562
567
568
568
570
575
584
584
585
586
589
592
593
595
596
605
608
613
615
618
620
628
628
631
635
638
647
649
655
662
667
672
674
680
680
687
689
693
698
698
701
708
711
713
714
715
722
726
730
731
736
741
742
746
748
749
750
757
760
763
763
765
765
766
766
768
770
770
771
775
777
783
784
793
802
804
804
805
814
818
819
824
824
829
829
834
841
848
854
861
864
865
870
872
888
890
890
892
895
896
900
902
904
908
909
910
918
922
925
934
935
941
943
945
947
947
947
950
953
954
956
959
960
961
964
965
969
972
972
972
973
976
977
981
982
987
992
1000
1004
1012
1026
1038
1041
1042
1053
1056
1059
1064
1078
1083
1084
1091
1092
1104
1106
1107
1108
1109
1119
1125
1129
1132
1134
1134
1136
1152
1153
1154
1157
1160
1161
1161
1162
1166
1167
1171
1174
1176
1176
1178
1178
1185
1187
1194
1194
1196
1198
1200
1203
1208
1209
1212
1212
1216
1223
1226
1230
1230
1234
1237
1239
1242
1248
1248
1250
1252
1255
1257
1258
1261
1262
1265
1267
1268
1273
1278
1290
1292
1297
1299
1304
1308
1318
1319
1320
1321
1322
1330
1331
1332
1335
1339
1341
1343
1349
1356
1361
1362
1367
1382
1405
1405
1405
1411
1420
1424
1428
1428
1432
1435
1436
1439
1445
1453
1459
1464
1465
1465
1470
1471
1472
1479
1485
1486
1486
1490
1491
1500
1501
1506
1506
1507
1511
1517
1519
1527
1529
1532
1533
1535
1536
1538
1539
1539
1541
1545
1549
1553
1554
1555
1557
1568
1568
1575
1584
1584
1585
1586
1588
1588
1589
1590
1591
1591
1593
1593
1598
1599
1603
1604
1609
1609
1610
1610
1613
1620
1628
1630
1638
1638
1639
1647
1647
1648
1661
1669
1670
1674
1677
1690
1690
1695
1706
1706
1707
1709
1710
1714
1716
1722
1724
1727
1727
1727
1737
1738
1738
1747
1747
1748
1751
1760
1762
1762
1763
1763
1763
1764
1765
1768
1770
1771
1772
1773
1784
1788
1790
1790
1796
1800
1808
1818
1821
1823
1824
1842
1847
1850
1851
1852
1854
1858
1859
1860
1860
1861
1863
1865
1868
1875
1879
1887
1887
1889
1889
1890
1896
1902
1921
1925
1930
1935
1935
1936
1938
1943
1944
1945
1954
1956
1957
1957
1959
1959
1962
1966
1969
1975
1975
1987
1992
1997
1998
2000
2000
2001
2002
2002
2005
2006
2014
2018
2018
2020
2020
2023
2025
2027
2029
2031
2036
2039
2040
2041
2044
2049
2055
2057
2060
2061
2062
2065
2067
2072
2077
2083
2089
2090
2091
2098
2100
2102
2106
2107
2108
2108
2113
2114
2119
2120
2121
2121
2130
2133
2134
2135
2136
2136
2136
2139
2143
2147
2148
2152
2156
2161
2166
2166
2172
2173
2174
2178
2179
2180
2182
2186
2187
2187
2189
2191
2192
2193
2200
2207
2208
2210
2213
2214
2221
2223
2231
2234
2236
2240
2244
2245
2252
2252
2257
2263
2270
2274
2274
2281
2281
2290
2290
2294
2294
2295
2298
2303
2305
2306
2306
2313
2319
2322
2324
2324
2328
2334
2335
2340
2345
2348
2351
2360
2370
2377
2377
2379
2381
2395
2397
2400
2404
2409
2414
2414
2420
2424
2425
2437
2438
2439
2446
2453
2455
2457
2463
2465
2470
2471
2471
2474
2483
2492
2494
2503
2503
2504
2505
2510
2512
2512
2515
2515
2516
2526
2526
2531
2532
2536
2546
2547
2555
2560
2563
2566
2567
2567
2572
2585
2587
2587
2593
2597
2600
2604
2615
2615
2616
2623
2625
2628
2629
2630
2631
2633
2637
2637
2643
2648
2651
2651
2652
2660
2666
2669
2669
2672
2682
2686
2692
2698
2698
2700
2708
2725
2728
2733
2734
2742
2743
2754
2756
2757
2757
2757
2758
2760
2764
2764
2766
2771
2772
2788
2790
2794
2794
2795
2796
2798
2801
2802
2804
2810
2810
2814
2815
2819
2820
2822
2825
2828
2831
2834
2835
2844
2849
2850
2851
2856
2857
2862
2865
2869
2877
2882
2884
2884
2886
2888
2889
2891
2897
2899
2906
2907
2907
2908
2912
2913
2915
2917
2919
2919
2924
2924
2929
2932
2933
2938
2938
2947
2948
2949
2961
2962
2962
2964
2966
2969
2974
2976
2977
2981
2982
2986
2990
2994
3001
3001
3001
3002
3005
3009
3009
3017
3018
3018
3022
3024
3024
3027
3031
3034
3035
3038
3047
3060
3064
3078
3078
3082
3088
3088
3090
3095
3096
3097
3104
3104
3116
3117
3121
3121
3122
3122
3126
3128
3129
3138
3143
3155
3168
3180
3190
3197
3200
3201
3202
3206
3215
3216
3217
3222
3224
3226
3226
3237
3253
3258
3262
3263
3271
3271
3274
3278
3279
3280
3287
3289
3291
3294
3297
3300
3301
3301
3303
3305
3306
3309
3311
3314
3329
3332
3332
3334
3336
3339
3344
3352
3354
3358
3359
3366
3370
3371
3373
3373
3375
3377
3377
3379
3381
3382
3383
3383
3386
3389
3391
3392
3393
3396
3397
3406
3409
3410
3410
3415
3423
3425
3428
3429
3431
3431
3435
3437
3440
3441
3441
3444
3445
3446
3452
3461
3462
3469
3471
3474
3474
3475
3478
3485
3495
3500
3510
3513
3513
3515
3516
3518
3529
3531
3535
3538
3545
3551
3551
3561
3561
3562
3563
3564
3565
3570
3573
3575
3579
3584
3585
3586
3587
3594
3596
3598
3599
3607
3610
3613
3614
3618
3619
3622
3623
3626
3627
3629
3631
3634
3641
3647
3647
3652
3655
3663
3667
3667
3668
3668
3674
3676
3677
3681
3683
3688
3689
3689
3692
3693
3694
3695
3702
3707
3709
3710
3710
3714
3718
3719
3719
3730
3751
3754
3754
3755
3757
3761
3762
3764
3768
3771
3772
3780
3789
3790
3791
3797
3801
3802
3804
3806
3813
3816
3818
3820
3820
3821
3830
3851
3854
3855
3869
3871
3873
3877
3878
3880
3886
3889
3891
3894
3896
3900
3901
3902
3905
3911
3928
3929
3933
3944
3948
3952
3954
3957
3962
3963
3966
3969
3971
3975
3975
3977
3979
3979
3981
3984
3988
3991
4003
4006
4009
4010
4015
4018
4019
4027
4031
4033
4035
4039
4039
4041
4046
4048
4054
4054
4057
4059
4066
4068
4069
4070
4071
4079
4079
4080
4082
4082
4082
4104
4104
4105
4109
4109
4118
4121
4128
4132
4132
4141
4149
4149
4154
4154
4156
4158
4159
4162
4167
4169
4170
4176
4179
4185
4186
4189
4189
4198
4199
4201
4204
4206
4207
4209
4209
4211
4213
4220
4225
4233
4237
4240
4244
4268
4270
4270
4275
4280
4282
4287
4287
4288
4288
4297
4298
4300
4302
4310
4315
4324
4326
4327
4334
4343
4343
4344
4347
4350
4352
4353
4361
4362
4366
4374
4376
4378
4393
4394
4399
4410
4412
4430
4432
4437
4437
4440
4449
4451
4455
4456
4457
4459
4461
4462
4467
4469
4478
4485
4487
4487
4488
4494
4495
4496
4497
4497
4499
4500
4501
4505
4508
4509
4515
4517
4520
4525
4527
4529
4529
4540
4545
4548
4552
4552
4562
4563
4567
4568
4575
4577
4579
4584
4586
4588
4588
4594
4595
4598
4600
4607
4611
4615
4618
4620
4622
4623
4629
4631
4633
4637
4639
4641
4643
4645
4649
4653
4665
4668
4670
4676
4681
4682
4683
4689
4691
4691
4691
4691
4695
4702
4703
4707
4709
4714
4714
4714
4719
4720
4721
4722
4726
4737
4739
4740
4743
4743
4744
4747
4751
4756
4757
4758
4761
4765
4766
4770
4770
4773
4775
4779
4788
4789
4795
4799
4808
4811
4811
4816
4818
4831
4831
4835
4839
4840
4844
4847
4853
4859
4860
4863
4865
4877
4887
4891
4894
4896
4901
4902
4904
4904
4906
4908
4909
4910
4911
4924
4925
4926
4926
4927
4931
4933
4935
4936
4939
4941
4942
4942
4944
4945
4946
4946
4950
4951
4954
4955
4960
4960
4961
4971
4976
4979
4983
4986
4989
4996
5000
5005
5014
5015
5017
5017
5020
5021
5021
5024
5026
5031
5032
5033
5039
5044
5048
5056
5062
5062
5065
5067
5071
5084
5085
5086
5089
5092
5103
5105
5106
5108
5113
5115
5123
5128
5135
5139
5142
5143
5153
5155
5156
5159
5159
5160
5179
5182
5183
5187
5188
5192
5192
5208
5209
5209
5210
5211
5212
5212
5225
5225
5228
5244
5246
5247
5248
5248
5248
5252
5255
5255
5258
5260
5261
5261
5266
5268
5270
5274
5278
5280
5281
5282
5283
5285
5286
5288
5289
5289
5304
5312
5318
5320
5324
5326
5328
5328
5330
5332
5332
5333
5339
5345
5347
5350
5353
5356
5359
5359
5362
5367
5370
5370
5372
5374
5375
5376
5382
5384
5385
5391
5391
5396
5400
5401
5402
5406
5411
5418
5422
5423
5432
5437
5440
5448
5457
5457
5458
5462
5470
5475
5476
5480
5483
5483
5486
5487
5492
5493
5494
5497
5498
5498
5498
5499
5510
5512
5514
5515
5517
5525
5526
5526
5533
5533
5536
5541
5544
5548
5553
5560
5562
5563
5565
5573
5576
5577
5581
5590
5595
5595
5602
5607
5611
5612
5614
5619
5625
5626
5629
5631
5632
5634
5634
5635
5637
5637
5645
5648
5653
5662
5667
5668
5668
5671
5671
5672
5673
5679
5689
5689
5695
5698
5700
5706
5710
5718
5718
5723
5725
5732
5732
5739
5740
5753
5756
5760
5760
5764
5767
5767
5772
5773
5773
5776
5777
5780
5790
5792
5794
5799
5803
5804
5804
5806
5813
5813
5817
5821
5823
5829
5837
5837
5837
5839
5843
5844
5849
5853
5858
5859
5859
5862
5863
5868
5869
5876
5877
5883
5886
5889
5893
5905
5906
5907
5908
5911
5912
5913
5919
5925
5926
5926
5929
5930
5931
5938
5943
5945
5947
5950
5959
5962
5967
5970
5973
5973
5974
5979
5981
5985
5987
5993
5994
5995
5997
5998
6000
6002
6010
6017
6019
6020
6028
6029
6033
6038
6052
6053
6056
6061
6062
6063
6070
6074
6075
6075
6080
6083
6084
6090
6093
6094
6096
6102
6108
6110
6113
6114
6119
6121
6137
6150
6157
6163
6165
6172
6174
6175
6178
6183
6188
6191
6192
6195
6196
6199
6200
6204
6222
6222
6222
6223
6227
6231
6232
6238
6238
6239
6245
6255
6258
6261
6264
6270
6272
6277
6281
6281
6288
6289
6289
6290
6301
6303
6303
6304
6305
6305
6309
6311
6311
6316
6319
6319
6324
6325
6329
6331
6332
6340
6343
6344
6363
6367
6368
6369
6379
6380
6384
6395
6396
6397
6400
6401
6401
6406
6409
6413
6415
6415
6418
6418
6419
6423
6426
6429
6431
6432
6436
6437
6439
6439
6442
6442
6461
6466
6467
6472
6479
6481
6485
6487
6489
6497
6497
6499
6504
6507
6510
6511
6513
6518
6520
6521
6524
6525
6527
6531
6535
6535
6543
6558
6563
6571
6573
6576
6577
6578
6578
6586
6588
6591
6591
6596
6600
6609
6610
6620
6624
6636
6638
6641
6643
6648
6649
6655
6656
6657
6661
6663
6664
6664
6668
6670
6671
6675
6682
6687
6688
6689
6691
6691
6691
6695
6695
6697
6699
6702
6708
6717
6718
6724
6730
6744
6745
6746
6756
6757
6759
6762
6768
6774
6774
6778
6779
6783
6784
6790
6792
6793
6795
6798
6802
6803
6804
6808
6817
6817
6817
6818
6819
6834
6842
6843
6845
6852
6854
6860
6870
6874
6874
6876
6880
6883
6884
6885
6887
6889
6889
6890
6893
6895
6896
6898
6900
6903
6916
6920
6924
6926
6927
6929
6929
6932
6937
6944
6944
6951
6952
6953
6953
6955
6956
6957
6959
6961
6972
6973
6984
6984
6988
6990
6995
6996
6999
7000
7002
7007
7008
7025
7028
7034
7034
7038
7039
7039
7047
7052
7056
7059
7066
7068
7069
7072
7074
7079
7082
7098
7100
7101
7103
7106
7108
7112
7115
7115
7117
7123
7125
7129
7135
7136
7138
7139
7143
7145
7149
7149
7152
7153
7154
7154
7163
7164
7172
7177
7178
7184
7187
7187
7188
7190
7195
7197
7203
7215
7216
7218
7220
7221
7223
7228
7229
7230
7232
7236
7238
7238
7246
7249
7256
7266
7268
7270
7270
7270
7271
7276
7278
7292
7300
7307
7307
7308
7316
7318
7320
7323
7324
7327
7329
7329
7330
7337
7338
7340
7341
7342
7346
7350
7351
7356
7360
7362
7363
7369
7369
7374
7379
7384
7386
7388
7388
7389
7392
7402
7406
7413
7414
7415
7417
7424
7427
7428
7429
7430
7431
7435
7437
7439
7448
7450
7461
7463
7463
7467
7470
7471
7474
7487
7490
7492
7502
7503
7503
7507
7524
7525
7530
7538
7538
7539
7547
7551
7551
7566
7567
7572
7574
7577
7585
7586
7587
7590
7600
7601
7603
7607
7615
7617
7624
7625
7634
7635
7640
7642
7644
7644
7660
7662
7664
7665
7669
7671
7675
7682
7683
7686
7691
7696
7696
7696
7696
7697
7697
7701
7702
7707
7719
7721
7725
7727
7728
7728
7729
7734
7742
7743
7744
7750
7750
7752
7755
7756
7759
7761
7763
7767
7771
7772
7774
7777
7778
7799
7815
7824
7827
7836
7836
7848
7853
7855
7859
7863
7867
7875
7893
7893
7894
7900
7901
7902
7908
7918
7927
7927
7929
7930
7931
7937
7943
7944
7957
7959
7966
7968
7968
7981
7985
7988
7991
7992
7994
7998
7999
8002
8008
8010
8012
8013
8014
8019
8021
8021
8024
8027
8029
8031
8031
8032
8036
8044
8053
8055
8059
8067
8068
8071
8074
8078
8093
8096
8096
8102
8107
8125
8127
8128
8131
8132
8134
8134
8135
8144
8153
8158
8160
8167
8167
8171
8176
8177
8190
8191
8193
8194
8197
8207
8209
8212
8220
8226
8228
8228
8230
8231
8233
8236
8253
8257
8262
8267
8267
8273
8277
8279
8288
8291
8295
8296
8301
8304
8306
8306
8308
8310
8310
8314
8319
8319
8320
8321
8322
8322
8324
8324
8327
8329
8331
8335
8345
8347
8354
8355
8360
8360
8365
8368
8373
8373
8374
8399
8399
8401
8404
8411
8414
8415
8420
8426
8427
8429
8434
8434
8434
8437
8437
8437
8439
8446
8459
8461
8462
8470
8471
8472
8474
8479
8480
8482
8485
8487
8487
8488
8495
8499
8499
8500
8504
8504
8507
8511
8512
8516
8520
8534
8535
8540
8542
8544
8547
8550
8558
8560
8561
8565
8571
8575
8578
8578
8580
8580
8582
8583
8584
8584
8587
8589
8590
8592
8592
8596
8607
8607
8608
8615
8622
8624
8625
8626
8627
8629
8632
8632
8636
8637
8641
8644
8648
8659
8661
8663
8671
8672
8675
8677
8681
8682
8684
8690
8693
8693
8703
8707
8710
8710
8712
8714
8717
8719
8720
8724
8724
8730
8732
8739
8748
8748
8757
8757
8758
8760
8760
8761
8766
8766
8776
8780
8781
8781
8787
8788
8797
8799
8802
8806
8807
8827
8828
8831
8834
8836
8839
8843
8844
8846
8857
8862
8868
8870
8876
8881
8882
8884
8884
8888
8888
8889
8889
8891
8895
8895
8897
8907
8916
8917
8922
8925
8926
8927
8927
8928
8931
8935
8937
8940
8941
8943
8950
8959
8966
8980
8980
8983
8984
8988
8989
8993
8994
8994
8995
8995
8998
8999
9003
9005
9006
9007
9021
9022
9030
9032
9032
9043
9046
9047
9048
9056
9061
9061
9062
9063
9063
9064
9065
9071
9077
9082
9084
9092
9092
9092
9095
9096
9099
9099
9102
9103
9103
9105
9105
9106
9106
9109
9113
9116
9117
9119
9123
9128
9133
9134
9136
9142
9147
9147
9148
9155
9160
9167
9169
9176
9176
9177
9181
9181
9182
9183
9188
9189
9191
9196
9203
9204
9210
9210
9211
9218
9229
9237
9242
9243
9244
9246
9256
9258
9260
9271
9272
9276
9276
9282
9286
9294
9302
9312
9315
9316
9320
9321
9322
9323
9328
9329
9329
9331
9336
9338
9339
9341
9345
9354
9355
9366
9367
9371
9373
9374
9374
9375
9382
9382
9401
9402
9409
9409
9412
9416
9418
9420
9422
9426
9427
9428
9438
9439
9440
9444
9447
9448
9450
9456
9459
9470
9472
9474
9475
9479
9482
9484
9488
9499
9500
9508
9514
9517
9524
9525
9527
9530
9530
9543
9551
9553
9555
9556
9560
9561
9563
9564
9565
9566
9566
9568
9570
9570
9576
9580
9581
9584
9585
9586
9588
9589
9591
9591
9593
9595
9597
9606
9607
9607
9609
9612
9613
9613
9614
9614
9615
9630
9631
9634
9635
9635
9637
9638
9641
9645
9652
9653
9653
9655
9658
9662
9668
9670
9675
9677
9678
9685
9691
9697
9702
9706
9707
9714
9715
9718
9721
9729
9731
9732
9734
9736
9738
9739
9743
9754
9755
9762
9763
9764
9766
9766
9774
9775
9789
9791
9792
9797
9798
9800
9803
9807
9811
9819
9819
9820
9820
9821
9822
9827
9846
9850
9867
9868
9871
9874
9877
9879
9883
9884
9888
9897
9911
9912
9913
9930
9932
9938
9945
9950
9951
9951
9957
9958
9971
9972
9975
9979
9980
9982
9984
9984
9985
9992
9998
9998
9999
10000
10004
10016
10017
10019
10022
10026
10029
10032
10033
10035
10037
10040
10041
10042
10044
10048
10049
10055
10058
10059
10060
10062
10069
10071
10073
10076
10080
10081
10081
10083
10088
10090
10092
10093
10099
10100
10106
10108
10110
10114
10117
10118
10122
10124
10126
10127
10142
10143
10147
10150
10160
10161
10162
10162
10163
10166
10167
10167
10173
10177
10180
10182
10182
10188
10192
10198
10199
10204
10206
10208
10210
10223
10229
10229
10232
10235
10236
10237
10241
10245
10251
10252
10253
10258
10263
10263
10264
10265
10266
10269
10270
10272
10274
10275
10279
10281
10281
10284
10285
10296
10301
10302
10302
10307
10309
10320
10325
10328
10329
10339
10344
10345
10357
10360
10362
10371
10374
10379
10381
10384
10384
10390
10390
10391
10392
10401
10402
10406
10407
10408
10415
10420
10425
10435
10436
10437
10438
10438
10448
10459
10465
10473
10474
10475
10475
10476
10477
10478
10479
10483
10489
10489
10490
10493
10496
10499
10500
10502
10503
10508
10511
10512
10516
10521
10522
10523
10525
10526
10529
10533
10534
10535
10536
10541
10543
10545
10545
10546
10547
10548
10550
10554
10564
10566
10567
10572
10575
10582
10586
10586
10587
10595
10595
10598
10606
10607
10610
10612
10615
10616
10626
10627
10628
10632
10632
10632
10636
10644
10647
10651
10657
10657
10658
10660
10662
10663
10664
10665
10678
10678
10681
10681
10685
10691
10694
10696
10697
10703
10704
10705
10705
10707
10710
10710
10714
10715
10718
10719
10725
10725
10729
10730
10731
10734
10734
10737
10738
10738
10743
10744
10754
10755
10755
10756
10756
10765
10768
10775
10778
10781
10781
10787
10787
10796
10803
10804
10822
10824
10836
10853
10862
10863
10865
10865
10868
10870
10871
10875
10876
10878
10879
10879
10886
10886
10888
10892
10894
10907
10908
10910
10913
10916
10918
10919
10921
10936
10941
10944
10945
10948
10949
10952
10956
10956
10961
10968
10974
10975
10976
10977
10982
10985
10987
10988
10988
10994
10994
11008
11014
11015
11015
11015
11017
11025
11025
11027
11027
11030
11031
11033
11037
11040
11041
11046
11048
11057
11059
11060
11062
11063
11072
11075
11080
11080
11088
11092
11093
11093
11098
11099
11100
11101
11102
11108
11109
11110
11113
11116
11119
11126
11126
11130
11134
11135
11141
11144
11154
11157
11159
11160
11160
11160
11162
11164
11171
11176
11184
11192
11193
11194
11196
11201
11207
11207
11209
11215
11215
11215
11227
11227
11230
11231
11234
11239
11245
11248
11260
11261
11269
11274
11283
11285
11287
11288
11291
11294
11296
11300
11307
11315
11319
11320
11324
11325
11328
11330
11330
11338
11343
11348
11349
11353
11355
11358
11368
11371
11372
11373
11375
11375
11378
11380
11383
11386
11389
11393
11396
11398
11408
11411
11414
11416
11421
11426
11427
11432
11433
11433
11437
11445
11451
11455
11455
11458
11460
11463
11471
11477
11479
11479
11479
11482
11483
11485
11490
11494
11499
11500
11500
11506
11507
11516
11519
11519
11521
11521
11522
11523
11523
11529
11534
11534
11534
11545
11550
11556
11559
11559
11560
11560
11560
11562
11567
11569
11569
11570
11579
11585
11585
11591
11594
11597
11598
11598
11600
11600
11604
11604
11611
11617
11626
11635
11636
11637
11644
11645
11649
11653
11663
11667
11675
11679
11681
11682
11687
11691
11692
11692
11700
11705
11708
11709
11725
11728
11731
11735
11739
11747
11750
11757
11760
11761
11762
11764
11765
11765
11767
11767
11770
11783
11787
11788
11793
11795
11796
11804
11806
11809
11813
11813
11814
11820
11828
11830
11833
11833
11836
11841
11842
11844
11845
11847
11848
11848
11849
11850
11852
11856
11861
11864
11871
11877
11892
11896
11897
11901
11901
11904
11905
11905
11906
11916
11917
11917
11927
11929
11934
11944
11945
11949
11951
11952
11953
11958
11962
11965
11976
11978
11984
11988
11994
11999
12000
12005
12005
12012
12013
12014
12018
12018
12033
12033
12034
12039
12042
12042
12048
12065
12072
12083
12091
12092
12092
12102
12109
12112
12114
12115
12115
12123
12124
12126
12132
12133
12136
12136
12137
12144
12152
12153
12155
12159
12179
12180
12192
12196
12199
12200
12207
12211
12213
12213
12217
12219
12220
12224
12228
12235
12236
12237
12243
12246
12250
12257
12258
12265
12265
12270
12278
12278
12284
12285
12285
12289
12291
12294
12299
12299
12299
12307
12312
12313
12317
12318
12325
12329
12340
12341
12344
12344
12346
12348
12350
12351
12352
12358
12365
12370
12387
12398
12399
12402
12408
12409
12409
12411
12413
12413
12418
12420
12421
12421
12421
12430
12435
12436
12437
12438
12448
12454
12459
12463
12463
12467
12469
12472
12475
12478
12479
12481
12485
12487
12492
12492
12501
12501
12502
12506
12509
12516
12524
12528
12528
12528
12534
12534
12535
12536
12543
12551
12558
12559
12569
12576
12579
12584
12586
12594
12596
12599
12603
12607
12608
12610
12611
12613
12615
12615
12619
12630
12632
12638
12639
12643
12644
12650
12654
12656
12658
12667
12668
12671
12675
12682
12684
12692
12695
12697
12700
12700
12705
12713
12715
12715
12721
12727
12728
12732
12735
12737
12738
12739
12743
12744
12744
12745
12749
12750
12752
12752
12752
12758
12760
12767
12773
12777
12788
12792
12795
12806
12813
12828
12850
12855
12858
12859
12864
12872
12876
12877
12884
12885
12887
12894
12901
12909
12911
12913
12916
12916
12919
12923
12924
12926
12931
12936
12938
12939
12945
12947
12949
12954
12956
12956
12971
12972
12972
12982
12984
12992
12994
12995
12996
13005
13006
13007
13014
13015
13018
13020
13027
13043
13044
13045
13053
13055
13063
13064
13066
13066
13071
13073
13081
13085
13086
13088
13088
13090
13093
13094
13101
13104
13105
13107
13108
13111
13115
13120
13126
13131
13131
13131
13132
13132
13134
13135
13138
13141
13153
13160
13164
13165
13170
13171
13172
13176
13179
13180
13181
13184
13190
13190
13192
13193
13194
13197
13198
13199
13204
13210
13216
13219
13219
13222
13223
13225
13227
13229
13232
13241
13242
13245
13246
13247
13252
13256
13257
13258
13259
13261
13261
13265
13274
13275
13278
13282
13283
13285
13287
13288
13297
13297
13306
13312
13319
13320
13320
13322
13324
13325
13326
13326
13333
13339
13344
13346
13350
13350
13350
13357
13359
13362
13362
13363
13363
13364
13366
13366
13366
13368
13369
13369
13374
13376
13381
13382
13392
13395
13400
13402
13403
13404
13407
13409
13409
13409
13409
13425
13427
13428
13430
13440
13445
13460
13466
13467
13469
13473
13473
13475
13481
13482
13483
13488
13488
13496
13500
13504
13506
13506
13508
13508
13511
13512
13516
13519
13519
13523
13528
13530
13545
13546
13550
13557
13558
13560
13562
13564
13573
13575
13577
13580
13583
13584
13587
13588
13591
13607
13608
13614
13624
13628
13631
13636
13637
13638
13641
13644
13649
13649
13652
13653
13653
13656
13659
13661
13666
13667
13669
13670
13671
13681
13689
13690
13690
13699
13706
13707
13710
13710
13727
13728
13733
13740
13740
13743
13745
13746
13747
13751
13753
13755
13755
13757
13758
13759
13763
13771
13772
13772
13773
13776
13777
13779
13781
13783
13789
13804
13809
13813
13817
13818
13820
13822
13823
13825
13833
13834
13840
13841
13842
13843
13843
13844
13846
13847
13848
13850
13850
13851
13852
13856
13858
13859
13860
13865
13866
13871
13872
13874
13879
13879
13882
13888
13890
13890
13894
13899
13901
13906
13907
13910
13911
13918
13919
13921
13923
13926
13926
13934
13935
13937
13939
13942
13949
13951
13967
13971
13971
13972
13972
13982
13984
13985
13989
13989
13995
13996
13996
13999
14002
14003
14014
14016
14017
14023
14024
14024
14028
14032
14034
14037
14044
14046
14047
14050
14051
14056
14057
14058
14059
14067
14071
14072
14076
14078
14080
14084
14089
14102
14102
14112
14116
14119
14120
14126
14127
14129
14136
14138
14139
14141
14144
14144
14146
14151
14155
14163
14165
14169
14171
14174
14181
14181
14181
14181
14182
14188
14189
14189
14196
14199
14215
14221
14223
14226
14233
14234
14234
14237
14239
14240
14243
14245
14246
14249
14253
14262
14274
14287
14291
14297
14301
14305
14315
14317
14319
14323
14324
14330
14334
14337
14344
14346
14346
14349
14349
14355
14361
14364
14364
14368
14369
14370
14374
14376
14382
14386
14388
14393
14396
14399
14401
14402
14408
14410
14410
14410
14411
14412
14418
14419
14420
14422
14423
14426
14430
14435
14438
14444
14444
14448
14451
14453
14457
14459
14463
14466
14466
14468
14471
14472
14473
14480
14483
14487
14498
14503
14503
14507
14517
14517
14520
14522
14524
14526
14530
14531
14535
14536
14543
14547
14552
14552
14555
14555
14555
14558
14558
14560
14566
14568
14568
14570
14573
14575
14579
14580
14584
14588
14589
14599
14599
14599
14601
14601
14601
14606
14607
14608
14609
14610
14610
14612
14620
14621
14622
14625
14628
14631
14644
14649
14650
14652
14652
14656
14658
14663
14665
14668
14669
14671
14672
14673
14674
14676
14678
14682
14686
14689
14693
14693
14693
14700
14704
14706
14707
14716
14730
14730
14732
14741
14742
14745
14746
14751
14758
14760
14765
14767
14769
14773
14779
14785
14789
14789
14791
14791
14792
14793
14794
14794
14795
14796
14796
14806
14806
14807
14817
14818
14820
14820
14822
14823
14823
14835
14838
14840
14844
14847
14848
14849
14856
14858
14864
14865
14865
14868
14869
14870
14876
14879
14880
14881
14884
14884
14885
14895
14904
14913
14913
14916
14917
14923
14923
14927
14931
14932
14932
14937
14938
14961
14968
14981
14982
14986
14990
14991
14994
14996
14999
15001
15002
15003
15005
15005
15005
15013
15015
15023
15027
15031
15031
15035
15036
15038
15040
15041
15041
15042
15043
15045
15046
15048
15050
15054
15058
15061
15066
15066
15068
15069
15071
15071
15074
15075
15075
15076
15078
15078
15080
15087
15089
15090
15091
15091
15092
15093
15109
15113
15118
15119
15119
15119
15122
15125
15126
15126
15127
15131
15132
15134
15138
15140
15141
15154
15156
15159
15160
15161
15162
15163
15163
15164
15169
15170
15176
15179
15189
15191
15195
15200
15203
15213
15216
15219
15219
15221
15222
15223
15225
15229
15234
15243
15247
15250
15255
15256
15262
15264
15264
15267
15267
15268
15269
15274
15276
15279
15282
15282
15284
15285
15286
15289
15291
15293
15297
15297
15297
15303
15306
15308
15317
15320
15330
15330
15331
15332
15353
15356
15359
15359
15360
15361
15361
15362
15362
15363
15376
15381
15388
15389
15390
15396
15396
15396
15404
15405
15410
15412
15412
15413
15414
15416
15417
15418
15424
15424
15424
15427
15434
15436
15436
15436
15438
15449
15463
15474
15476
15476
15478
15478
15488
15492
15495
15495
15499
15505
15509
15511
15511
15511
15514
15514
15522
15523
15528
15529
15534
15536
15538
15542
15546
15549
15553
15557
15563
15565
15566
15568
15574
15580
15583
15583
15584
15585
15590
15591
15592
15592
15594
15599
15603
15605
15608
15610
15621
15625
15632
15633
15633
15637
15655
15660
15666
15666
15668
15673
15675
15677
15678
15679
15680
15681
15682
15698
15703
15703
15708
15709
15712
15713
15717
15718
15720
15723
15725
15735
15738
15744
15748
15749
15750
15756
15759
15771
15772
15775
15775
15777
15778
15781
15781
15783
15784
15784
15786
15786
15789
15793
15795
15796
15798
15799
15801
15803
15806
15810
15819
15822
15825
15825
15829
15831
15839
15846
15855
15856
15860
15860
15866
15866
15868
15868
15870
15871
15874
15874
15885
15886
15887
15893
15904
15908
15911
15912
15916
15916
15917
15918
15921
15925
15939
15948
15949
15951
15953
15958
15960
15978
15979
15980
15984
15986
15987
15991
15995
15995
15997
16000
16003
16007
16010
16013
16015
16019
16035
16036
16037
16040
16041
16044
16051
16065
16073
16073
16085
16088
16091
16095
16097
16099
16103
16104
16114
16114
16116
16117
16119
16120
16121
16121
16124
16124
16125
16131
16131
16131
16132
16135
16137
16137
16143
16143
16144
16146
16148
16151
16157
16159
16161
16163
16163
16168
16169
16178
16183
16184
16184
16185
16185
16186
16191
16200
16214
16229
16232
16234
16238
16242
16243
16244
16249
16251
16254
16254
16261
16261
16263
16266
16267
16268
16271
16271
16275
16279
16281
16281
16286
16288
16289
16292
16296
16299
16306
16306
16307
16310
16314
16314
16316
16317
16320
16325
16333
16342
16345
16352
16353
16354
16356
16380
16386
16388
16391
16396
16398
16399
16404
16411
16417
16419
16430
16431
16431
16431
16436
16440
16445
16449
16454
16455
16463
16470
16470
16472
16476
16476
16478
16480
16485
16489
16491
16492
16492
16495
16497
16498
16502
16506
16507
16507
16510
16516
16517
16517
16518
16518
16521
16526
16529
16530
16537
16547
16547
16553
16561
16565
16567
16570
16572
16575
16579
16586
16595
16598
16598
16598
16602
16607
16610
16611
16613
16615
16616
16616
16617
16629
16630
16634
16640
16640
16642
16642
16656
16659
16663
16663
16664
16668
16669
16670
16675
16682
16685
16686
16687
16689
16690
16691
16692
16692
16697
16699
16701
16705
16711
16711
16717
16720
16728
16730
16730
16733
16739
16740
16747
16749
16750
16750
16755
16757
16758
16758
16765
16769
16769
16774
16774
16775
16775
16778
16779
16779
16780
16780
16784
16788
16798
16799
16805
16806
16810
16812
16816
16817
16820
16821
16826
16827
16835
16836
16839
16842
16846
16851
16853
16854
16857
16858
16858
16858
16864
16870
16872
16881
16881
16886
16892
16895
16897
16904
16909
16924
16926
16930
16932
16938
16939
16953
16956
16957
16960
16965
16968
16970
16973
16975
16981
16982
16984
16986
16987
16989
16993
16993
16994
16995
16997
17006
17006
17011
17014
17017
17018
17025
17029
17029
17030
17030
17034
17038
17039
17050
17053
17057
17058
17060
17061
17063
17064
17067
17068
17069
17076
17080
17083
17085
17091
17093
17096
17097
17097
17101
17104
17105
17106
17109
17115
17121
17123
17130
17133
17136
17163
17167
17167
17168
17169
17170
17171
17173
17175
17179
17181
17191
17198
17203
17203
17203
17208
17211
17213
17213
17215
17216
17219
17225
17226
17236
17237
17239
17243
17246
17246
17247
17249
17250
17259
17260
17260
17262
17283
17285
17294
17295
17297
17297
17298
17300
17311
17312
17323
17326
17328
17330
17334
17340
17343
17344
17345
17345
17346
17352
17357
17363
17363
17367
17367
17369
17370
17370
17372
17372
17373
17376
17376
17376
17379
17383
17385
17393
17402
17405
17407
17410
17414
17416
17417
17418
17419
17432
17433
17434
17435
17436
17436
17440
17447
17450
17450
17451
17461
17462
17465
17467
17469
17471
17477
17477
17479
17480
17480
17481
17482
17487
17489
17492
17492
17493
17494
17498
17503
17506
17517
17526
17527
17532
17537
17543
17543
17546
17548
17557
17558
17563
17565
17567
17570
17571
17573
17576
17576
17590
17592
17599
17599
17602
17605
17616
17621
17622
17627
17631
17632
17634
17640
17648
17651
17659
17660
17663
17663
17665
17666
17684
17691
17692
17692
17698
17700
17700
17701
17710
17714
17714
17717
17720
17720
17725
17733
17740
17741
17743
17746
17748
17750
17757
17760
17764
17777
17782
17785
17785
17790
17791
17794
17797
17799
17801
17804
17812
17813
17818
17819
17820
17822
17823
17826
17836
17839
17843
17844
17848
17856
17861
17862
17862
17862
17871
17873
17881
17886
17891
17893
17897
17899
17906
17906
17907
17911
17911
17912
17913
17916
17917
17918
17920
17923
17924
17925
17925
17926
17927
17928
17936
17937
17937
17939
17940
17942
17943
17944
17951
17957
17960
17968
17973
17974
17976
17979
17981
17982
17989
17991
17992
17997
17997
17997
18001
18003
18003
18003
18004
18005
18009
18011
18014
18014
18015
18022
18022
18023
18024
18027
18030
18030
18032
18037
18037
18037
18037
18039
18043
18045
18052
18054
18055
18056
18059
18059
18064
18069
18069
18069
18072
18074
18076
18078
18080
18081
18082
18083
18086
18092
18092
18094
18096
18096
18098
18102
18102
18106
18107
18107
18118
18119
18119
18120
18122
18127
18127
18130
18130
18132
18132
18149
18151
18151
18157
18158
18163
18164
18168
18169
18172
18173
18173
18179
18180
18187
18187
18191
18194
18197
18198
18201
18201
18203
18204
18205
18208
18209
18209
18212
18217
18219
18226
18233
18236
18238
18240
18240
18244
18247
18248
18249
18250
18251
18259
18262
18269
18269
18278
18278
18279
18280
18281
18282
18284
18291
18291
18291
18293
18295
18301
18315
18319
18321
18324
18325
18326
18331
18332
18332
18334
18339
18340
18340
18344
18345
18346
18347
18348
18352
18358
18367
18372
18376
18377
18379
18381
18383
18384
18384
18385
18388
18390
18390
18392
18396
18398
18399
18402
18402
18403
18404
18413
18416
18421
18422
18425
18430
18432
18435
18439
18441
18449
18450
18450
18454
18456
18458
18462
18465
18468
18473
18474
18476
18478
18483
18484
18492
18498
18498
18501
18501
18503
18509
18510
18513
18514
18515
18515
18517
18517
18519
18520
18523
18525
18528
18533
18535
18536
18541
18545
18547
18554
18561
18563
18567
18571
18579
18581
18585
18586
18589
18602
18614
18625
18628
18632
18634
18636
18637
18638
18643
18643
18645
18646
18646
18651
18652
18654
18655
18655
18656
18661
18663
18663
18664
18665
18665
18666
18666
18669
18673
18679
18683
18691
18702
18704
18714
18717
18719
18720
18725
18725
18728
18732
18733
18734
18742
18742
18743
18744
18750
18757
18759
18772
18774
18780
18781
18786
18786
18788
18789
18790
18797
18799
18800
18805
18806
18809
18811
18813
18819
18821
18821
18822
18832
18833
18840
18840
18845
18847
18850
18850
18853
18853
18856
18856
18870
18871
18880
18884
18887
18890
18890
18895
18901
18902
18911
18911
18913
18915
18920
18920
18921
18924
18925
18927
18928
18929
18934
18937
18939
18946
18946
18947
18950
18954
18957
18961
18964
18965
18966
18967
18969
18970
18972
18972
18973
18982
18986
18991
18995
18996
18997
18997
18997
19002
19003
19020
19021
19031
19038
19038
19044
19054
19054
19057
19059
19061
19061
19063
19063
19067
19069
19069
19069
19070
19073
19076
19077
19079
19081
19082
19086
19093
19102
19103
19104
19104
19111
19113
19120
19121
19124
19124
19124
19126
19134
19140
19140
19143
19146
19147
19149
19155
19159
19161
19163
19170
19170
19171
19172
19176
19178
19181
19183
19190
19192
19192
19193
19202
19203
19204
19213
19216
19217
19225
19230
19236
19245
19246
19249
19253
19259
19259
19261
19261
19271
19271
19276
19285
19288
19291
19296
19302
19304
19306
19308
19311
19314
19316
19320
19321
19321
19323
19324
19325
19325
19328
19329
19330
19334
19336
19346
19346
19346
19347
19347
19347
19350
19352
19354
19363
19376
19378
19382
19383
19387
19391
19395
19404
19408
19408
19416
19424
19425
19432
19433
19434
19435
19446
19450
19452
19455
19459
19459
19460
19471
19472
19472
19473
19475
19477
19478
19483
19483
19486
19490
19492
19492
19498
19498
19509
19514
19515
19517
19519
19520
19524
19525
19526
19527
19528
19529
19530
19541
19542
19543
19543
19549
19551
19558
19558
19560
19564
19564
19565
19566
19571
19574
19575
19576
19579
19585
19591
19594
19597
19599
19603
19606
19611
19613
19614
19616
19617
19621
19623
19623
19623
19624
19628
19629
19630
19632
19633
19635
19639
19640
19654
19661
19666
19667
19670
19670
19671
19673
19674
19675
19675
19677
19683
19683
19688
19688
19690
19690
19691
19717
19721
19733
19734
19734
19735
19742
19745
19746
19748
19753
19761
19764
19767
19771
19776
19776
19780
19789
19796
19799
19799
19802
19803
19806
19809
19817
19821
19824
19830
19830
19830
19834
19835
19841
19849
19850
19850
19853
19856
19858
19870
19873
19880
19883
19891
19891
19892
19894
19898
19898
19900
19904
19904
19906
19911
19914
19915
19917
19918
19920
19921
19925
19932
19933
19956
19961
19963
19973
19974
19976
19979
19982
19983
19986
19999
20000
20006
20011
20020
20020
20021
20025
20027
20034
20036
20037
20040
20042
20043
20043
20048
20048
20051
20052
20053
20053
20054
20055
20056
20060
20082
20084
20089
20091
20094
20098
20100
20104
20105
20106
20111
20124
20126
20127
20130
20141
20143
20143
20144
20147
20148
20149
20150
20151
20153
20159
20162
20163
20164
20165
20166
20167
20170
20179
20182
20182
20186
20191
20191
20197
20198
20200
20201
20209
20209
20212
20212
20213
20215
20215
20216
20222
20222
20225
20226
20236
20243
20248
20249
20252
20254
20255
20257
20259
20259
20261
20262
20270
20272
20273
20278
20283
20284
20290
20290
20295
20298
20298
20313
20315
20316
20320
20320
20325
20327
20330
20331
20335
20338
20339
20342
20343
20344
20347
20348
20349
20353
20359
20364
20372
20373
20374
20375
20377
20378
20380
20382
20382
20383
20384
20385
20393
20397
20401
20401
20403
20403
20408
20414
20416
20418
20420
20420
20420
20422
20423
20429
20430
20434
20437
20438
20440
20442
20446
20448
20448
20457
20462
20464
20472
20473
20473
20474
20477
20481
20482
20486
20488
20489
20490
20492
20494
20495
20496
20496
20500
20501
20506
20508
20509
20509
20512
20516
20518
20530
20532
20536
20539
20540
20544
20545
20548
20552
20554
20557
20562
20564
20572
20586
20586
20591
20596
20600
20611
20615
20621
20626
20626
20632
20635
20636
20636
20650
20650
20651
20651
20651
20658
20664
20667
20668
20668
20673
20674
20674
20678
20692
20702
20708
20712
20713
20715
20715
20717
20721
20723
20730
20733
20734
20737
20745
20746
20751
20757
20759
20773
20774
20777
20780
20782
20785
20788
20796
20798
20798
20803
20803
20805
20808
20812
20821
20824
20825
20825
20829
20835
20844
20845
20851
20863
20863
20863
20863
20867
20869
20869
20871
20873
20879
20881
20890
20898
20901
20901
20904
20906
20907
20923
20931
20931
20933
20935
20941
20943
20946
20947
20950
20952
20953
20955
20958
20969
20973
20973
20973
20974
20975
20975
20984
20986
20998
21000
21006
21019
21024
21032
21033
21034
21037
21037
21042
21043
21043
21043
21048
21049
21053
21054
21054
21054
21057
21062
21064
21070
21076
21085
21086
21087
21087
21094
21096
21112
21113
21114
21114
21114
21116
21118
21122
21124
21127
21134
21136
21139
21140
21148
21148
21156
21164
21165
21171
21175
21176
21176
21177
21183
21185
21186
21186
21187
21191
21194
21202
21203
21206
21215
21217
21217
21218
21224
21225
21235
21235
21236
21237
21244
21244
21246
21246
21250
21251
21255
21259
21259
21266
21268
21269
21271
21275
21277
21279
21280
21282
21282
21283
21286
21286
21286
21287
21293
21295
21295
21298
21298
21302
21305
21308
21315
21320
21320
21324
21330
21331
21331
21332
21341
21342
21342
21349
21349
21351
21351
21358
21367
21368
21375
21382
21386
21386
21388
21393
21393
21394
21395
21395
21398
21400
21403
21403
21421
21423
21424
21425
21441
21443
21447
21451
21451
21452
21452
21455
21455
21457
21457
21460
21470
21470
21473
21474
21474
21478
21479
21482
21483
21484
21485
21491
21499
21501
21502
21503
21504
21505
21505
21507
21509
21519
21519
21520
21522
21524
21528
21534
21541
21543
21547
21548
21557
21560
21560
21565
21569
21569
21569
21570
21574
21578
21580
21583
21595
21601
21604
21606
21606
21616
21618
21624
21629
21629
21631
21638
21644
21644
21649
21649
21650
21652
21669
21672
21679
21681
21694
21696
21705
21707
21713
21715
21716
21719
21719
21722
21724
21727
21735
21735
21736
21744
21750
21756
21758
21760
21760
21763
21766
21769
21769
21774
21775
21776
21783
21784
21787
21788
21789
21790
21792
21794
21805
21807
21808
21808
21811
21817
21819
21819
21827
21828
21836
21845
21852
21860
21864
21867
21869
21872
21873
21874
21875
21877
21885
21887
21892
21896
21900
21904
21906
21908
21911
21913
21918
21923
21923
21924
21927
21931
21936
21936
21944
21946
21949
21956
21956
21957
21960
21960
21969
21970
21973
21986
21989
21990
21992
21996
21996
21998
22000
22008
22010
22014
22016
22017
22017
22017
22024
22027
22027
22028
22030
22032
22044
22045
22050
22056
22069
22069
22073
22080
22081
22088
22090
22092
22094
22099
22099
22101
22102
22105
22105
22105
22106
22108
22112
22124
22124
22133
22136
22137
22137
22139
22142
22143
22147
22148
22151
22153
22154
22155
22155
22159
22160
22161
22174
22174
22174
22182
22184
22184
22189
22191
22197
22202
22207
22210
22218
22220
22234
22241
22242
22243
22244
22248
22251
22254
22270
22274
22275
22278
22278
22284
22285
22286
22286
22287
22288
22289
22289
22290
22296
22300
22301
22304
22306
22309
22310
22311
22313
22315
22316
22317
22323
22324
22328
22336
22338
22345
22350
22353
22354
22356
22364
22375
22376
22378
22381
22382
22382
22388
22392
22395
22395
22396
22401
22407
22408
22416
22417
22434
22442
22442
22444
22444
22449
22450
22457
22459
22463
22466
22468
22473
22480
22482
22483
22490
22503
22505
22509
22510
22512
22513
22514
22516
22517
22522
22528
22532
22537
22540
22546
22547
22551
22557
22567
22568
22570
22571
22572
22579
22582
22588
22588
22589
22592
22597
22597
22598
22598
22604
22606
22614
22615
22617
22618
22622
22628
22630
22632
22633
22634
22640
22641
22645
22648
22659
22660
22662
22664
22664
22671
22675
22679
22683
22684
22685
22688
22689
22689
22691
22691
22692
22692
22693
22693
22694
22694
22696
22700
22702
22703
22712
22713
22715
22722
22728
22731
22732
22733
22735
22738
22740
22742
22745
22748
22749
22751
22751
22753
22754
22755
22758
22761
22764
22767
22771
22774
22777
22777
22778
22781
22782
22784
22788
22792
22792
22794
22797
22806
22807
22815
22818
22819
22820
22823
22825
22827
22830
22837
22837
22839
22844
22846
22848
22850
22854
22859
22860
22860
22860
22866
22871
22872
22874
22875
22876
22878
22879
22881
22887
22892
22895
22899
22899
22900
22905
22915
22916
22917
22918
22921
22921
22927
22928
22929
22930
22931
22933
22933
22933
22935
22938
22938
22940
22942
22943
22944
22946
22947
22951
22956
22957
22961
22963
22963
22966
22968
22971
22971
22973
22976
22980
22981
22981
22983
22985
22987
22989
22990
22994
22994
22996
22996
22996
22997
23000
23000
23004
23006
23007
23015
23019
23022
23025
23025
23030
23035
23041
23043
23047
23048
23053
23053
23054
23054
23064
23064
23075
23081
23089
23090
23091
23096
23099
23103
23106
23111
23112
23113
23116
23119
23121
23134
23138
23138
23141
23144
23147
23147
23154
23154
23160
23164
23169
23182
23182
23182
23187
23190
23191
23192
23193
23193
23195
23201
23203
23203
23208
23213
23213
23219
23219
23220
23227
23232
23233
23245
23260
23262
23262
23263
23268
23269
23270
23270
23272
23275
23277
23279
23279
23281
23285
23285
23285
23288
23291
23294
23298
23298
23301
23304
23306
23307
23309
23312
23313
23321
23333
23340
23340
23343
23343
23352
23360
23362
23365
23367
23374
23376
23381
23384
23387
23387
23390
23392
23393
23400
23404
23406
23410
23410
23418
23422
23426
23432
23434
23437
23438
23439
23440
23442
23444
23444
23450
23453
23454
23455
23458
23463
23466
23466
23467
23468
23468
23468
23472
23473
23474
23476
23477
23477
23480
23487
23487
23489
23490
23495
23501
23502
23503
23503
23504
23504
23509
23510
23512
23514
23520
23523
23529
23531
23535
23537
23539
23541
23542
23544
23548
23572
23590
23592
23594
23595
23598
23602
23607
23607
23609
23611
23620
23626
23627
23628
23630
23635
23637
23643
23644
23647
23648
23660
23660
23660
23665
23675
23676
23682
23686
23695
23695
23696
23700
23702
23704
23724
23724
23728
23728
23730
23740
23750
23751
23753
23755
23756
23758
23759
23759
23760
23761
23763
23765
23768
23768
23769
23775
23778
23779
23784
23785
23785
23790
23792
23792
23797
23797
23798
23798
23800
23813
23815
23821
23821
23835
23839
23839
23841
23843
23848
23856
23859
23868
23871
23882
23890
23891
23892
23892
23893
23897
23903
23904
23905
23906
23907
23916
23923
23923
23925
23927
23930
23930
23932
23936
23936
23945
23946
23946
23948
23948
23949
23953
23955
23956
23961
23964
23970
23972
23974
23978
23980
23983
23984
23998
23999
24000
24007
24011
24011
24017
24023
24028
24031
24033
24034
24036
24038
24038
24040
24041
24052
24052
24055
24062
24064
24066
24072
24074
24074
24078
24088
24091
24091
24092
24092
24097
24099
24100
24101
24106
24107
24107
24112
24123
24131
24131
24133
24137
24138
24140
24148
24150
24152
24152
24157
24166
24166
24166
24166
24167
24168
24171
24176
24180
24186
24189
24194
24195
24196
24202
24207
24209
24214
24220
24223
24227
24227
24232
24233
24234
24239
24242
24246
24248
24250
24254
24256
24257
24258
24265
24266
24268
24269
24270
24275
24279
24282
24286
24289
24291
24302
24304
24306
24307
24307
24309
24310
24316
24318
24326
24333
24334
24337
24338
24342
24344
24345
24346
24348
24351
24355
24357
24364
24367
24369
24370
24372
24372
24377
24382
24385
24388
24395
24396
24397
24397
24400
24404
24415
24415
24417
24419
24423
24426
24443
24445
24449
24455
24457
24457
24467
24468
24469
24474
24487
24487
24489
24492
24498
24502
24509
24511
24512
24518
24519
24523
24530
24531
24533
24535
24536
24550
24553
24563
24565
24569
24577
24578
24579
24581
24581
24582
24588
24590
24591
24593
24594
24596
24601
24608
24612
24612
24612
24617
24618
24623
24626
24642
24643
24646
24651
24655
24656
24657
24661
24663
24670
24680
24681
24684
24684
24690
24696
24707
24709
24711
24716
24717
24718
24723
24724
24727
24729
24731
24738
24749
24750
24754
24754
24757
24757
24757
24758
24764
24766
24767
24768
24768
24774
24775
24778
24787
24788
24790
24792
24801
24801
24803
24804
24806
24806
24814
24816
24817
24821
24830
24830
24831
24832
24835
24837
24837
24847
24851
24856
24861
24863
24867
24869
24869
24871
24873
24875
24877
24880
24882
24886
24887
24896
24897
24897
24899
24900
24903
24904
24907
24909
24912
24922
24924
24926
24928
24928
24929
24930
24936
24937
24938
24940
24946
24949
24951
24957
24964
24966
24971
24975
24976
24982
24986
24988
24988
24992
24993
24999
25007
25016
25019
25021
25022
25026
25026
25028
25035
25038
25047
25048
25051
25051
25052
25053
25057
25059
25061
25063
25064
25067
25070
25078
25083
25084
25086
25087
25089
25099
25102
25104
25104
25107
25112
25112
25113
25117
25119
25120
25123
25130
25130
25141
25142
25143
25146
25150
25150
25154
25161
25163
25163
25165
25167
25174
25176
25177
25178
25181
25183
25183
25190
25190
25194
25196
25200
25202
25219
25221
25224
25227
25230
25234
25234
25236
25243
25251
25253
25257
25261
25265
25267
25269
25271
25274
25275
25280
25281
25283
25283
25291
25294
25298
25302
25308
25310
25313
25316
25319
25322
25333
25334
25336
25342
25345
25347
25347
25348
25348
25350
25351
25363
25364
25369
25370
25374
25384
25388
25392
25397
25397
25402
25405
25413
25415
25415
25416
25417
25417
25418
25420
25421
25424
25426
25437
25442
25443
25444
25451
25451
25456
25460
25464
25470
25476
25478
25489
25490
25490
25492
25493
25494
25494
25497
25501
25504
25505
25508
25516
25518
25519
25520
25521
25529
25530
25531
25540
25542
25547
25547
25556
25559
25566
25577
25579
25580
25584
25589
25592
25598
25601
25609
25615
25617
25623
25624
25624
25627
25633
25636
25639
25643
25644
25645
25649
25650
25651
25653
25654
25659
25663
25668
25670
25673
25679
25689
25691
25692
25697
25697
25698
25699
25706
25713
25713
25716
25721
25722
25725
25732
25734
25736
25739
25745
25745
25746
25747
25750
25751
25753
25756
25758
25766
25767
25771
25774
25778
25782
25783
25788
25792
25793
25802
25810
25811
25811
25818
25819
25823
25824
25829
25832
25833
25835
25835
25835
25836
25838
25839
25841
25843
25847
25853
25856
25864
25870
25872
25874
25876
25879
25882
25888
25891
25893
25895
25896
25898
25900
25901
25907
25912
25914
25914
25918
25920
25926
25927
25932
25933
25935
25935
25939
25940
25941
25944
25948
25951
25952
25952
25961
25966
25980
25981
25983
25983
25983
25985
25989
25997
25997
26002
26004
26006
26007
26011
26016
26022
26031
26032
26034
26041
26046
26052
26053
26064
26067
26067
26069
26070
26083
26086
26088
26090
26105
26106
26117
26118
26124
26129
26130
26138
26146
26148
26151
26152
26153
26164
26166
26177
26177
26181
26182
26191
26200
26207
26208
26208
26210
26218
26223
26228
26228
26231
26233
26233
26237
26240
26241
26241
26247
26252
26253
26253
26253
26255
26265
26266
26268
26269
26270
26270
26271
26272
26282
26284
26286
26288
26292
26297
26301
26302
26309
26310
26311
26312
26316
26320
26323
26325
26328
26331
26339
26358
26360
26365
26365
26370
26374
26377
26380
26382
26387
26387
26388
26397
26401
26414
26414
26424
26432
26434
26436
26437
26439
26443
26450
26459
26472
26473
26479
26479
26480
26483
26485
26485
26488
26496
26499
26499
26500
26502
26503
26506
26510
26513
26516
26517
26518
26521
26525
26525
26525
26526
26526
26530
26532
26533
26540
26541
26543
26543
26547
26548
26549
26552
26556
26557
26563
26564
26566
26569
26572
26573
26579
26580
26583
26588
26593
26596
26598
26602
26603
26611
26615
26618
26619
26623
26623
26629
26629
26632
26651
26662
26671
26671
26672
26675
26677
26678
26678
26679
26682
26688
26691
26692
26696
26697
26698
26700
26711
26712
26713
26718
26732
26733
26733
26736
26740
26747
26754
26755
26757
26760
26761
26763
26779
26779
26786
26786
26798
26802
26805
26809
26819
26820
26826
26835
26837
26841
26843
26845
26846
26854
26865
26868
26879
26901
26905
26911
26921
26922
26932
26933
26935
26937
26941
26944
26950
26951
26952
26953
26956
26956
26957
26959
26962
26964
26968
26970
26971
26974
26975
26976
26985
26986
26988
26991
26992
26995
27005
27006
27008
27009
27011
27011
27014
27015
27016
27026
27028
27031
27034
27037
27037
27038
27040
27042
27047
27049
27050
27054
27064
27067
27069
27074
27079
27083
27084
27085
27086
27091
27092
27100
27100
27105
27120
27121
27123
27126
27126
27130
27132
27135
27142
27144
27145
27146
27147
27152
27155
27156
27163
27163
27166
27166
27169
27169
27174
27182
27186
27191
27193
27195
27202
27203
27208
27209
27209
27215
27222
27223
27228
27230
27230
27233
27238
27243
27246
27249
27252
27253
27254
27255
27257
27258
27258
27260
27263
27264
27267
27269
27270
27280
27283
27283
27288
27289
27298
27301
27301
27312
27317
27320
27326
27327
27331
27337
27342
27346
27354
27364
27371
27372
27374
27377
27378
27380
27387
27391
27394
27397
27400
27406
27406
27406
27410
27414
27418
27420
27423
27424
27425
27433
27433
27435
27436
27444
27448
27448
27449
27449
27453
27459
27463
27466
27467
27468
27470
27472
27477
27482
27486
27487
27487
27488
27495
27496
27505
27508
27510
27515
27517
27528
27529
27530
27535
27538
27542
27544
27546
27548
27550
27563
27564
27564
27565
27568
27569
27574
27576
27579
27586
27587
27588
27597
27599
27599
27602
27603
27605
27605
27605
27607
27611
27621
27621
27622
27622
27622
27632
27642
27643
27644
27655
27659
27662
27664
27665
27666
27667
27670
27672
27682
27691
27694
27702
27708
27713
27720
27723
27723
27728
27729
27730
27731
27732
27735
27742
27743
27746
27754
27756
27757
27758
27766
27766
27767
27768
27775
27781
27786
27787
27787
27788
27792
27793
27798
27805
27812
27815
27819
27820
27825
27826
27837
27838
27838
27844
27853
27856
27858
27872
27878
27886
27888
27901
27901
27906
27908
27908
27911
27914
27916
27926
27927
27927
27929
27934
27935
27937
27942
27946
27956
27960
27961
27965
27967
27977
27977
27978
27978
27979
27980
27990
27990
27991
27996
28001
28013
28014
28015
28018
28020
28026
28043
28045
28049
28050
28052
28054
28054
28056
28056
28056
28059
28062
28062
28067
28068
28068
28073
28076
28077
28086
28087
28089
28089
28090
28098
28099
28100
28100
28108
28109
28109
28110
28115
28117
28121
28121
28127
28128
28129
28137
28138
28140
28141
28141
28150
28150
28152
28163
28163
28165
28170
28174
28176
28177
28179
28182
28193
28194
28194
28196
28202
28204
28205
28210
28210
28211
28225
28228
28229
28232
28235
28235
28238
28238
28239
28245
28250
28255
28255
28256
28257
28259
28259
28260
28261
28267
28269
28269
28273
28277
28280
28286
28286
28288
28291
28294
28296
28299
28300
28304
28308
28309
28310
28311
28313
28314
28320
28321
28324
28330
28338
28339
28349
28352
28355
28373
28377
28384
28384
28385
28389
28391
28392
28392
28395
28401
28408
28409
28410
28411
28413
28420
28424
28428
28430
28436
28437
28442
28446
28452
28458
28459
28468
28468
28470
28472
28476
28482
28487
28492
28493
28494
28496
28497
28497
28498
28499
28502
28507
28507
28508
28509
28510
28513
28517
28520
28522
28526
28528
28528
28531
28538
28541
28544
28546
28549
28552
28557
28559
28559
28562
28568
28571
28575
28582
28597
28597
28603
28607
28617
28617
28621
28629
28630
28631
28643
28652
28663
28663
28664
28667
28671
28674
28675
28681
28704
28707
28712
28712
28715
28723
28724
28725
28728
28728
28728
28730
28734
28734
28739
28757
28760
28761
28765
28767
28772
28781
28781
28783
28784
28787
28793
28799
28802
28803
28811
28812
28814
28818
28824
28826
28828
28835
28837
28838
28846
28854
28854
28855
28856
28858
28868
28868
28872
28874
28875
28879
28887
28894
28900
28901
28906
28908
28910
28916
28931
28933
28933
28938
28950
28951
28969
28972
28973
28974
28975
28979
28992
28993
28997
28997
28998
29000
29005
29006
29017
29028
29033
29035
29036
29038
29041
29050
29050
29055
29059
29059
29065
29066
29068
29071
29073
29073
29075
29076
29078
29081
29082
29084
29090
29091
29094
29096
29097
29098
29099
29104
29105
29106
29108
29108
29127
29127
29128
29131
29132
29138
29140
29142
29147
29150
29152
29158
29158
29160
29161
29164
29167
29170
29172
29175
29185
29185
29185
29186
29186
29193
29198
29200
29201
29204
29205
29209
29209
29209
29209
29211
29221
29223
29230
29235
29239
29241
29243
29245
29248
29253
29254
29255
29256
29257
29257
29258
29267
29268
29273
29278
29282
29282
29283
29285
29286
29286
29296
29298
29302
29305
29318
29326
29328
29338
29339
29340
29341
29341
29341
29344
29346
29349
29350
29350
29350
29352
29355
29365
29367
29368
29370
29370
29373
29374
29374
29375
29375
29377
29377
29387
29389
29398
29403
29407
29407
29414
29416
29420
29425
29426
29433
29443
29445
29446
29448
29448
29451
29465
29466
29472
29473
29474
29481
29482
29493
29504
29514
29514
29515
29519
29523
29527
29527
29527
29532
29535
29542
29543
29550
29553
29560
29571
29572
29575
29587
29590
29591
29591
29592
29593
29594
29594
29595
29604
29605
29606
29608
29613
29620
29620
29620
29621
29625
29625
29630
29637
29637
29639
29645
29649
29653
29653
29654
29654
29659
29663
29667
29672
29672
29675
29676
29681
29682
29684
29692
29695
29706
29708
29713
29718
29719
29721
29728
29729
29733
29742
29747
29749
29751
29753
29755
29756
29760
29760
29763
29764
29764
29767
29769
29770
29772
29784
29790
29792
29797
29803
29805
29810
29814
29817
29822
29822
29831
29834
29838
29839
29848
29850
29860
29866
29871
29873
29873
29878
29881
29882
29883
29886
29889
29889
29889
29896
29899
29900
29902
29905
29918
29923
29926
29929
29932
29945
29946
29947
29949
29951
29953
29958
29960
29963
29979
29984
29988
29989
29995
29996
29998
30000
30002
30002
30002
30003
30008
30013
30022
30030
30032
30036
30042
30051
30052
30054
30058
30064
30065
30065
30085
30088
30089
30089
30089
30089
30094
30100
30101
30106
30112
30113
30115
30117
30133
30142
30142
30147
30148
30150
30157
30157
30158
30163
30168
30176
30179
30183
30184
30188
30190
30198
30199
30200
30201
30204
30213
30213
30213
30217
30218
30219
30226
30226
30227
30228
30231
30242
30243
30243
30244
30248
30248
30249
30249
30251
30252
30256
30260
30269
30276
30277
30279
30281
30282
30286
30289
30300
30301
30301
30307
30307
30310
30311
30313
30315
30318
30320
30321
30324
30330
30332
30337
30339
30340
30342
30342
30344
30347
30349
30355
30355
30363
30364
30368
30369
30389
30390
30391
30395
30399
30400
30408
30408
30409
30412
30414
30425
30426
30434
30435
30435
30436
30445
30448
30453
30454
30460
30460
30463
30464
30465
30471
30471
30479
30481
30483
30486
30489
30491
30492
30492
30495
30497
30499
30505
30507
30509
30509
30510
30511
30517
30519
30522
30526
30529
30530
30539
30546
30559
30559
30561
30562
30562
30568
30570
30572
30575
30577
30578
30582
30587
30592
30596
30603
30603
30606
30609
30611
30614
30617
30617
30620
30620
30622
30624
30625
30627
30628
30631
30635
30637
30639
30639
30640
30642
30644
30644
30645
30647
30651
30656
30663
30664
30665
30668
30668
30677
30677
30680
30681
30681
30682
30688
30691
30693
30694
30695
30696
30699
30699
30702
30702
30708
30708
30710
30713
30720
30721
30730
30730
30733
30736
30740
30744
30747
30749
30750
30754
30760
30765
30772
30772
30774
30775
30789
30792
30795
30800
30801
30813
30818
30819
30824
30828
30834
30835
30837
30841
30842
30844
30848
30861
30868
30870
30871
30877
30878
30879
30881
30883
30884
30885
30885
30888
30893
30899
30904
30906
30907
30910
30910
30913
30915
30920
30921
30928
30928
30944
30946
30948
30953
30957
30961
30964
30968
30968
30971
30974
30976
30981
30982
30982
30984
30984
30991
30992
30997
30998
31001
31003
31010
31010
31016
31023
31023
31023
31033
31037
31037
31041
31042
31051
31051
31052
31053
31053
31053
31061
31062
31068
31068
31073
31078
31081
31082
31085
31086
31092
31093
31095
31097
31099
31101
31104
31105
31110
31118
31123
31127
31129
31131
31132
31134
31135
31137
31138
31145
31146
31147
31154
31156
31158
31163
31165
31168
31170
31178
31182
31182
31189
31192
31194
31206
31209
31210
31211
31216
31223
31232
31238
31242
31243
31244
31247
31247
31251
31251
31254
31255
31255
31255
31264
31268
31276
31288
31290
31293
31295
31297
31316
31317
31319
31324
31331
31337
31342
31350
31360
31365
31369
31369
31375
31381
31381
31391
31401
31402
31410
31415
31421
31423
31424
31426
31430
31435
31436
31448
31450
31452
31464
31467
31468
31476
31482
31484
31485
31486
31488
31490
31494
31496
31496
31497
31498
31500
31500
31503
31503
31505
31505
31507
31509
31510
31511
31513
31521
31525
31551
31554
31566
31567
31573
31575
31576
31578
31579
31580
31589
31589
31590
31593
31593
31594
31595
31595
31596
31596
31605
31609
31611
31613
31619
31619
31620
31620
31628
31631
31634
31640
31641
31641
31643
31643
31654
31656
31657
31663
31664
31666
31668
31668
31672
31672
31678
31678
31681
31681
31687
31694
31695
31699
31700
31705
31706
31708
31711
31715
31717
31724
31734
31738
31741
31747
31752
31752
31759
31759
31762
31763
31764
31767
31768
31775
31781
31781
31783
31783
31788
31789
31791
31796
31798
31799
31799
31808
31808
31812
31812
31814
31815
31817
31818
31820
31820
31826
31832
31836
31839
31856
31861
31869
31869
31880
31883
31895
31904
31904
31905
31909
31918
31944
31944
31946
31948
31948
31959
31980
31981
31982
31984
31991
31995
32000
32002
32002
32006
32007
32009
32011
32015
32016
32017
32018
32021
32022
32026
32026
32028
32034
32037
32056
32060
32070
32072
32073
32078
32080
32084
32085
32086
32087
32088
32091
32100
32101
32105
32119
32122
32128
32130
32130
32132
32134
32137
32139
32140
32140
32141
32141
32142
32145
32145
32157
32159
32170
32172
32176
32183
32185
32188
32192
32195
32201
32210
32213
32216
32217
32218
32218
32220
32220
32220
32224
32229
32233
32234
32236
32240
32244
32251
32258
32263
32264
32271
32272
32273
32275
32279
32285
32287
32294
32300
32300
32305
32305
32307
32310
32312
32317
32318
32324
32327
32329
32331
32334
32334
32335
32336
32337
32337
32338
32340
32340
32341
32342
32343
32344
32346
32347
32354
32359
32360
32363
32366
32367
32368
32375
32379
32380
32384
32391
32397
32400
32403
32405
32409
32416
32417
32418
32422
32423
32429
32432
32433
32436
32436
32450
32451
32457
32459
32461
32462
32475
32476
32480
32481
32481
32483
32483
32486
32486
32487
32491
32492
32492
32495
32499
32505
32508
32511
32512
32512
32516
32516
32521
32522
32526
32528
32532
32532
32534
32535
32536
32546
32546
32550
32551
32554
32557
32561
32561
32564
32565
32565
32576
32576
32577
32580
32582
32589
32595
32598
32602
32602
32602
32609
32611
32612
32614
32616
32627
32628
32628
32634
32634
32638
32639
32640
32646
32650
32650
32652
32652
32656
32657
32674
32676
32680
32685
32686
32688
32688
32692
32695
32697
32704
32707
32711
32712
32716
32718
32719
32719
32719
32720
32720
32725
32725
32727
32728
32735
32735
32735
32736
32743
32744
32744
32746
32752
32752
32755
32761
32765
