1000
31
34
68
35
202
83
191
193
47
418
852
438
464
302
224
855
239
1208
122
943
826
1815
1390
1538
503
627
510
367
1024
368
769
2726
2037
1311
649
1428
4705
848
279
1176
2166
2091
1260
2354
2045
6615
2556
1588
2213
3298
565
1388
1050
662
1031
1516
5055
1958
3606
1459
2303
4656
2043
7062
2839
6478
2213
3453
2856
4115
705
3500
3988
7822
5449
4673
3184
1225
4622
2018
7827
3150
3085
4283
6693
1567
2547
3194
3942
2111
7457
7683
7622
5124
4364
2118
5500
5430
2270
6933
4729
2844
8331
1969
1943
2748
1343
5842
3099
1459
1411
1905
5473
5114
5973
3091
5557
6200
3775
2499
1724
3907
6214
10365
9481
2553
6605
8791
7896
4968
5457
12026
12324
5806
4568
8361
8938
3204
8430
5577
10716
6520
1177
10574
5515
5752
13688
14131
8178
15547
5655
9306
12411
4896
4144
1234
1269
8739
9216
5118
7277
10282
8179
3449
7298
5811
5037
6706
6438
7159
8483
5175
2902
6354
7364
4621
5100
4673
11975
2259
6013
8668
7492
7951
11043
13069
10989
11858
6930
6201
4648
3382
11422
7236
7172
7269
7001
4002
2649
6991
7685
7071
6721
9594
9598
12084
9644
3661
10195
5914
2682
3230
7512
14312
1448
6200
9553
8221
15645
2738
3184
18089
2931
4434
2406
6711
10503
13046
14935
6749
10547
3522
9559
15458
6186
6554
6437
11897
16728
4724
12108
9331
12772
9848
7915
6657
12431
13192
11748
11874
13505
13475
2883
8823
8457
28243
12876
11542
22408
9618
18687
28038
9727
19689
14615
13432
19082
21699
8287
10219
7238
17857
13993
10803
19573
8187
7621
9646
22219
10130
13902
25949
17488
28372
11538
8065
2464
13547
15138
14001
12753
9134
11379
22230
14045
18973
20132
9102
10967
20308
18936
14946
17600
9589
11593
12477
15978
17107
14495
6253
5242
17865
7866
4092
18744
11828
13563
17670
14724
18073
16495
16452
21992
16036
26805
10982
9904
10191
15930
13885
7689
16173
18765
15809
7765
11450
9086
9125
27886
7970
12462
15374
10477
16943
5455
17714
23493
16972
6663
11062
22531
8731
21553
21432
15966
9884
16727
17002
21067
12517
11532
6698
8284
10606
19245
8849
19467
9879
14157
14693
11534
23792
16700
13979
18109
14313
28692
8731
22725
11812
8207
7459
4745
7432
12815
25232
14722
9039
13014
14057
15031
7934
10582
15804
14827
4422
9631
24295
12492
7425
10295
10185
22485
11596
7305
7876
12303
16195
11508
17386
15898
17649
20326
18020
20959
4351
4649
10311
11323
9389
11615
8364
17306
9235
4157
13915
11502
21552
16186
3717
1794
8237
22258
21315
9790
9532
13526
22595
26094
7774
11566
12944
5634
21456
27213
19032
13346
6096
7322
4129
9921
20293
15120
12970
13253
15201
24850
15030
19811
6830
11337
11678
12123
7803
22110
14148
19978
23057
17750
10183
6692
7624
14244
14830
8512
11984
17480
20361
28350
8208
6130
12438
13395
9353
9444
19249
15170
17909
10979
10465
21701
18402
8731
18425
24585
25359
24172
14631
17661
15543
24378
25546
14203
31254
17626
32009
10571
31447
21165
18418
20804
30690
30143
15195
19474
22487
18237
23554
26331
23632
17328
32409
26943
31439
30318
16820
27654
24544
32004
18415
29576
32711
16479
23341
21387
28313
21873
19853
29802
14005
29664
8331
29268
23984
19880
21663
31805
21910
19517
32605
23401
13094
9615
8246
26320
11372
19976
32524
25849
30520
31920
18673
22141
32273
26394
23394
24800
31852
30317
29814
16613
11514
30848
4947
32223
32186
24178
19273
23062
27923
23801
24478
18774
15648
11872
25540
24188
29003
26580
31656
24503
28679
27961
23333
23144
13140
28711
16312
28938
22582
27583
22444
24836
21030
32123
29561
32592
16682
26410
20152
20293
30685
28280
19622
17984
28901
31759
26110
19872
21880
16366
21682
14810
27576
28395
29850
27973
16490
17679
23384
32489
15008
26205
27528
15119
23758
29408
16257
21419
24625
26476
19503
22443
27464
25188
32371
24492
18718
16770
31991
28731
16284
16325
27217
29837
25735
27950
21864
22440
21882
22050
18079
22447
24658
30078
20482
25098
32284
20367
29137
24077
28366
28563
25752
10337
32677
12448
28617
28447
17522
22723
13578
23544
31541
23553
31787
25086
19948
31329
31582
18197
26285
21941
32312
29390
24626
26948
8436
11064
24634
26854
26835
27404
12222
31756
25101
30448
22604
30242
27412
26651
25994
18262
28604
28356
19300
27926
24814
23413
22647
23601
14744
22484
11307
17492
31784
9776
31787
19924
20923
20357
31202
18017
26349
24398
9952
20359
18605
23599
16810
18755
24017
27101
25091
28688
26879
16765
23952
18086
32305
29637
27384
22849
28966
32299
13624
13763
30764
28222
32676
22632
12350
13161
20847
20807
26764
22101
22121
23776
14179
31735
26530
28201
25499
19819
14244
30346
17522
32231
14217
30064
29376
18240
18235
26776
25727
21662
31258
16506
23515
26302
24835
19299
11877
21997
25521
25055
30222
15841
29557
13836
11575
21237
28843
15250
23577
28368
22272
11793
25286
10240
27140
9208
24928
19061
25049
32321
28809
27849
25587
19241
17732
32633
28915
21692
25112
30552
18619
24433
32740
27322
6106
25145
15818
21315
23698
16101
11389
27086
18269
32429
24759
28815
9734
9671
29445
32154
16235
28614
5677
20045
31786
23875
28937
31799
22798
31645
31242
32451
23083
20731
23566
25816
26945
14173
22970
27755
27772
32131
18691
15768
13934
17510
14479
30005
23792
25327
27672
27137
14209
28022
31316
28676
23925
20504
12800
29888
29472
26177
30146
27711
25956
26532
18406
15996
32010
21941
23096
30781
22245
11277
16930
27607
20964
27222
19348
20323
26393
24538
29951
22203
16405
17271
26084
30900
22522
26138
31940
21723
7403
19898
13705
31886
27242
28369
24019
19682
15796
24701
25621
29287
16594
29248
29685
20071
25800
25425
22935
21407
23133
25017
14097
27831
26592
28218
17863
27470
32737
29686
23648
23634
23404
29891
27261
29442
21863
32289
29318
32487
25226
17304
30263
31650
29886
26186
30784
30645
31816
14483
28311
28947
21914
27283
19437
20300
23832
20813
26211
11271
11603
25528
30811
27297
30990
19546
24196
13167
21211
31737
27964
27087
28173
32271
27942
28562
16197
19119
29509
25995
12
