10000
16527
1000
9586
7777
11634
10610
9587
8562
7778
12146
11635
11122
10611
10098
9588
9074
8563
8050
7779
12402
12147
11890
11636
11378
11123
10866
10612
10354
10099
9842
9589
9330
9075
8818
8564
8306
8051
7794
7780
12530
12403
12274
12148
12018
11891
11762
11637
11506
11379
11250
11124
10994
10867
10738
10613
10482
10355
10226
10100
9970
9843
9714
9590
9458
9331
9202
9076
8946
8819
8690
8565
8434
8307
8178
8052
7922
7795
7781
12658
12594
12531
12466
12404
12338
12275
12210
12149
12082
12019
11954
11892
11826
11763
11698
11638
11570
11507
11442
11380
11314
11251
11186
11125
11058
10995
10930
10868
10802
10739
10674
10614
10546
10483
10418
10356
10290
10227
10162
10101
10034
9971
9906
9844
9778
9715
9650
9591
9522
9459
9394
9332
9266
9203
9138
9077
9010
8947
8882
8820
8754
8691
8626
8566
8498
8435
8370
8308
8242
8179
8114
8053
7986
7923
7858
7796
7782
12722
12690
12659
12626
12595
12562
12532
12498
12467
12434
12405
12370
12339
12306
12276
12242
12211
12178
12150
12114
12083
12050
12020
11986
11955
11922
11893
11858
11827
11794
11764
11730
11699
11666
11639
11602
11571
11538
11508
11474
11443
11410
11381
11346
11315
11282
11252
11218
11187
11154
11126
11090
11059
11026
10996
10962
10931
10898
10869
10834
10803
10770
10740
10706
10675
10642
10615
10578
10547
10514
10484
10450
10419
10386
10357
10322
10291
10258
10228
10194
10163
10130
10102
10066
10035
10002
9972
9938
9907
9874
9845
9810
9779
9746
9716
9682
9651
9618
9592
9554
9523
9490
9460
9426
9395
9362
9333
9298
9267
9234
9204
9170
9139
9106
9078
9042
9011
8978
8948
8914
8883
8850
8821
8786
8755
8722
8692
8658
8627
8594
8567
8530
8499
8466
8436
8402
8371
8338
8309
8274
8243
8210
8180
8146
8115
8082
8054
8018
7987
7954
7924
7890
7859
7826
7797
7783
12754
12738
12723
12706
12691
12674
12660
12642
12627
12610
12596
12578
12563
12546
12533
12514
12499
12482
12468
12450
12435
12418
12406
12386
12371
12354
12340
12322
12307
12290
12277
12258
12243
12226
12212
12194
12179
12162
12151
12130
12115
12098
12084
12066
12051
12034
12021
12002
11987
11970
11956
11938
11923
11906
11894
11874
11859
11842
11828
11810
11795
11778
11765
11746
11731
11714
11700
11682
11667
11650
11640
11618
11603
11586
11572
11554
11539
11522
11509
11490
11475
11458
11444
11426
11411
11394
11382
11362
11347
11330
11316
11298
11283
11266
11253
11234
11219
11202
11188
11170
11155
11138
11127
11106
11091
11074
11060
11042
11027
11010
10997
10978
10963
10946
10932
10914
10899
10882
10870
10850
10835
10818
10804
10786
10771
10754
10741
10722
10707
10690
10676
10658
10643
10626
10616
10594
10579
10562
10548
10530
10515
10498
10485
10466
10451
10434
10420
10402
10387
10370
10358
10338
10323
10306
10292
10274
10259
10242
10229
10210
10195
10178
10164
10146
10131
10114
10103
10082
10067
10050
10036
10018
10003
9986
9973
9954
9939
9922
9908
9890
9875
9858
9846
9826
9811
9794
9780
9762
9747
9730
9717
9698
9683
9666
9652
9634
9619
9602
9593
9570
9555
9538
9524
9506
9491
9474
9461
9442
9427
9410
9396
9378
9363
9346
9334
9314
9299
9282
9268
9250
9235
9218
9205
9186
9171
9154
9140
9122
9107
9090
9079
9058
9043
9026
9012
8994
8979
8962
8949
8930
8915
8898
8884
8866
8851
8834
8822
8802
8787
8770
8756
8738
8723
8706
8693
8674
8659
8642
8628
8610
8595
8578
8568
8546
8531
8514
8500
8482
8467
8450
8437
8418
8403
8386
8372
8354
8339
8322
8310
8290
8275
8258
8244
8226
8211
8194
8181
8162
8147
8130
8116
8098
8083
8066
8055
8034
8019
8002
7988
7970
7955
7938
7925
7906
7891
7874
7860
7842
7827
7810
7798
7785
7784
12762
12755
12746
12739
12730
12724
12714
12707
12698
12692
12682
12675
12666
12661
12650
12643
12634
12628
12618
12611
12602
12597
12586
12579
12570
12564
12554
12547
12538
12534
12522
12515
12506
12500
12490
12483
12474
12469
12458
12451
12442
12436
12426
12419
12410
12407
12394
12387
12378
12372
12362
12355
12346
12341
12330
12323
12314
12308
12298
12291
12282
12278
12266
12259
12250
12244
12234
12227
12218
12213
12202
12195
12186
12180
12170
12163
12154
12152
12138
12131
12122
12116
12106
12099
12090
12085
12074
12067
12058
12052
12042
12035
12026
12022
12010
12003
11994
11988
11978
11971
11962
11957
11946
11939
11930
11924
11914
11907
11898
11895
11882
11875
11866
11860
11850
11843
11834
11829
11818
11811
11802
11796
11786
11779
11770
11766
11754
11747
11738
11732
11722
11715
11706
11701
11690
11683
11674
11668
11658
11651
11642
11641
11626
11619
11610
11604
11594
11587
11578
11573
11562
11555
11546
11540
11530
11523
11514
11510
11498
11491
11482
11476
11466
11459
11450
11445
11434
11427
11418
11412
11402
11395
11386
11383
11370
11363
11354
11348
11338
11331
11322
11317
11306
11299
11290
11284
11274
11267
11258
11254
11242
11235
11226
11220
11210
11203
11194
11189
11178
11171
11162
11156
11146
11139
11130
11128
11114
11107
11098
11092
11082
11075
11066
11061
11050
11043
11034
11028
11018
11011
11002
10998
10986
10979
10970
10964
10954
10947
10938
10933
10922
10915
10906
10900
10890
10883
10874
10871
10858
10851
10842
10836
10826
10819
10810
10805
10794
10787
10778
10772
10762
10755
10746
10742
10730
10723
10714
10708
10698
10691
10682
10677
10666
10659
10650
10644
10634
10627
10618
10617
10602
10595
10586
10580
10570
10563
10554
10549
10538
10531
10522
10516
10506
10499
10490
10486
10474
10467
10458
10452
10442
10435
10426
10421
10410
10403
10394
10388
10378
10371
10362
10359
10346
10339
10330
10324
10314
10307
10298
10293
10282
10275
10266
10260
10250
10243
10234
10230
10218
10211
10202
10196
10186
10179
10170
10165
10154
10147
10138
10132
10122
10115
10106
10104
10090
10083
10074
10068
10058
10051
10042
10037
10026
10019
10010
10004
9994
9987
9978
9974
9962
9955
9946
9940
9930
9923
9914
9909
9898
9891
9882
9876
9866
9859
9850
9847
9834
9827
9818
9812
9802
9795
9786
9781
9770
9763
9754
9748
9738
9731
9722
9718
9706
9699
9690
9684
9674
9667
9658
9653
9642
9635
9626
9620
9610
9603
9594
13682
9578
9571
9562
9556
9546
9539
9530
9525
9514
9507
9498
9492
9482
9475
9466
9462
9450
9443
9434
9428
9418
9411
9402
9397
9386
9379
9370
9364
9354
9347
9338
9335
9322
9315
9306
9300
9290
9283
9274
9269
9258
9251
9242
9236
9226
9219
9210
9206
9194
9187
9178
9172
9162
9155
9146
9141
9130
9123
9114
9108
9098
9091
9082
9080
9066
9059
9050
9044
9034
9027
9018
9013
9002
8995
8986
8980
8970
8963
8954
8950
8938
8931
8922
8916
8906
8899
8890
8885
8874
8867
8858
8852
8842
8835
8826
8823
8810
8803
8794
8788
8778
8771
8762
8757
8746
8739
8730
8724
8714
8707
8698
8694
8682
8675
8666
8660
8650
8643
8634
8629
8618
8611
8602
8596
8586
8579
8570
8569
8554
8547
8538
8532
8522
8515
8506
8501
8490
8483
8474
8468
8458
8451
8442
8438
8426
8419
8410
8404
8394
8387
8378
8373
8362
8355
8346
8340
8330
8323
8314
8311
8298
8291
8282
8276
8266
8259
8250
8245
8234
8227
8218
8212
8202
8195
8186
8182
8170
8163
8154
8148
8138
8131
8122
8117
8106
8099
8090
8084
8074
8067
8058
8056
8042
8035
8026
8020
8010
8003
7994
7989
7978
7971
7962
7956
7946
7939
7930
7926
7914
7907
7898
7892
7882
7875
7866
7861
7850
7843
7834
7828
7818
7811
7802
7799
7786
12778
12770
12771
12766
12763
12758
12756
12750
12747
12742
12740
12734
12731
12726
12725
12718
12715
12710
12708
12702
12699
12694
12693
12686
12683
12678
12676
12670
12667
12662
15218
12654
12651
12646
12644
12638
12635
12630
12629
12622
12619
12614
12612
12606
12603
12598
15186
12590
12587
12582
12580
12574
12571
12566
12565
12558
12555
12550
12548
12542
12539
12535
15154
12526
12523
12518
12516
12510
12507
12502
12501
12494
12491
12486
12484
12478
12475
12470
15122
12462
12459
12454
12452
12446
12443
12438
12437
12430
12427
12422
12420
12414
12411
12408
15090
12398
12395
12390
12388
12382
12379
12374
12373
12366
12363
12358
12356
12350
12347
12342
15058
12334
12331
12326
12324
12318
12315
12310
12309
12302
12299
12294
12292
12286
12283
12279
15026
12270
12267
12262
12260
12254
12251
12246
12245
12238
12235
12230
12228
12222
12219
12214
14994
12206
12203
12198
12196
12190
12187
12182
12181
12174
12171
12166
12164
12158
12155
12153
14962
12142
12139
12134
12132
12126
12123
12118
12117
12110
12107
12102
12100
12094
12091
12086
14930
12078
12075
12070
12068
12062
12059
12054
12053
12046
12043
12038
12036
12030
12027
12023
14898
12014
12011
12006
12004
11998
11995
11990
11989
11982
11979
11974
11972
11966
11963
11958
14866
11950
11947
11942
11940
11934
11931
11926
11925
11918
11915
11910
11908
11902
11899
11896
14834
11886
11883
11878
11876
11870
11867
11862
11861
11854
11851
11846
11844
11838
11835
11830
14802
11822
11819
11814
11812
11806
11803
11798
11797
11790
11787
11782
11780
11774
11771
11767
14770
11758
11755
11750
11748
11742
11739
11734
11733
11726
11723
11718
11716
11710
11707
11702
14738
11694
11691
11686
11684
11678
11675
11670
11669
11662
11659
11654
11652
11646
11643
14708
14706
11630
11627
11622
11620
11614
11611
11606
11605
11598
11595
11590
11588
11582
11579
11574
14674
11566
11563
11558
11556
11550
11547
11542
11541
11534
11531
11526
11524
11518
11515
11511
14642
11502
11499
11494
11492
11486
11483
11478
11477
11470
11467
11462
11460
11454
11451
11446
14610
11438
11435
11430
11428
11422
11419
11414
11413
11406
11403
11398
11396
11390
11387
11384
14578
11374
11371
11366
11364
11358
11355
11350
11349
11342
11339
11334
11332
11326
11323
11318
14546
11310
11307
11302
11300
11294
11291
11286
11285
11278
11275
11270
11268
11262
11259
11255
14514
11246
11243
11238
11236
11230
11227
11222
11221
11214
11211
11206
11204
11198
11195
11190
14482
11182
11179
11174
11172
11166
11163
11158
11157
11150
11147
11142
11140
11134
11131
11129
14450
11118
11115
11110
11108
11102
11099
11094
11093
11086
11083
11078
11076
11070
11067
11062
14418
11054
11051
11046
11044
11038
11035
11030
11029
11022
11019
11014
11012
11006
11003
10999
14386
10990
10987
10982
10980
10974
10971
10966
10965
10958
10955
10950
10948
10942
10939
10934
14354
10926
10923
10918
10916
10910
10907
10902
10901
10894
10891
10886
10884
10878
10875
10872
14322
10862
10859
10854
10852
10846
10843
10838
10837
10830
10827
10822
10820
10814
10811
10806
14290
10798
10795
10790
10788
10782
10779
10774
10773
10766
10763
10758
10756
10750
10747
10743
14258
10734
10731
10726
10724
10718
10715
10710
10709
10702
10699
10694
10692
10686
10683
10678
14226
10670
10667
10662
10660
10654
10651
10646
10645
10638
10635
10630
10628
10622
10619
14196
14194
10606
10603
10598
10596
10590
10587
10582
10581
10574
10571
10566
10564
10558
10555
10550
14162
10542
10539
10534
10532
10526
10523
10518
10517
10510
10507
10502
10500
10494
10491
10487
14130
10478
10475
10470
10468
10462
10459
10454
10453
10446
10443
10438
10436
10430
10427
10422
14098
10414
10411
10406
10404
10398
10395
10390
10389
10382
10379
10374
10372
10366
10363
10360
14066
10350
10347
10342
10340
10334
10331
10326
10325
10318
10315
10310
10308
10302
10299
10294
14034
10286
10283
10278
10276
10270
10267
10262
10261
10254
10251
10246
10244
10238
10235
10231
14002
10222
10219
10214
10212
10206
10203
10198
10197
10190
10187
10182
10180
10174
10171
10166
13970
10158
10155
10150
10148
10142
10139
10134
10133
10126
10123
10118
10116
10110
10107
10105
13938
10094
10091
10086
10084
10078
10075
10070
10069
10062
10059
10054
10052
10046
10043
10038
13906
10030
10027
10022
10020
10014
10011
10006
10005
9998
9995
9990
9988
9982
9979
9975
13874
9966
9963
9958
9956
9950
9947
9942
9941
9934
9931
9926
9924
9918
9915
9910
13842
9902
9899
9894
9892
9886
9883
9878
9877
9870
9867
9862
9860
9854
9851
9848
13810
9838
9835
9830
9828
9822
9819
9814
9813
9806
9803
9798
9796
9790
9787
9782
13778
9774
9771
9766
9764
9758
9755
9750
9749
9742
9739
9734
9732
9726
9723
9719
13746
9710
9707
9702
9700
9694
9691
9686
9685
9678
9675
9670
9668
9662
9659
9654
13714
9646
9643
9638
9636
9630
9627
9622
9621
9614
9611
9606
9604
9598
9595
13684
13683
9582
9579
9574
9572
9566
9563
9558
9557
9550
9547
9542
9540
9534
9531
9526
13650
9518
9515
9510
9508
9502
9499
9494
9493
9486
9483
9478
9476
9470
9467
9463
13618
9454
9451
9446
9444
9438
9435
9430
9429
9422
9419
9414
9412
9406
9403
9398
13586
9390
9387
9382
9380
9374
9371
9366
9365
9358
9355
9350
9348
9342
9339
9336
13554
9326
9323
9318
9316
9310
9307
9302
9301
9294
9291
9286
9284
9278
9275
9270
13522
9262
9259
9254
9252
9246
9243
9238
9237
9230
9227
9222
9220
9214
9211
9207
13490
9198
9195
9190
9188
9182
9179
9174
9173
9166
9163
9158
9156
9150
9147
9142
13458
9134
9131
9126
9124
9118
9115
9110
9109
9102
9099
9094
9092
9086
9083
9081
13426
9070
9067
9062
9060
9054
9051
9046
9045
9038
9035
9030
9028
9022
9019
9014
13394
9006
9003
8998
8996
8990
8987
8982
8981
8974
8971
8966
8964
8958
8955
8951
13362
8942
8939
8934
8932
8926
8923
8918
8917
8910
8907
8902
8900
8894
8891
8886
13330
8878
8875
8870
8868
8862
8859
8854
8853
8846
8843
8838
8836
8830
8827
8824
13298
8814
8811
8806
8804
8798
8795
8790
8789
8782
8779
8774
8772
8766
8763
8758
13266
8750
8747
8742
8740
8734
8731
8726
8725
8718
8715
8710
8708
8702
8699
8695
13234
8686
8683
8678
8676
8670
8667
8662
8661
8654
8651
8646
8644
8638
8635
8630
13202
8622
8619
8614
8612
8606
8603
8598
8597
8590
8587
8582
8580
8574
8571
13172
13170
8558
8555
8550
8548
8542
8539
8534
8533
8526
8523
8518
8516
8510
8507
8502
13138
8494
8491
8486
8484
8478
8475
8470
8469
8462
8459
8454
8452
8446
8443
8439
13106
8430
8427
8422
8420
8414
8411
8406
8405
8398
8395
8390
8388
8382
8379
8374
13074
8366
8363
8358
8356
8350
8347
8342
8341
8334
8331
8326
8324
8318
8315
8312
13042
8302
8299
8294
8292
8286
8283
8278
8277
8270
8267
8262
8260
8254
8251
8246
13010
8238
8235
8230
8228
8222
8219
8214
8213
8206
8203
8198
8196
8190
8187
8183
12978
8174
8171
8166
8164
8158
8155
8150
8149
8142
8139
8134
8132
8126
8123
8118
12946
8110
8107
8102
8100
8094
8091
8086
8085
8078
8075
8070
8068
8062
8059
8057
12914
8046
8043
8038
8036
8030
8027
8022
8021
8014
8011
8006
8004
7998
7995
7990
12882
7982
7979
7974
7972
7966
7963
7958
7957
7950
7947
7942
7940
7934
7931
7927
12850
7918
7915
7910
7908
7902
7899
7894
7893
7886
7883
7878
7876
7870
7867
7862
12818
7854
7851
7846
7844
7838
7835
7830
7829
7822
7819
7814
7812
7806
7803
7800
12786
7790
7787
12780
12779
12774
12775
12772
15274
12768
12767
12764
15270
12760
12759
12757
15266
12752
12751
12748
15262
12744
12743
12741
15258
12736
12735
12732
15254
12728
12727
15251
15250
12720
12719
12716
15246
12712
12711
12709
15242
12704
12703
12700
15238
12696
12695
15235
15234
12688
12687
12684
15230
12680
12679
12677
15226
12672
12671
12668
15222
12664
12663
15219
16498
12656
12655
12652
15214
12648
12647
12645
15210
12640
12639
12636
15206
12632
12631
15203
15202
12624
12623
12620
15198
12616
12615
12613
15194
12608
12607
12604
15190
12600
12599
15187
16482
12592
12591
12588
15182
12584
12583
12581
15178
12576
12575
12572
15174
12568
12567
15171
15170
12560
12559
12556
15166
12552
12551
12549
15162
12544
12543
12540
15158
12536
15156
15155
16466
12528
12527
12524
15150
12520
12519
12517
15146
12512
12511
12508
15142
12504
12503
15139
15138
12496
12495
12492
15134
12488
12487
12485
15130
12480
12479
12476
15126
12472
12471
15123
16450
12464
12463
12460
15118
12456
12455
12453
15114
12448
12447
12444
15110
12440
12439
15107
15106
12432
12431
12428
15102
12424
12423
12421
15098
12416
12415
12412
15094
12409
15092
15091
16434
12400
12399
12396
15086
12392
12391
12389
15082
12384
12383
12380
15078
12376
12375
15075
15074
12368
12367
12364
15070
12360
12359
12357
15066
12352
12351
12348
15062
12344
12343
15059
16418
12336
12335
12332
15054
12328
12327
12325
15050
12320
12319
12316
15046
12312
12311
15043
15042
12304
12303
12300
15038
12296
12295
12293
15034
12288
12287
12284
15030
12280
15028
15027
16402
12272
12271
12268
15022
12264
12263
12261
15018
12256
12255
12252
15014
12248
12247
15011
15010
12240
12239
12236
15006
12232
12231
12229
15002
12224
12223
12220
14998
12216
12215
14995
16386
12208
12207
12204
14990
12200
12199
12197
14986
12192
12191
12188
14982
12184
12183
14979
14978
12176
12175
12172
14974
12168
12167
12165
14970
12160
12159
12156
14966
14965
14964
14963
16370
12144
12143
12140
14958
12136
12135
12133
14954
12128
12127
12124
14950
12120
12119
14947
14946
12112
12111
12108
14942
12104
12103
12101
14938
12096
12095
12092
14934
12088
12087
14931
16354
12080
12079
12076
14926
12072
12071
12069
14922
12064
12063
12060
14918
12056
12055
14915
14914
12048
12047
12044
14910
12040
12039
12037
14906
12032
12031
12028
14902
12024
14900
14899
16338
12016
12015
12012
14894
12008
12007
12005
14890
12000
11999
11996
14886
11992
11991
14883
14882
11984
11983
11980
14878
11976
11975
11973
14874
11968
11967
11964
14870
11960
11959
14867
16322
11952
11951
11948
14862
11944
11943
11941
14858
11936
11935
11932
14854
11928
11927
14851
14850
11920
11919
11916
14846
11912
11911
11909
14842
11904
11903
11900
14838
11897
14836
14835
16306
11888
11887
11884
14830
11880
11879
11877
14826
11872
11871
11868
14822
11864
11863
14819
14818
11856
11855
11852
14814
11848
11847
11845
14810
11840
11839
11836
14806
11832
11831
14803
16290
11824
11823
11820
14798
11816
11815
11813
14794
11808
11807
11804
14790
11800
11799
14787
14786
11792
11791
11788
14782
11784
11783
11781
14778
11776
11775
11772
14774
11768
14772
14771
16274
11760
11759
11756
14766
11752
11751
11749
14762
11744
11743
11740
14758
11736
11735
14755
14754
11728
11727
11724
14750
11720
11719
11717
14746
11712
11711
11708
14742
11704
11703
14739
16258
11696
11695
11692
14734
11688
11687
11685
14730
11680
11679
11676
14726
11672
11671
14723
14722
11664
11663
11660
14718
11656
11655
11653
14714
11648
11647
11644
14710
14709
16243
14707
16242
11632
11631
11628
14702
11624
11623
11621
14698
11616
11615
11612
14694
11608
11607
14691
14690
11600
11599
11596
14686
11592
11591
11589
14682
11584
11583
11580
14678
11576
11575
14675
16226
11568
11567
11564
14670
11560
11559
11557
14666
11552
11551
11548
14662
11544
11543
14659
14658
11536
11535
11532
14654
11528
11527
11525
14650
11520
11519
11516
14646
11512
14644
14643
16210
11504
11503
11500
14638
11496
11495
11493
14634
11488
11487
11484
14630
11480
11479
14627
14626
11472
11471
11468
14622
11464
11463
11461
14618
11456
11455
11452
14614
11448
11447
14611
16194
11440
11439
11436
14606
11432
11431
11429
14602
11424
11423
11420
14598
11416
11415
14595
14594
11408
11407
11404
14590
11400
11399
11397
14586
11392
11391
11388
14582
11385
14580
14579
16178
11376
11375
11372
14574
11368
11367
11365
14570
11360
11359
11356
14566
11352
11351
14563
14562
11344
11343
11340
14558
11336
11335
11333
14554
11328
11327
11324
14550
11320
11319
14547
16162
11312
11311
11308
14542
11304
11303
11301
14538
11296
11295
11292
14534
11288
11287
14531
14530
11280
11279
11276
14526
11272
11271
11269
14522
11264
11263
11260
14518
11256
14516
14515
16146
11248
11247
11244
14510
11240
11239
11237
14506
11232
11231
11228
14502
11224
11223
14499
14498
11216
11215
11212
14494
11208
11207
11205
14490
11200
11199
11196
14486
11192
11191
14483
16130
11184
11183
11180
14478
11176
11175
11173
14474
11168
11167
11164
14470
11160
11159
14467
14466
11152
11151
11148
14462
11144
11143
11141
14458
11136
11135
11132
14454
14453
14452
14451
16114
11120
11119
11116
14446
11112
11111
11109
14442
11104
11103
11100
14438
11096
11095
14435
14434
11088
11087
11084
14430
11080
11079
11077
14426
11072
11071
11068
14422
11064
11063
14419
16098
11056
11055
11052
14414
11048
11047
11045
14410
11040
11039
11036
14406
11032
11031
14403
14402
11024
11023
11020
14398
11016
11015
11013
14394
11008
11007
11004
14390
11000
14388
14387
16082
10992
10991
10988
14382
10984
10983
10981
14378
10976
10975
10972
14374
10968
10967
14371
14370
10960
10959
10956
14366
10952
10951
10949
14362
10944
10943
10940
14358
10936
10935
14355
16066
10928
10927
10924
14350
10920
10919
10917
14346
10912
10911
10908
14342
10904
10903
14339
14338
10896
10895
10892
14334
10888
10887
10885
14330
10880
10879
10876
14326
10873
14324
14323
16050
10864
10863
10860
14318
10856
10855
10853
14314
10848
10847
10844
14310
10840
10839
14307
14306
10832
10831
10828
14302
10824
10823
10821
14298
10816
10815
10812
14294
10808
10807
14291
16034
10800
10799
10796
14286
10792
10791
10789
14282
10784
10783
10780
14278
10776
10775
14275
14274
10768
10767
10764
14270
10760
10759
10757
14266
10752
10751
10748
14262
10744
14260
14259
16018
10736
10735
10732
14254
10728
10727
10725
14250
10720
10719
10716
14246
10712
10711
14243
14242
10704
10703
10700
14238
10696
10695
10693
14234
10688
10687
10684
14230
10680
10679
14227
16002
10672
10671
10668
14222
10664
10663
10661
14218
10656
10655
10652
14214
10648
10647
14211
14210
10640
10639
10636
14206
10632
10631
10629
14202
10624
10623
10620
14198
14197
15987
14195
15986
10608
10607
10604
14190
10600
10599
10597
14186
10592
10591
10588
14182
10584
10583
14179
14178
10576
10575
10572
14174
10568
10567
10565
14170
10560
10559
10556
14166
10552
10551
14163
15970
10544
10543
10540
14158
10536
10535
10533
14154
10528
10527
10524
14150
10520
10519
14147
14146
10512
10511
10508
14142
10504
10503
10501
14138
10496
10495
10492
14134
10488
14132
14131
15954
10480
10479
10476
14126
10472
10471
10469
14122
10464
10463
10460
14118
10456
10455
14115
14114
10448
10447
10444
14110
10440
10439
10437
14106
10432
10431
10428
14102
10424
10423
14099
15938
10416
10415
10412
14094
10408
10407
10405
14090
10400
10399
10396
14086
10392
10391
14083
14082
10384
10383
10380
14078
10376
10375
10373
14074
10368
10367
10364
14070
10361
14068
14067
15922
10352
10351
10348
14062
10344
10343
10341
14058
10336
10335
10332
14054
10328
10327
14051
14050
10320
10319
10316
14046
10312
10311
10309
14042
10304
10303
10300
14038
10296
10295
14035
15906
10288
10287
10284
14030
10280
10279
10277
14026
10272
10271
10268
14022
10264
10263
14019
14018
10256
10255
10252
14014
10248
10247
10245
14010
10240
10239
10236
14006
10232
14004
14003
15890
10224
10223
10220
13998
10216
10215
10213
13994
10208
10207
10204
13990
10200
10199
13987
13986
10192
10191
10188
13982
10184
10183
10181
13978
10176
10175
10172
13974
10168
10167
13971
15874
10160
10159
10156
13966
10152
10151
10149
13962
10144
10143
10140
13958
10136
10135
13955
13954
10128
10127
10124
13950
10120
10119
10117
13946
10112
10111
10108
13942
13941
13940
13939
15858
10096
10095
10092
13934
10088
10087
10085
13930
10080
10079
10076
13926
10072
10071
13923
13922
10064
10063
10060
13918
10056
10055
10053
13914
10048
10047
10044
13910
10040
10039
13907
15842
10032
10031
10028
13902
10024
10023
10021
13898
10016
10015
10012
13894
10008
10007
13891
13890
10000
9999
9996
13886
9992
9991
9989
13882
9984
9983
9980
13878
9976
13876
13875
15826
9968
9967
9964
13870
9960
9959
9957
13866
9952
9951
9948
13862
9944
9943
13859
13858
9936
9935
9932
13854
9928
9927
9925
13850
9920
9919
9916
13846
9912
9911
13843
15810
9904
9903
9900
13838
9896
9895
9893
13834
9888
9887
9884
13830
9880
9879
13827
13826
9872
9871
9868
13822
9864
9863
9861
13818
9856
9855
9852
13814
9849
13812
13811
15794
9840
9839
9836
13806
9832
9831
9829
13802
9824
9823
9820
13798
9816
9815
13795
13794
9808
9807
9804
13790
9800
9799
9797
13786
9792
9791
9788
13782
9784
9783
13779
15778
9776
9775
9772
13774
9768
9767
9765
13770
9760
9759
9756
13766
9752
9751
13763
13762
9744
9743
9740
13758
9736
9735
9733
13754
9728
9727
9724
13750
9720
13748
13747
15762
9712
9711
9708
13742
9704
9703
9701
13738
9696
9695
9692
13734
9688
9687
13731
13730
9680
9679
9676
13726
9672
9671
9669
13722
9664
9663
9660
13718
9656
9655
13715
15746
9648
9647
9644
13710
9640
9639
9637
13706
9632
9631
9628
13702
9624
9623
13699
13698
9616
9615
9612
13694
9608
9607
9605
13690
9600
9599
9596
13686
13685
15731
17266
15730
9584
9583
9580
13678
9576
9575
9573
13674
9568
9567
9564
13670
9560
9559
13667
13666
9552
9551
9548
13662
9544
9543
9541
13658
9536
9535
9532
13654
9528
9527
13651
15714
9520
9519
9516
13646
9512
9511
9509
13642
9504
9503
9500
13638
9496
9495
13635
13634
9488
9487
9484
13630
9480
9479
9477
13626
9472
9471
9468
13622
9464
13620
13619
15698
9456
9455
9452
13614
9448
9447
9445
13610
9440
9439
9436
13606
9432
9431
13603
13602
9424
9423
9420
13598
9416
9415
9413
13594
9408
9407
9404
13590
9400
9399
13587
15682
9392
9391
9388
13582
9384
9383
9381
13578
9376
9375
9372
13574
9368
9367
13571
13570
9360
9359
9356
13566
9352
9351
9349
13562
9344
9343
9340
13558
9337
13556
13555
15666
9328
9327
9324
13550
9320
9319
9317
13546
9312
9311
9308
13542
9304
9303
13539
13538
9296
9295
9292
13534
9288
9287
9285
13530
9280
9279
9276
13526
9272
9271
13523
15650
9264
9263
9260
13518
9256
9255
9253
13514
9248
9247
9244
13510
9240
9239
13507
13506
9232
9231
9228
13502
9224
9223
9221
13498
9216
9215
9212
13494
9208
13492
13491
15634
9200
9199
9196
13486
9192
9191
9189
13482
9184
9183
9180
13478
9176
9175
13475
13474
9168
9167
9164
13470
9160
9159
9157
13466
9152
9151
9148
13462
9144
9143
13459
15618
9136
9135
9132
13454
9128
9127
9125
13450
9120
9119
9116
13446
9112
9111
13443
13442
9104
9103
9100
13438
9096
9095
9093
13434
9088
9087
9084
13430
13429
13428
13427
15602
9072
9071
9068
13422
9064
9063
9061
13418
9056
9055
9052
13414
9048
9047
13411
13410
9040
9039
9036
13406
9032
9031
9029
13402
9024
9023
9020
13398
9016
9015
13395
15586
9008
9007
9004
13390
9000
8999
8997
13386
8992
8991
8988
13382
8984
8983
13379
13378
8976
8975
8972
13374
8968
8967
8965
13370
8960
8959
8956
13366
8952
13364
13363
15570
8944
8943
8940
13358
8936
8935
8933
13354
8928
8927
8924
13350
8920
8919
13347
13346
8912
8911
8908
13342
8904
8903
8901
13338
8896
8895
8892
13334
8888
8887
13331
15554
8880
8879
8876
13326
8872
8871
8869
13322
8864
8863
8860
13318
8856
8855
13315
13314
8848
8847
8844
13310
8840
8839
8837
13306
8832
8831
8828
13302
8825
13300
13299
15538
8816
8815
8812
13294
8808
8807
8805
13290
8800
8799
8796
13286
8792
8791
13283
13282
8784
8783
8780
13278
8776
8775
8773
13274
8768
8767
8764
13270
8760
8759
13267
15522
8752
8751
8748
13262
8744
8743
8741
13258
8736
8735
8732
13254
8728
8727
13251
13250
8720
8719
8716
13246
8712
8711
8709
13242
8704
8703
8700
13238
8696
13236
13235
15506
8688
8687
8684
13230
8680
8679
8677
13226
8672
8671
8668
13222
8664
8663
13219
13218
8656
8655
8652
13214
8648
8647
8645
13210
8640
8639
8636
13206
8632
8631
13203
15490
8624
8623
8620
13198
8616
8615
8613
13194
8608
8607
8604
13190
8600
8599
13187
13186
8592
8591
8588
13182
8584
8583
8581
13178
8576
8575
8572
13174
13173
15475
13171
15474
8560
8559
8556
13166
8552
8551
8549
13162
8544
8543
8540
13158
8536
8535
13155
13154
8528
8527
8524
13150
8520
8519
8517
13146
8512
8511
8508
13142
8504
8503
13139
15458
8496
8495
8492
13134
8488
8487
8485
13130
8480
8479
8476
13126
8472
8471
13123
13122
8464
8463
8460
13118
8456
8455
8453
13114
8448
8447
8444
13110
8440
13108
13107
15442
8432
8431
8428
13102
8424
8423
8421
13098
8416
8415
8412
13094
8408
8407
13091
13090
8400
8399
8396
13086
8392
8391
8389
13082
8384
8383
8380
13078
8376
8375
13075
15426
8368
8367
8364
13070
8360
8359
8357
13066
8352
8351
8348
13062
8344
8343
13059
13058
8336
8335
8332
13054
8328
8327
8325
13050
8320
8319
8316
13046
8313
13044
13043
15410
8304
8303
8300
13038
8296
8295
8293
13034
8288
8287
8284
13030
8280
8279
13027
13026
8272
8271
8268
13022
8264
8263
8261
13018
8256
8255
8252
13014
8248
8247
13011
15394
8240
8239
8236
13006
8232
8231
8229
13002
8224
8223
8220
12998
8216
8215
12995
12994
8208
8207
8204
12990
8200
8199
8197
12986
8192
8191
8188
12982
8184
12980
12979
15378
8176
8175
8172
12974
8168
8167
8165
12970
8160
8159
8156
12966
8152
8151
12963
12962
8144
8143
8140
12958
8136
8135
8133
12954
8128
8127
8124
12950
8120
8119
12947
15362
8112
8111
8108
12942
8104
8103
8101
12938
8096
8095
8092
12934
8088
8087
12931
12930
8080
8079
8076
12926
8072
8071
8069
12922
8064
8063
8060
12918
12917
12916
12915
15346
8048
8047
8044
12910
8040
8039
8037
12906
8032
8031
8028
12902
8024
8023
12899
12898
8016
8015
8012
12894
8008
8007
8005
12890
8000
7999
7996
12886
7992
7991
12883
15330
7984
7983
7980
12878
7976
7975
7973
12874
7968
7967
7964
12870
7960
7959
12867
12866
7952
7951
7948
12862
7944
7943
7941
12858
7936
7935
7932
12854
7928
12852
12851
15314
7920
7919
7916
12846
7912
7911
7909
12842
7904
7903
7900
12838
7896
7895
12835
12834
7888
7887
7884
12830
7880
7879
7877
12826
7872
7871
7868
12822
7864
7863
12819
15298
7856
7855
7852
12814
7848
7847
7845
12810
7840
7839
7836
12806
7832
7831
12803
12802
7824
7823
7820
12798
7816
7815
7813
12794
7808
7807
7804
12790
7801
12788
12787
15282
7792
7791
7788
12782
12781
15279
17153
15278
12776
17152
17465
15276
12773
15275
16526
17621
12769
15273
16525
15272
12765
15271
16524
17151
12761
15269
16523
15268
17464
15267
16522
17150
12753
15265
16521
15264
12749
15263
16520
17149
12745
15261
16519
15260
17463
15259
16518
17148
12737
15257
16517
15256
12733
15255
16516
17147
12729
15253
16515
15252
17462
17620
16514
17146
12721
15249
16513
15248
12717
15247
16512
17145
12713
15245
16511
15244
17461
15243
16510
17144
12705
15241
16509
15240
12701
15239
16508
17143
12697
15237
16507
15236
17460
17619
16506
17142
12689
15233
16505
15232
12685
15231
16504
17141
12681
15229
16503
15228
17459
15227
16502
17140
12673
15225
16501
15224
12669
15223
16500
17139
12665
15221
16499
15220
17458
17618
17698
17138
12657
15217
16497
15216
12653
15215
16496
17137
12649
15213
16495
15212
17457
15211
16494
17136
12641
15209
16493
15208
12637
15207
16492
17135
12633
15205
16491
15204
17456
17617
16490
17134
12625
15201
16489
15200
12621
15199
16488
17133
12617
15197
16487
15196
17455
15195
16486
17132
12609
15193
16485
15192
12605
15191
16484
17131
12601
15189
16483
15188
17454
17616
17697
17130
12593
15185
16481
15184
12589
15183
16480
17129
12585
15181
16479
15180
17453
15179
16478
17128
12577
15177
16477
15176
12573
15175
16476
17127
12569
15173
16475
15172
17452
17615
16474
17126
12561
15169
16473
15168
12557
15167
16472
17125
12553
15165
16471
15164
17451
15163
16470
17124
12545
15161
16469
15160
12541
15159
16468
17123
12537
15157
16467
17737
17450
17614
17696
17122
12529
15153
16465
15152
12525
15151
16464
17121
12521
15149
16463
15148
17449
15147
16462
17120
12513
15145
16461
15144
12509
15143
16460
17119
12505
15141
16459
15140
17448
17613
16458
17118
12497
15137
16457
15136
12493
15135
16456
17117
12489
15133
16455
15132
17447
15131
16454
17116
12481
15129
16453
15128
12477
15127
16452
17115
12473
15125
16451
15124
17446
17612
17695
17114
12465
15121
16449
15120
12461
15119
16448
17113
12457
15117
16447
15116
17445
15115
16446
17112
12449
15113
16445
15112
12445
15111
16444
17111
12441
15109
16443
15108
17444
17611
16442
17110
12433
15105
16441
15104
12429
15103
16440
17109
12425
15101
16439
15100
17443
15099
16438
17108
12417
15097
16437
15096
12413
15095
16436
17107
17757
15093
16435
17736
17442
17610
17694
17106
12401
15089
16433
15088
12397
15087
16432
17105
12393
15085
16431
15084
17441
15083
16430
17104
12385
15081
16429
15080
12381
15079
16428
17103
12377
15077
16427
15076
17440
17609
16426
17102
12369
15073
16425
15072
12365
15071
16424
17101
12361
15069
16423
15068
17439
15067
16422
17100
12353
15065
16421
15064
12349
15063
16420
17099
12345
15061
16419
15060
17438
17608
17693
17098
12337
15057
16417
15056
12333
15055
16416
17097
12329
15053
16415
15052
17437
15051
16414
17096
12321
15049
16413
15048
12317
15047
16412
17095
12313
15045
16411
15044
17436
17607
16410
17094
12305
15041
16409
15040
12301
15039
16408
17093
12297
15037
16407
15036
17435
15035
16406
17092
12289
15033
16405
15032
12285
15031
16404
17091
12281
15029
16403
17735
17434
17606
17692
17090
12273
15025
16401
15024
12269
15023
16400
17089
12265
15021
16399
15020
17433
15019
16398
17088
12257
15017
16397
15016
12253
15015
16396
17087
12249
15013
16395
15012
17432
17605
16394
17086
12241
15009
16393
15008
12237
15007
16392
17085
12233
15005
16391
15004
17431
15003
16390
17084
12225
15001
16389
15000
12221
14999
16388
17083
12217
14997
16387
14996
17430
17604
17691
17082
12209
14993
16385
14992
12205
14991
16384
17081
12201
14989
16383
14988
17429
14987
16382
17080
12193
14985
16381
14984
12189
14983
16380
17079
12185
14981
16379
14980
17428
17603
16378
17078
12177
14977
16377
14976
12173
14975
16376
17077
12169
14973
16375
14972
17427
14971
16374
17076
12161
14969
16373
14968
12157
14967
16372
17075
17756
17767
16371
17734
17426
17602
17690
17074
12145
14961
16369
14960
12141
14959
16368
17073
12137
14957
16367
14956
17425
14955
16366
17072
12129
14953
16365
14952
12125
14951
16364
17071
12121
14949
16363
14948
17424
17601
16362
17070
12113
14945
16361
14944
12109
14943
16360
17069
12105
14941
16359
14940
17423
14939
16358
17068
12097
14937
16357
14936
12093
14935
16356
17067
12089
14933
16355
14932
17422
17600
17689
17066
12081
14929
16353
14928
12077
14927
16352
17065
12073
14925
16351
14924
17421
14923
16350
17064
12065
14921
16349
14920
12061
14919
16348
17063
12057
14917
16347
14916
17420
17599
16346
17062
12049
14913
16345
14912
12045
14911
16344
17061
12041
14909
16343
14908
17419
14907
16342
17060
12033
14905
16341
14904
12029
14903
16340
17059
12025
14901
16339
17733
17418
17598
17688
17058
12017
14897
16337
14896
12013
14895
16336
17057
12009
14893
16335
14892
17417
14891
16334
17056
12001
14889
16333
14888
11997
14887
16332
17055
11993
14885
16331
14884
17416
17597
16330
17054
11985
14881
16329
14880
11981
14879
16328
17053
11977
14877
16327
14876
17415
14875
16326
17052
11969
14873
16325
14872
11965
14871
16324
17051
11961
14869
16323
14868
17414
17596
17687
17050
11953
14865
16321
14864
11949
14863
16320
17049
11945
14861
16319
14860
17413
14859
16318
17048
11937
14857
16317
14856
11933
14855
16316
17047
11929
14853
16315
14852
17412
17595
16314
17046
11921
14849
16313
14848
11917
14847
16312
17045
11913
14845
16311
14844
17411
14843
16310
17044
11905
14841
16309
14840
11901
14839
16308
17043
17755
14837
16307
17732
17410
17594
17686
17042
11889
14833
16305
14832
11885
14831
16304
17041
11881
14829
16303
14828
17409
14827
16302
17040
11873
14825
16301
14824
11869
14823
16300
17039
11865
14821
16299
14820
17408
17593
16298
17038
11857
14817
16297
14816
11853
14815
16296
17037
11849
14813
16295
14812
17407
14811
16294
17036
11841
14809
16293
14808
11837
14807
16292
17035
11833
14805
16291
14804
17406
17592
17685
17034
11825
14801
16289
14800
11821
14799
16288
17033
11817
14797
16287
14796
17405
14795
16286
17032
11809
14793
16285
14792
11805
14791
16284
17031
11801
14789
16283
14788
17404
17591
16282
17030
11793
14785
16281
14784
11789
14783
16280
17029
11785
14781
16279
14780
17403
14779
16278
17028
11777
14777
16277
14776
11773
14775
16276
17027
11769
14773
16275
17731
17402
17590
17684
17026
11761
14769
16273
14768
11757
14767
16272
17025
11753
14765
16271
14764
17401
14763
16270
17024
11745
14761
16269
14760
11741
14759
16268
17023
11737
14757
16267
14756
17400
17589
16266
17022
11729
14753
16265
14752
11725
14751
16264
17021
11721
14749
16263
14748
17399
14747
16262
17020
11713
14745
16261
14744
11709
14743
16260
17019
11705
14741
16259
14740
17398
17588
17683
17018
11697
14737
16257
14736
11693
14735
16256
17017
11689
14733
16255
14732
17397
14731
16254
17016
11681
14729
16253
14728
11677
14727
16252
17015
11673
14725
16251
14724
17396
17587
16250
17014
11665
14721
16249
14720
11661
14719
16248
17013
11657
14717
16247
14716
17395
14715
16246
17012
11649
14713
16245
14712
11645
14711
16244
17011
17754
17766
17772
17730
17394
17586
17682
17010
11633
14705
16241
14704
11629
14703
16240
17009
11625
14701
16239
14700
17393
14699
16238
17008
11617
14697
16237
14696
11613
14695
16236
17007
11609
14693
16235
14692
17392
17585
16234
17006
11601
14689
16233
14688
11597
14687
16232
17005
11593
14685
16231
14684
17391
14683
16230
17004
11585
14681
16229
14680
11581
14679
16228
17003
11577
14677
16227
14676
17390
17584
17681
17002
11569
14673
16225
14672
11565
14671
16224
17001
11561
14669
16223
14668
17389
14667
16222
17000
11553
14665
16221
14664
11549
14663
16220
16999
11545
14661
16219
14660
17388
17583
16218
16998
11537
14657
16217
14656
11533
14655
16216
16997
11529
14653
16215
14652
17387
14651
16214
16996
11521
14649
16213
14648
11517
14647
16212
16995
11513
14645
16211
17729
17386
17582
17680
16994
11505
14641
16209
14640
11501
14639
16208
16993
11497
14637
16207
14636
17385
14635
16206
16992
11489
14633
16205
14632
11485
14631
16204
16991
11481
14629
16203
14628
17384
17581
16202
16990
11473
14625
16201
14624
11469
14623
16200
16989
11465
14621
16199
14620
17383
14619
16198
16988
11457
14617
16197
14616
11453
14615
16196
16987
11449
14613
16195
14612
17382
17580
17679
16986
11441
14609
16193
14608
11437
14607
16192
16985
11433
14605
16191
14604
17381
14603
16190
16984
11425
14601
16189
14600
11421
14599
16188
16983
11417
14597
16187
14596
17380
17579
16186
16982
11409
14593
16185
14592
11405
14591
16184
16981
11401
14589
16183
14588
17379
14587
16182
16980
11393
14585
16181
14584
11389
14583
16180
16979
17753
14581
16179
17728
17378
17578
17678
16978
11377
14577
16177
14576
11373
14575
16176
16977
11369
14573
16175
14572
17377
14571
16174
16976
11361
14569
16173
14568
11357
14567
16172
16975
11353
14565
16171
14564
17376
17577
16170
16974
11345
14561
16169
14560
11341
14559
16168
16973
11337
14557
16167
14556
17375
14555
16166
16972
11329
14553
16165
14552
11325
14551
16164
16971
11321
14549
16163
14548
17374
17576
17677
16970
11313
14545
16161
14544
11309
14543
16160
16969
11305
14541
16159
14540
17373
14539
16158
16968
11297
14537
16157
14536
11293
14535
16156
16967
11289
14533
16155
14532
17372
17575
16154
16966
11281
14529
16153
14528
11277
14527
16152
16965
11273
14525
16151
14524
17371
14523
16150
16964
11265
14521
16149
14520
11261
14519
16148
16963
11257
14517
16147
17727
17370
17574
17676
16962
11249
14513
16145
14512
11245
14511
16144
16961
11241
14509
16143
14508
17369
14507
16142
16960
11233
14505
16141
14504
11229
14503
16140
16959
11225
14501
16139
14500
17368
17573
16138
16958
11217
14497
16137
14496
11213
14495
16136
16957
11209
14493
16135
14492
17367
14491
16134
16956
11201
14489
16133
14488
11197
14487
16132
16955
11193
14485
16131
14484
17366
17572
17675
16954
11185
14481
16129
14480
11181
14479
16128
16953
11177
14477
16127
14476
17365
14475
16126
16952
11169
14473
16125
14472
11165
14471
16124
16951
11161
14469
16123
14468
17364
17571
16122
16950
11153
14465
16121
14464
11149
14463
16120
16949
11145
14461
16119
14460
17363
14459
16118
16948
11137
14457
16117
14456
11133
14455
16116
16947
17752
17765
16115
17726
17362
17570
17674
16946
11121
14449
16113
14448
11117
14447
16112
16945
11113
14445
16111
14444
17361
14443
16110
16944
11105
14441
16109
14440
11101
14439
16108
16943
11097
14437
16107
14436
17360
17569
16106
16942
11089
14433
16105
14432
11085
14431
16104
16941
11081
14429
16103
14428
17359
14427
16102
16940
11073
14425
16101
14424
11069
14423
16100
16939
11065
14421
16099
14420
17358
17568
17673
16938
11057
14417
16097
14416
11053
14415
16096
16937
11049
14413
16095
14412
17357
14411
16094
16936
11041
14409
16093
14408
11037
14407
16092
16935
11033
14405
16091
14404
17356
17567
16090
16934
11025
14401
16089
14400
11021
14399
16088
16933
11017
14397
16087
14396
17355
14395
16086
16932
11009
14393
16085
14392
11005
14391
16084
16931
11001
14389
16083
17725
17354
17566
17672
16930
10993
14385
16081
14384
10989
14383
16080
16929
10985
14381
16079
14380
17353
14379
16078
16928
10977
14377
16077
14376
10973
14375
16076
16927
10969
14373
16075
14372
17352
17565
16074
16926
10961
14369
16073
14368
10957
14367
16072
16925
10953
14365
16071
14364
17351
14363
16070
16924
10945
14361
16069
14360
10941
14359
16068
16923
10937
14357
16067
14356
17350
17564
17671
16922
10929
14353
16065
14352
10925
14351
16064
16921
10921
14349
16063
14348
17349
14347
16062
16920
10913
14345
16061
14344
10909
14343
16060
16919
10905
14341
16059
14340
17348
17563
16058
16918
10897
14337
16057
14336
10893
14335
16056
16917
10889
14333
16055
14332
17347
14331
16054
16916
10881
14329
16053
14328
10877
14327
16052
16915
17751
14325
16051
17724
17346
17562
17670
16914
10865
14321
16049
14320
10861
14319
16048
16913
10857
14317
16047
14316
17345
14315
16046
16912
10849
14313
16045
14312
10845
14311
16044
16911
10841
14309
16043
14308
17344
17561
16042
16910
10833
14305
16041
14304
10829
14303
16040
16909
10825
14301
16039
14300
17343
14299
16038
16908
10817
14297
16037
14296
10813
14295
16036
16907
10809
14293
16035
14292
17342
17560
17669
16906
10801
14289
16033
14288
10797
14287
16032
16905
10793
14285
16031
14284
17341
14283
16030
16904
10785
14281
16029
14280
10781
14279
16028
16903
10777
14277
16027
14276
17340
17559
16026
16902
10769
14273
16025
14272
10765
14271
16024
16901
10761
14269
16023
14268
17339
14267
16022
16900
10753
14265
16021
14264
10749
14263
16020
16899
10745
14261
16019
17723
17338
17558
17668
16898
10737
14257
16017
14256
10733
14255
16016
16897
10729
14253
16015
14252
17337
14251
16014
16896
10721
14249
16013
14248
10717
14247
16012
16895
10713
14245
16011
14244
17336
17557
16010
16894
10705
14241
16009
14240
10701
14239
16008
16893
10697
14237
16007
14236
17335
14235
16006
16892
10689
14233
16005
14232
10685
14231
16004
16891
10681
14229
16003
14228
17334
17556
17667
16890
10673
14225
16001
14224
10669
14223
16000
16889
10665
14221
15999
14220
17333
14219
15998
16888
10657
14217
15997
14216
10653
14215
15996
16887
10649
14213
15995
14212
17332
17555
15994
16886
10641
14209
15993
14208
10637
14207
15992
16885
10633
14205
15991
14204
17331
14203
15990
16884
10625
14201
15989
14200
10621
14199
15988
16883
17750
17764
17771
17722
17330
17554
17666
16882
10609
14193
15985
14192
10605
14191
15984
16881
10601
14189
15983
14188
17329
14187
15982
16880
10593
14185
15981
14184
10589
14183
15980
16879
10585
14181
15979
14180
17328
17553
15978
16878
10577
14177
15977
14176
10573
14175
15976
16877
10569
14173
15975
14172
17327
14171
15974
16876
10561
14169
15973
14168
10557
14167
15972
16875
10553
14165
15971
14164
17326
17552
17665
16874
10545
14161
15969
14160
10541
14159
15968
16873
10537
14157
15967
14156
17325
14155
15966
16872
10529
14153
15965
14152
10525
14151
15964
16871
10521
14149
15963
14148
17324
17551
15962
16870
10513
14145
15961
14144
10509
14143
15960
16869
10505
14141
15959
14140
17323
14139
15958
16868
10497
14137
15957
14136
10493
14135
15956
16867
10489
14133
15955
17721
17322
17550
17664
16866
10481
14129
15953
14128
10477
14127
15952
16865
10473
14125
15951
14124
17321
14123
15950
16864
10465
14121
15949
14120
10461
14119
15948
16863
10457
14117
15947
14116
17320
17549
15946
16862
10449
14113
15945
14112
10445
14111
15944
16861
10441
14109
15943
14108
17319
14107
15942
16860
10433
14105
15941
14104
10429
14103
15940
16859
10425
14101
15939
14100
17318
17548
17663
16858
10417
14097
15937
14096
10413
14095
15936
16857
10409
14093
15935
14092
17317
14091
15934
16856
10401
14089
15933
14088
10397
14087
15932
16855
10393
14085
15931
14084
17316
17547
15930
16854
10385
14081
15929
14080
10381
14079
15928
16853
10377
14077
15927
14076
17315
14075
15926
16852
10369
14073
15925
14072
10365
14071
15924
16851
17749
14069
15923
17720
17314
17546
17662
16850
10353
14065
15921
14064
10349
14063
15920
16849
10345
14061
15919
14060
17313
14059
15918
16848
10337
14057
15917
14056
10333
14055
15916
16847
10329
14053
15915
14052
17312
17545
15914
16846
10321
14049
15913
14048
10317
14047
15912
16845
10313
14045
15911
14044
17311
14043
15910
16844
10305
14041
15909
14040
10301
14039
15908
16843
10297
14037
15907
14036
17310
17544
17661
16842
10289
14033
15905
14032
10285
14031
15904
16841
10281
14029
15903
14028
17309
14027
15902
16840
10273
14025
15901
14024
10269
14023
15900
16839
10265
14021
15899
14020
17308
17543
15898
16838
10257
14017
15897
14016
10253
14015
15896
16837
10249
14013
15895
14012
17307
14011
15894
16836
10241
14009
15893
14008
10237
14007
15892
16835
10233
14005
15891
17719
17306
17542
17660
16834
10225
14001
15889
14000
10221
13999
15888
16833
10217
13997
15887
13996
17305
13995
15886
16832
10209
13993
15885
13992
10205
13991
15884
16831
10201
13989
15883
13988
17304
17541
15882
16830
10193
13985
15881
13984
10189
13983
15880
16829
10185
13981
15879
13980
17303
13979
15878
16828
10177
13977
15877
13976
10173
13975
15876
16827
10169
13973
15875
13972
17302
17540
17659
16826
10161
13969
15873
13968
10157
13967
15872
16825
10153
13965
15871
13964
17301
13963
15870
16824
10145
13961
15869
13960
10141
13959
15868
16823
10137
13957
15867
13956
17300
17539
15866
16822
10129
13953
15865
13952
10125
13951
15864
16821
10121
13949
15863
13948
17299
13947
15862
16820
10113
13945
15861
13944
10109
13943
15860
16819
17748
17763
15859
17718
17298
17538
17658
16818
10097
13937
15857
13936
10093
13935
15856
16817
10089
13933
15855
13932
17297
13931
15854
16816
10081
13929
15853
13928
10077
13927
15852
16815
10073
13925
15851
13924
17296
17537
15850
16814
10065
13921
15849
13920
10061
13919
15848
16813
10057
13917
15847
13916
17295
13915
15846
16812
10049
13913
15845
13912
10045
13911
15844
16811
10041
13909
15843
13908
17294
17536
17657
16810
10033
13905
15841
13904
10029
13903
15840
16809
10025
13901
15839
13900
17293
13899
15838
16808
10017
13897
15837
13896
10013
13895
15836
16807
10009
13893
15835
13892
17292
17535
15834
16806
10001
13889
15833
13888
9997
13887
15832
16805
9993
13885
15831
13884
17291
13883
15830
16804
9985
13881
15829
13880
9981
13879
15828
16803
9977
13877
15827
17717
17290
17534
17656
16802
9969
13873
15825
13872
9965
13871
15824
16801
9961
13869
15823
13868
17289
13867
15822
16800
9953
13865
15821
13864
9949
13863
15820
16799
9945
13861
15819
13860
17288
17533
15818
16798
9937
13857
15817
13856
9933
13855
15816
16797
9929
13853
15815
13852
17287
13851
15814
16796
9921
13849
15813
13848
9917
13847
15812
16795
9913
13845
15811
13844
17286
17532
17655
16794
9905
13841
15809
13840
9901
13839
15808
16793
9897
13837
15807
13836
17285
13835
15806
16792
9889
13833
15805
13832
9885
13831
15804
16791
9881
13829
15803
13828
17284
17531
15802
16790
9873
13825
15801
13824
9869
13823
15800
16789
9865
13821
15799
13820
17283
13819
15798
16788
9857
13817
15797
13816
9853
13815
15796
16787
17747
13813
15795
17716
17282
17530
17654
16786
9841
13809
15793
13808
9837
13807
15792
16785
9833
13805
15791
13804
17281
13803
15790
16784
9825
13801
15789
13800
9821
13799
15788
16783
9817
13797
15787
13796
17280
17529
15786
16782
9809
13793
15785
13792
9805
13791
15784
16781
9801
13789
15783
13788
17279
13787
15782
16780
9793
13785
15781
13784
9789
13783
15780
16779
9785
13781
15779
13780
17278
17528
17653
16778
9777
13777
15777
13776
9773
13775
15776
16777
9769
13773
15775
13772
17277
13771
15774
16776
9761
13769
15773
13768
9757
13767
15772
16775
9753
13765
15771
13764
17276
17527
15770
16774
9745
13761
15769
13760
9741
13759
15768
16773
9737
13757
15767
13756
17275
13755
15766
16772
9729
13753
15765
13752
9725
13751
15764
16771
9721
13749
15763
17715
17274
17526
17652
16770
9713
13745
15761
13744
9709
13743
15760
16769
9705
13741
15759
13740
17273
13739
15758
16768
9697
13737
15757
13736
9693
13735
15756
16767
9689
13733
15755
13732
17272
17525
15754
16766
9681
13729
15753
13728
9677
13727
15752
16765
9673
13725
15751
13724
17271
13723
15750
16764
9665
13721
15749
13720
9661
13719
15748
16763
9657
13717
15747
13716
17270
17524
17651
16762
9649
13713
15745
13712
9645
13711
15744
16761
9641
13709
15743
13708
17269
13707
15742
16760
9633
13705
15741
13704
9629
13703
15740
16759
9625
13701
15739
13700
17268
17523
15738
16758
9617
13697
15737
13696
9613
13695
15736
16757
9609
13693
15735
13692
17267
13691
15734
16756
9601
13689
15733
13688
9597
13687
15732
16755
17746
17762
17770
17714
17774
17522
17650
16754
9585
13681
15729
13680
9581
13679
15728
16753
9577
13677
15727
13676
17265
13675
15726
16752
9569
13673
15725
13672
9565
13671
15724
16751
9561
13669
15723
13668
17264
17521
15722
16750
9553
13665
15721
13664
9549
13663
15720
16749
9545
13661
15719
13660
17263
13659
15718
16748
9537
13657
15717
13656
9533
13655
15716
16747
9529
13653
15715
13652
17262
17520
17649
16746
9521
13649
15713
13648
9517
13647
15712
16745
9513
13645
15711
13644
17261
13643
15710
16744
9505
13641
15709
13640
9501
13639
15708
16743
9497
13637
15707
13636
17260
17519
15706
16742
9489
13633
15705
13632
9485
13631
15704
16741
9481
13629
15703
13628
17259
13627
15702
16740
9473
13625
15701
13624
9469
13623
15700
16739
9465
13621
15699
17713
17258
17518
17648
16738
9457
13617
15697
13616
9453
13615
15696
16737
9449
13613
15695
13612
17257
13611
15694
16736
9441
13609
15693
13608
9437
13607
15692
16735
9433
13605
15691
13604
17256
17517
15690
16734
9425
13601
15689
13600
9421
13599
15688
16733
9417
13597
15687
13596
17255
13595
15686
16732
9409
13593
15685
13592
9405
13591
15684
16731
9401
13589
15683
13588
17254
17516
17647
16730
9393
13585
15681
13584
9389
13583
15680
16729
9385
13581
15679
13580
17253
13579
15678
16728
9377
13577
15677
13576
9373
13575
15676
16727
9369
13573
15675
13572
17252
17515
15674
16726
9361
13569
15673
13568
9357
13567
15672
16725
9353
13565
15671
13564
17251
13563
15670
16724
9345
13561
15669
13560
9341
13559
15668
16723
17745
13557
15667
17712
17250
17514
17646
16722
9329
13553
15665
13552
9325
13551
15664
16721
9321
13549
15663
13548
17249
13547
15662
16720
9313
13545
15661
13544
9309
13543
15660
16719
9305
13541
15659
13540
17248
17513
15658
16718
9297
13537
15657
13536
9293
13535
15656
16717
9289
13533
15655
13532
17247
13531
15654
16716
9281
13529
15653
13528
9277
13527
15652
16715
9273
13525
15651
13524
17246
17512
17645
16714
9265
13521
15649
13520
9261
13519
15648
16713
9257
13517
15647
13516
17245
13515
15646
16712
9249
13513
15645
13512
9245
13511
15644
16711
9241
13509
15643
13508
17244
17511
15642
16710
9233
13505
15641
13504
9229
13503
15640
16709
9225
13501
15639
13500
17243
13499
15638
16708
9217
13497
15637
13496
9213
13495
15636
16707
9209
13493
15635
17711
17242
17510
17644
16706
9201
13489
15633
13488
9197
13487
15632
16705
9193
13485
15631
13484
17241
13483
15630
16704
9185
13481
15629
13480
9181
13479
15628
16703
9177
13477
15627
13476
17240
17509
15626
16702
9169
13473
15625
13472
9165
13471
15624
16701
9161
13469
15623
13468
17239
13467
15622
16700
9153
13465
15621
13464
9149
13463
15620
16699
9145
13461
15619
13460
17238
17508
17643
16698
9137
13457
15617
13456
9133
13455
15616
16697
9129
13453
15615
13452
17237
13451
15614
16696
9121
13449
15613
13448
9117
13447
15612
16695
9113
13445
15611
13444
17236
17507
15610
16694
9105
13441
15609
13440
9101
13439
15608
16693
9097
13437
15607
13436
17235
13435
15606
16692
9089
13433
15605
13432
9085
13431
15604
16691
17744
17761
15603
17710
17234
17506
17642
16690
9073
13425
15601
13424
9069
13423
15600
16689
9065
13421
15599
13420
17233
13419
15598
16688
9057
13417
15597
13416
9053
13415
15596
16687
9049
13413
15595
13412
17232
17505
15594
16686
9041
13409
15593
13408
9037
13407
15592
16685
9033
13405
15591
13404
17231
13403
15590
16684
9025
13401
15589
13400
9021
13399
15588
16683
9017
13397
15587
13396
17230
17504
17641
16682
9009
13393
15585
13392
9005
13391
15584
16681
9001
13389
15583
13388
17229
13387
15582
16680
8993
13385
15581
13384
8989
13383
15580
16679
8985
13381
15579
13380
17228
17503
15578
16678
8977
13377
15577
13376
8973
13375
15576
16677
8969
13373
15575
13372
17227
13371
15574
16676
8961
13369
15573
13368
8957
13367
15572
16675
8953
13365
15571
17709
17226
17502
17640
16674
8945
13361
15569
13360
8941
13359
15568
16673
8937
13357
15567
13356
17225
13355
15566
16672
8929
13353
15565
13352
8925
13351
15564
16671
8921
13349
15563
13348
17224
17501
15562
16670
8913
13345
15561
13344
8909
13343
15560
16669
8905
13341
15559
13340
17223
13339
15558
16668
8897
13337
15557
13336
8893
13335
15556
16667
8889
13333
15555
13332
17222
17500
17639
16666
8881
13329
15553
13328
8877
13327
15552
16665
8873
13325
15551
13324
17221
13323
15550
16664
8865
13321
15549
13320
8861
13319
15548
16663
8857
13317
15547
13316
17220
17499
15546
16662
8849
13313
15545
13312
8845
13311
15544
16661
8841
13309
15543
13308
17219
13307
15542
16660
8833
13305
15541
13304
8829
13303
15540
16659
17743
13301
15539
17708
17218
17498
17638
16658
8817
13297
15537
13296
8813
13295
15536
16657
8809
13293
15535
13292
17217
13291
15534
16656
8801
13289
15533
13288
8797
13287
15532
16655
8793
13285
15531
13284
17216
17497
15530
16654
8785
13281
15529
13280
8781
13279
15528
16653
8777
13277
15527
13276
17215
13275
15526
16652
8769
13273
15525
13272
8765
13271
15524
16651
8761
13269
15523
13268
17214
17496
17637
16650
8753
13265
15521
13264
8749
13263
15520
16649
8745
13261
15519
13260
17213
13259
15518
16648
8737
13257
15517
13256
8733
13255
15516
16647
8729
13253
15515
13252
17212
17495
15514
16646
8721
13249
15513
13248
8717
13247
15512
16645
8713
13245
15511
13244
17211
13243
15510
16644
8705
13241
15509
13240
8701
13239
15508
16643
8697
13237
15507
17707
17210
17494
17636
16642
8689
13233
15505
13232
8685
13231
15504
16641
8681
13229
15503
13228
17209
13227
15502
16640
8673
13225
15501
13224
8669
13223
15500
16639
8665
13221
15499
13220
17208
17493
15498
16638
8657
13217
15497
13216
8653
13215
15496
16637
8649
13213
15495
13212
17207
13211
15494
16636
8641
13209
15493
13208
8637
13207
15492
16635
8633
13205
15491
13204
17206
17492
17635
16634
8625
13201
15489
13200
8621
13199
15488
16633
8617
13197
15487
13196
17205
13195
15486
16632
8609
13193
15485
13192
8605
13191
15484
16631
8601
13189
15483
13188
17204
17491
15482
16630
8593
13185
15481
13184
8589
13183
15480
16629
8585
13181
15479
13180
17203
13179
15478
16628
8577
13177
15477
13176
8573
13175
15476
16627
17742
17760
17769
17706
17202
17490
17634
16626
8561
13169
15473
13168
8557
13167
15472
16625
8553
13165
15471
13164
17201
13163
15470
16624
8545
13161
15469
13160
8541
13159
15468
16623
8537
13157
15467
13156
17200
17489
15466
16622
8529
13153
15465
13152
8525
13151
15464
16621
8521
13149
15463
13148
17199
13147
15462
16620
8513
13145
15461
13144
8509
13143
15460
16619
8505
13141
15459
13140
17198
17488
17633
16618
8497
13137
15457
13136
8493
13135
15456
16617
8489
13133
15455
13132
17197
13131
15454
16616
8481
13129
15453
13128
8477
13127
15452
16615
8473
13125
15451
13124
17196
17487
15450
16614
8465
13121
15449
13120
8461
13119
15448
16613
8457
13117
15447
13116
17195
13115
15446
16612
8449
13113
15445
13112
8445
13111
15444
16611
8441
13109
15443
17705
17194
17486
17632
16610
8433
13105
15441
13104
8429
13103
15440
16609
8425
13101
15439
13100
17193
13099
15438
16608
8417
13097
15437
13096
8413
13095
15436
16607
8409
13093
15435
13092
17192
17485
15434
16606
8401
13089
15433
13088
8397
13087
15432
16605
8393
13085
15431
13084
17191
13083
15430
16604
8385
13081
15429
13080
8381
13079
15428
16603
8377
13077
15427
13076
17190
17484
17631
16602
8369
13073
15425
13072
8365
13071
15424
16601
8361
13069
15423
13068
17189
13067
15422
16600
8353
13065
15421
13064
8349
13063
15420
16599
8345
13061
15419
13060
17188
17483
15418
16598
8337
13057
15417
13056
8333
13055
15416
16597
8329
13053
15415
13052
17187
13051
15414
16596
8321
13049
15413
13048
8317
13047
15412
16595
17741
13045
15411
17704
17186
17482
17630
16594
8305
13041
15409
13040
8301
13039
15408
16593
8297
13037
15407
13036
17185
13035
15406
16592
8289
13033
15405
13032
8285
13031
15404
16591
8281
13029
15403
13028
17184
17481
15402
16590
8273
13025
15401
13024
8269
13023
15400
16589
8265
13021
15399
13020
17183
13019
15398
16588
8257
13017
15397
13016
8253
13015
15396
16587
8249
13013
15395
13012
17182
17480
17629
16586
8241
13009
15393
13008
8237
13007
15392
16585
8233
13005
15391
13004
17181
13003
15390
16584
8225
13001
15389
13000
8221
12999
15388
16583
8217
12997
15387
12996
17180
17479
15386
16582
8209
12993
15385
12992
8205
12991
15384
16581
8201
12989
15383
12988
17179
12987
15382
16580
8193
12985
15381
12984
8189
12983
15380
16579
8185
12981
15379
17703
17178
17478
17628
16578
8177
12977
15377
12976
8173
12975
15376
16577
8169
12973
15375
12972
17177
12971
15374
16576
8161
12969
15373
12968
8157
12967
15372
16575
8153
12965
15371
12964
17176
17477
15370
16574
8145
12961
15369
12960
8141
12959
15368
16573
8137
12957
15367
12956
17175
12955
15366
16572
8129
12953
15365
12952
8125
12951
15364
16571
8121
12949
15363
12948
17174
17476
17627
16570
8113
12945
15361
12944
8109
12943
15360
16569
8105
12941
15359
12940
17173
12939
15358
16568
8097
12937
15357
12936
8093
12935
15356
16567
8089
12933
15355
12932
17172
17475
15354
16566
8081
12929
15353
12928
8077
12927
15352
16565
8073
12925
15351
12924
17171
12923
15350
16564
8065
12921
15349
12920
8061
12919
15348
16563
17740
17759
15347
17702
17170
17474
17626
16562
8049
12913
15345
12912
8045
12911
15344
16561
8041
12909
15343
12908
17169
12907
15342
16560
8033
12905
15341
12904
8029
12903
15340
16559
8025
12901
15339
12900
17168
17473
15338
16558
8017
12897
15337
12896
8013
12895
15336
16557
8009
12893
15335
12892
17167
12891
15334
16556
8001
12889
15333
12888
7997
12887
15332
16555
7993
12885
15331
12884
17166
17472
17625
16554
7985
12881
15329
12880
7981
12879
15328
16553
7977
12877
15327
12876
17165
12875
15326
16552
7969
12873
15325
12872
7965
12871
15324
16551
7961
12869
15323
12868
17164
17471
15322
16550
7953
12865
15321
12864
7949
12863
15320
16549
7945
12861
15319
12860
17163
12859
15318
16548
7937
12857
15317
12856
7933
12855
15316
16547
7929
12853
15315
17701
17162
17470
17624
16546
7921
12849
15313
12848
7917
12847
15312
16545
7913
12845
15311
12844
17161
12843
15310
16544
7905
12841
15309
12840
7901
12839
15308
16543
7897
12837
15307
12836
17160
17469
15306
16542
7889
12833
15305
12832
7885
12831
15304
16541
7881
12829
15303
12828
17159
12827
15302
16540
7873
12825
15301
12824
7869
12823
15300
16539
7865
12821
15299
12820
17158
17468
17623
16538
7857
12817
15297
12816
7853
12815
15296
16537
7849
12813
15295
12812
17157
12811
15294
16536
7841
12809
15293
12808
7837
12807
15292
16535
7833
12805
15291
12804
17156
17467
15290
16534
7825
12801
15289
12800
7821
12799
15288
16533
7817
12797
15287
12796
17155
12795
15286
16532
7809
12793
15285
12792
7805
12791
15284
16531
17739
12789
15283
17700
17154
17466
17622
16530
7793
12785
15281
12784
7789
12783
15280
16529
17768
17773
17775
17758
17776
17699
17738
16528
15277
