1000
2190
2099
2935
2580
2716
2608
2366
2135
2596
2005
2678
2027
2715
2928
2323
2929
2745
2543
2947
2254
2740
1992
2195
2594
2282
2012
2079
2303
2332
2514
2471
2891
2331
2944
2384
2249
2557
2029
2953
2291
2199
2343
2708
2668
2217
2782
2098
2552
2830
2847
2113
2876
2864
2946
2707
2561
2842
2393
2919
2546
2609
2020
2932
2142
2390
2119
2083
2295
2269
2878
2133
2831
2600
2350
2734
2744
2446
2617
2373
2603
2436
2230
2371
2516
2321
2918
2361
2544
1996
2345
2894
2465
2234
2664
2846
2151
1995
2448
2150
2486
2212
2093
2677
2157
2956
2329
2520
2495
2755
2344
2342
2360
2410
2023
2432
2327
2298
2036
2975
2672
2297
2061
2006
2194
2401
2663
2479
2412
2835
2364
2200
2292
2703
2980
2508
2063
2642
2319
2008
2834
2849
2888
2630
2943
2314
2045
2191
2359
2091
2210
2134
2777
2378
2262
2911
2569
2102
2089
2124
2742
2793
2148
2154
2808
2631
2723
2318
2159
2638
2504
2431
2130
2018
2311
2500
2903
2850
2169
2476
2007
2553
2271
2606
2812
2828
2769
2251
2622
2049
2586
2924
2265
2062
2945
2003
2887
2160
2270
2235
2437
2059
2848
2087
2687
2556
2856
2550
2014
2991
2483
2815
2712
2095
2458
2902
2487
2862
2096
2587
2692
2092
2213
2510
2857
2775
2496
2750
2038
2399
2675
2114
2181
2167
2513
2043
2386
2731
1999
2447
2595
2763
2704
2383
2936
2844
2156
2067
2477
2694
2369
2438
2467
2770
2226
2593
2545
2382
2540
2197
2002
2652
2313
2188
2069
2670
2407
2128
2136
2090
2939
2722
2403
2013
2863
2455
2281
2325
2604
2641
2290
2430
2273
2211
2275
2789
2264
2562
2637
2032
2054
2189
2807
2218
2737
2085
2053
2170
2602
2582
2077
2293
2294
2107
2779
2962
2071
2137
2026
2585
2981
2823
2306
2867
2017
2035
2736
2826
2117
2116
2451
2636
2039
2394
2078
2589
2449
2884
2813
2423
2208
2785
2377
2118
2380
2028
2797
2958
2578
2140
2418
2434
2713
2240
2031
2635
2968
2339
2776
2921
2659
2806
2147
2729
2346
2347
2987
2232
2752
2853
2577
2425
2460
2521
2674
2804
2152
2139
2662
2910
2009
2349
2285
2490
2634
2969
2660
2126
2841
2209
2372
2420
2661
2074
2523
2370
2143
2839
2509
2131
2984
2791
2963
2368
2780
2869
2408
2533
2175
2411
2937
2439
2706
2396
2397
2322
2301
2033
2409
2753
2066
2938
2315
2263
2629
1994
2679
2258
2548
2340
2144
2176
2004
2220
2721
2221
2536
2481
2459
2149
2198
2982
2338
2639
2427
2733
2299
2272
2799
2336
2433
2534
2222
2168
2404
2551
2949
2440
2441
2473
2025
2183
2762
2685
2901
2565
2741
2859
2922
2243
2330
2819
2204
2555
2457
2908
2097
2547
2539
2453
2172
2979
2324
2104
2363
2000
2485
2881
2123
2196
2452
2224
2709
2064
2764
2725
2178
2701
2601
2163
2236
2757
2238
2614
2597
2022
2697
2564
2927
2893
2201
2515
2073
2727
2106
2358
2484
2656
2645
2192
2335
2288
2682
2115
2851
2341
2829
2528
2735
2526
2472
2985
2470
2612
2803
1998
2155
2466
2056
2174
2816
2868
2519
2334
2173
2754
2389
2316
2621
2955
2817
2900
2058
2858
2710
2538
2615
2790
2442
2406
2037
2890
2247
2579
2676
2463
2050
2926
2820
2055
2084
2309
2021
2527
2388
2633
2522
2047
2348
2231
2415
2667
2185
2507
2266
2216
2060
2276
2503
2310
2206
2353
2010
2356
2889
2312
2951
2774
2193
2215
2120
2024
2125
2798
2720
2268
2109
2976
2590
2591
2392
2072
2895
2016
2892
2525
2042
2950
2948
2161
2374
2832
2925
2246
2624
2300
2643
2756
2289
2379
2505
2041
2964
2166
2419
2255
2618
2607
2203
2417
2082
2491
2658
2517
2647
2475
2030
2112
2905
2532
2795
2558
2435
2277
2611
2896
2598
2972
2413
2385
2354
2402
2966
2179
2367
2501
2628
2454
2362
2811
2623
2930
2122
2357
2794
2653
2592
2843
2111
2886
2103
2870
2001
2665
2666
2781
2094
2202
2333
2671
2655
2705
2450
2874
2783
2695
2245
2034
2065
2121
2530
2283
2973
2986
2494
2337
2801
2445
2690
2683
2165
2478
2186
2814
2691
2462
2673
2355
2227
2328
2800
2164
2233
2810
2376
1993
2480
2398
2698
2730
2395
2792
2746
2320
2923
2909
2717
2913
2223
2711
2405
2549
2914
2977
2252
2070
2599
2381
2965
2871
2761
2626
2805
2802
2474
2308
2787
2588
2983
2567
2158
2738
2833
2644
2571
2563
2250
2554
2284
2681
2286
2511
2605
2627
2732
2429
2493
2512
2952
2424
2469
2205
2461
2941
2132
2129
2767
2768
2669
2426
2529
2772
2773
2978
2531
2057
2302
2766
2015
2765
2724
2573
2444
2583
2219
2559
2180
2872
2880
2967
2904
2873
2502
2699
2177
2640
2907
2860
2162
2970
2747
2499
2468
2879
2428
2400
2421
2225
2456
2214
2651
2100
2897
2560
2854
2051
2171
2416
2581
2242
2821
2822
2760
2824
2825
2748
2138
2855
2885
2778
2648
2443
2726
2076
2784
2836
2837
2497
2253
2274
2229
2187
2917
2464
2714
2086
2422
2110
2482
2575
2248
2305
2052
2632
2414
2080
2488
2105
2576
2942
2912
2696
2081
2616
2865
2866
2387
2920
2524
2875
2537
2613
2279
2267
2818
2684
2375
2845
2566
2570
2796
2259
2568
2040
2610
2758
2304
2719
2827
2260
2506
2141
2237
2877
2961
1997
2771
2898
2899
2184
2256
2535
2680
2261
2654
2852
2883
2751
2688
2650
2228
2278
2718
2700
2915
2916
2840
2046
2145
2974
2153
2657
2257
2307
2957
2882
2541
2287
2075
2906
2686
2317
2933
2934
2931
2689
2296
2352
2207
2728
2861
2108
2241
2625
2788
2365
2280
2326
2749
2019
2088
2498
2954
2127
2244
2584
2489
2182
2959
2960
2743
2572
2492
2239
2809
2044
2702
2574
2619
2838
2146
2646
2940
2518
2649
2786
2011
2351
2391
2971
2620
2101
2759
2693
2739
2068
2048
2988
2989
2542
2990
