100
414
722
1696
2656
4911
2666
4157
3435
5023
7889
8907
4661
11839
6766
4606
5369
3556
5879
6250
8335
8168
9711
13024
7933
14671
17253
13859
10304
12975
10740
19736
17102
5956
7332
20945
5912
13686
22832
7359
10052
13707
17393
25487
11941
10659
15504
16958
11767
25016
29221
25351
23066
21611
23169
17728
22181
14503
23529
29507
29420
17643
24880
27590
26307
27160
23716
28183
25289
29618
23789
29042
22476
12587
21169
16461
29282
28436
30442
28521
26822
31900
17942
14515
21628
27871
30951
32105
25151
32675
30692
13181
21004
20883
19206
24007
19146
28037
28563
28291
29786
