1000
1000
14849
1000
14977
14850
14721
14616
15041
14978
14913
14851
14785
14722
14657
14619
15073
15042
15009
14979
14945
14914
14881
14852
14817
14786
14753
14723
14689
14658
14625
14620
15089
15074
15057
15043
15025
15010
14993
14980
14961
14946
14929
14915
14897
14882
14865
14853
14833
14818
14801
14787
14769
14754
14737
14724
14705
14690
14673
14659
14641
14626
14621
15105
15097
15090
15081
15075
15065
15058
15049
15044
15033
15026
15017
15011
15001
14994
14985
14981
14969
14962
14953
14947
14937
14930
14921
14916
14905
14898
14889
14883
14873
14866
14857
14854
14841
14834
14825
14819
14809
14802
14793
14788
14777
14770
14761
14755
14745
14738
14729
14725
14713
14706
14697
14691
14681
14674
14665
14660
14649
14642
14633
14627
14622
15113
15109
15106
15101
15098
15093
15091
15085
15082
15077
15076
15069
15066
15061
15059
15053
15050
15045
15329
15037
15034
15029
15027
15021
15018
15013
15012
15005
15002
14997
14995
14989
14986
14982
15297
14973
14970
14965
14963
14957
14954
14949
14948
14941
14938
14933
14931
14925
14922
14917
15265
14909
14906
14901
14899
14893
14890
14885
14884
14877
14874
14869
14867
14861
14858
14855
15233
14845
14842
14837
14835
14829
14826
14821
14820
14813
14810
14805
14803
14797
14794
14789
15201
14781
14778
14773
14771
14765
14762
14757
14756
14749
14746
14741
14739
14733
14730
14726
15169
14717
14714
14709
14707
14701
14698
14693
14692
14685
14682
14677
14675
14669
14666
14661
15137
14653
14650
14645
14643
14637
14634
14629
14628
14623
15117
15115
15114
15111
15110
15107
15361
15103
15102
15099
15357
15095
15094
15092
15353
15087
15086
15083
15349
15079
15078
15346
15345
15071
15070
15067
15341
15063
15062
15060
15337
15055
15054
15051
15333
15047
15046
15330
15473
15039
15038
15035
15325
15031
15030
15028
15321
15023
15022
15019
15317
15015
15014
15314
15313
15007
15006
15003
15309
14999
14998
14996
15305
14991
14990
14987
15301
14983
15299
15298
15457
14975
14974
14971
15293
14967
14966
14964
15289
14959
14958
14955
15285
14951
14950
15282
15281
14943
14942
14939
15277
14935
14934
14932
15273
14927
14926
14923
15269
14919
14918
15266
15441
14911
14910
14907
15261
14903
14902
14900
15257
14895
14894
14891
15253
14887
14886
15250
15249
14879
14878
14875
15245
14871
14870
14868
15241
14863
14862
14859
15237
14856
15235
15234
15425
14847
14846
14843
15229
14839
14838
14836
15225
14831
14830
14827
15221
14823
14822
15218
15217
14815
14814
14811
15213
14807
14806
14804
15209
14799
14798
14795
15205
14791
14790
15202
15409
14783
14782
14779
15197
14775
14774
14772
15193
14767
14766
14763
15189
14759
14758
15186
15185
14751
14750
14747
15181
14743
14742
14740
15177
14735
14734
14731
15173
14727
15171
15170
15393
14719
14718
14715
15165
14711
14710
14708
15161
14703
14702
14699
15157
14695
14694
15154
15153
14687
14686
14683
15149
14679
14678
14676
15145
14671
14670
14667
15141
14663
14662
15138
15377
14655
14654
14651
15133
14647
14646
14644
15129
14639
14638
14635
15125
14631
14630
15122
15121
14624
15119
15118
15367
15116
15491
15554
15365
15112
15364
15490
15363
15108
15362
15489
15553
15104
15360
15488
15359
15100
15358
15487
15552
15096
15356
15486
15355
15584
15354
15485
15551
15088
15352
15484
15351
15084
15350
15483
15550
15080
15348
15482
15347
15583
15600
15481
15549
15072
15344
15480
15343
15068
15342
15479
15548
15064
15340
15478
15339
15582
15338
15477
15547
15056
15336
15476
15335
15052
15334
15475
15546
15048
15332
15474
15331
15581
15599
15608
15545
15040
15328
15472
15327
15036
15326
15471
15544
15032
15324
15470
15323
15580
15322
15469
15543
15024
15320
15468
15319
15020
15318
15467
15542
15016
15316
15466
15315
15579
15598
15465
15541
15008
15312
15464
15311
15004
15310
15463
15540
15000
15308
15462
15307
15578
15306
15461
15539
14992
15304
15460
15303
14988
15302
15459
15538
14984
15300
15458
15612
15577
15597
15607
15537
14976
15296
15456
15295
14972
15294
15455
15536
14968
15292
15454
15291
15576
15290
15453
15535
14960
15288
15452
15287
14956
15286
15451
15534
14952
15284
15450
15283
15575
15596
15449
15533
14944
15280
15448
15279
14940
15278
15447
15532
14936
15276
15446
15275
15574
15274
15445
15531
14928
15272
15444
15271
14924
15270
15443
15530
14920
15268
15442
15267
15573
15595
15606
15529
14912
15264
15440
15263
14908
15262
15439
15528
14904
15260
15438
15259
15572
15258
15437
15527
14896
15256
15436
15255
14892
15254
15435
15526
14888
15252
15434
15251
15571
15594
15433
15525
14880
15248
15432
15247
14876
15246
15431
15524
14872
15244
15430
15243
15570
15242
15429
15523
14864
15240
15428
15239
14860
15238
15427
15522
15614
15236
15426
15611
15569
15593
15605
15521
14848
15232
15424
15231
14844
15230
15423
15520
14840
15228
15422
15227
15568
15226
15421
15519
14832
15224
15420
15223
14828
15222
15419
15518
14824
15220
15418
15219
15567
15592
15417
15517
14816
15216
15416
15215
14812
15214
15415
15516
14808
15212
15414
15211
15566
15210
15413
15515
14800
15208
15412
15207
14796
15206
15411
15514
14792
15204
15410
15203
15565
15591
15604
15513
14784
15200
15408
15199
14780
15198
15407
15512
14776
15196
15406
15195
15564
15194
15405
15511
14768
15192
15404
15191
14764
15190
15403
15510
14760
15188
15402
15187
15563
15590
15401
15509
14752
15184
15400
15183
14748
15182
15399
15508
14744
15180
15398
15179
15562
15178
15397
15507
14736
15176
15396
15175
14732
15174
15395
15506
14728
15172
15394
15610
15561
15589
15603
15505
14720
15168
15392
15167
14716
15166
15391
15504
14712
15164
15390
15163
15560
15162
15389
15503
14704
15160
15388
15159
14700
15158
15387
15502
14696
15156
15386
15155
15559
15588
15385
15501
14688
15152
15384
15151
14684
15150
15383
15500
14680
15148
15382
15147
15558
15146
15381
15499
14672
15144
15380
15143
14668
15142
15379
15498
14664
15140
15378
15139
15557
15587
15602
15497
14656
15136
15376
15135
14652
15134
15375
15496
14648
15132
15374
15131
15556
15130
15373
15495
14640
15128
15372
15127
14636
15126
15371
15494
14632
15124
15370
15123
15555
15586
15369
15493
15615
15120
15368
15613
15585
15601
15609
15492
15366
