1000
12533
12765
12534
12893
12766
12637
12535
12957
12894
12829
12767
12701
12638
12573
12536
12989
12958
12925
12895
12861
12830
12797
12768
12733
12702
12669
12639
12605
12574
12541
12537
13005
12990
12973
12959
12941
12926
12909
12896
12877
12862
12845
12831
12813
12798
12781
12769
12749
12734
12717
12703
12685
12670
12653
12640
12621
12606
12589
12575
12557
12542
12538
13021
13013
13006
12997
12991
12981
12974
12965
12960
12949
12942
12933
12927
12917
12910
12901
12897
12885
12878
12869
12863
12853
12846
12837
12832
12821
12814
12805
12799
12789
12782
12773
12770
12757
12750
12741
12735
12725
12718
12709
12704
12693
12686
12677
12671
12661
12654
12645
12641
12629
12622
12613
12607
12597
12590
12581
12576
12565
12558
12549
12543
12539
13029
13025
13022
13017
13014
13009
13007
13001
12998
12993
12992
12985
12982
12977
12975
12969
12966
12961
13245
12953
12950
12945
12943
12937
12934
12929
12928
12921
12918
12913
12911
12905
12902
12898
13213
12889
12886
12881
12879
12873
12870
12865
12864
12857
12854
12849
12847
12841
12838
12833
13181
12825
12822
12817
12815
12809
12806
12801
12800
12793
12790
12785
12783
12777
12774
12771
13149
12761
12758
12753
12751
12745
12742
12737
12736
12729
12726
12721
12719
12713
12710
12705
13117
12697
12694
12689
12687
12681
12678
12673
12672
12665
12662
12657
12655
12649
12646
12642
13085
12633
12630
12625
12623
12617
12614
12609
12608
12601
12598
12593
12591
12585
12582
12577
13053
12569
12566
12561
12559
12553
12550
12545
12544
12540
13033
13031
13030
13027
13026
13023
13277
13019
13018
13015
13273
13011
13010
13008
13269
13003
13002
12999
13265
12995
12994
13262
13261
12987
12986
12983
13257
12979
12978
12976
13253
12971
12970
12967
13249
12963
12962
13246
13389
12955
12954
12951
13241
12947
12946
12944
13237
12939
12938
12935
13233
12931
12930
13230
13229
12923
12922
12919
13225
12915
12914
12912
13221
12907
12906
12903
13217
12899
13215
13214
13373
12891
12890
12887
13209
12883
12882
12880
13205
12875
12874
12871
13201
12867
12866
13198
13197
12859
12858
12855
13193
12851
12850
12848
13189
12843
12842
12839
13185
12835
12834
13182
13357
12827
12826
12823
13177
12819
12818
12816
13173
12811
12810
12807
13169
12803
12802
13166
13165
12795
12794
12791
13161
12787
12786
12784
13157
12779
12778
12775
13153
12772
13151
13150
13341
12763
12762
12759
13145
12755
12754
12752
13141
12747
12746
12743
13137
12739
12738
13134
13133
12731
12730
12727
13129
12723
12722
12720
13125
12715
12714
12711
13121
12707
12706
13118
13325
12699
12698
12695
13113
12691
12690
12688
13109
12683
12682
12679
13105
12675
12674
13102
13101
12667
12666
12663
13097
12659
12658
12656
13093
12651
12650
12647
13089
12643
13087
13086
13309
12635
12634
12631
13081
12627
12626
12624
13077
12619
12618
12615
13073
12611
12610
13070
13069
12603
12602
12599
13065
12595
12594
12592
13061
12587
12586
12583
13057
12579
12578
13054
13293
12571
12570
12567
13049
12563
12562
12560
13045
12555
12554
12551
13041
12547
12546
13038
13037
13036
13035
13034
13283
13032
13407
13470
13281
13028
13280
13406
13279
13024
13278
13405
13469
13020
13276
13404
13275
13016
13274
13403
13468
13012
13272
13402
13271
13500
13270
13401
13467
13004
13268
13400
13267
13000
13266
13399
13466
12996
13264
13398
13263
13499
13516
13397
13465
12988
13260
13396
13259
12984
13258
13395
13464
12980
13256
13394
13255
13498
13254
13393
13463
12972
13252
13392
13251
12968
13250
13391
13462
12964
13248
13390
13247
13497
13515
13524
13461
12956
13244
13388
13243
12952
13242
13387
13460
12948
13240
13386
13239
13496
13238
13385
13459
12940
13236
13384
13235
12936
13234
13383
13458
12932
13232
13382
13231
13495
13514
13381
13457
12924
13228
13380
13227
12920
13226
13379
13456
12916
13224
13378
13223
13494
13222
13377
13455
12908
13220
13376
13219
12904
13218
13375
13454
12900
13216
13374
13528
13493
13513
13523
13453
12892
13212
13372
13211
12888
13210
13371
13452
12884
13208
13370
13207
13492
13206
13369
13451
12876
13204
13368
13203
12872
13202
13367
13450
12868
13200
13366
13199
13491
13512
13365
13449
12860
13196
13364
13195
12856
13194
13363
13448
12852
13192
13362
13191
13490
13190
13361
13447
12844
13188
13360
13187
12840
13186
13359
13446
12836
13184
13358
13183
13489
13511
13522
13445
12828
13180
13356
13179
12824
13178
13355
13444
12820
13176
13354
13175
13488
13174
13353
13443
12812
13172
13352
13171
12808
13170
13351
13442
12804
13168
13350
13167
13487
13510
13349
13441
12796
13164
13348
13163
12792
13162
13347
13440
12788
13160
13346
13159
13486
13158
13345
13439
12780
13156
13344
13155
12776
13154
13343
13438
13530
13152
13342
13527
13485
13509
13521
13437
12764
13148
13340
13147
12760
13146
13339
13436
12756
13144
13338
13143
13484
13142
13337
13435
12748
13140
13336
13139
12744
13138
13335
13434
12740
13136
13334
13135
13483
13508
13333
13433
12732
13132
13332
13131
12728
13130
13331
13432
12724
13128
13330
13127
13482
13126
13329
13431
12716
13124
13328
13123
12712
13122
13327
13430
12708
13120
13326
13119
13481
13507
13520
13429
12700
13116
13324
13115
12696
13114
13323
13428
12692
13112
13322
13111
13480
13110
13321
13427
12684
13108
13320
13107
12680
13106
13319
13426
12676
13104
13318
13103
13479
13506
13317
13425
12668
13100
13316
13099
12664
13098
13315
13424
12660
13096
13314
13095
13478
13094
13313
13423
12652
13092
13312
13091
12648
13090
13311
13422
12644
13088
13310
13526
13477
13505
13519
13421
12636
13084
13308
13083
12632
13082
13307
13420
12628
13080
13306
13079
13476
13078
13305
13419
12620
13076
13304
13075
12616
13074
13303
13418
12612
13072
13302
13071
13475
13504
13301
13417
12604
13068
13300
13067
12600
13066
13299
13416
12596
13064
13298
13063
13474
13062
13297
13415
12588
13060
13296
13059
12584
13058
13295
13414
12580
13056
13294
13055
13473
13503
13518
13413
12572
13052
13292
13051
12568
13050
13291
13412
12564
13048
13290
13047
13472
13046
13289
13411
12556
13044
13288
13043
12552
13042
13287
13410
12548
13040
13286
13039
13471
13502
13285
13409
13531
13282
13284
13529
13501
13517
13525
13408
12532
