100
13365
13369
13366
13385
13370
13367
13401
13393
13386
13377
13371
13368
13409
13405
13402
13397
13394
13389
13387
13381
13378
13373
13372
13415
13413
13411
13410
13407
13406
13403
13433
13399
13398
13395
13429
13391
13390
13388
13425
13383
13382
13379
13421
13375
13374
13418
13417
13416
13439
13414
13452
13412
13438
13451
13437
13408
13436
13450
13435
13404
13434
13449
13457
13400
13432
13448
13431
13396
13430
13447
13456
13392
13428
13446
13427
13460
13426
13445
13455
13384
13424
13444
13423
13380
13422
13443
13454
13376
13420
13442
13419
13459
13462
13441
13453
13461
13463
13440
13458
13364
