100
1753
14536
28280
19996
17286
8946
4002
2794
28283
14140
26506
18457
24180
3582
6014
8914
30919
199
13852
11596
17572
151
7351
5786
17307
7247
9213
1223
13150
19301
5078
21796
7369
20700
19087
14049
21535
19060
24375
21467
20119
16414
17225
31669
28951
18354
10124
1322
15423
4324
10296
22945
31145
28021
1114
24322
20079
10662
25721
13257
22254
18674
29818
29017
12234
31484
21697
26770
4147
23751
9881
3237
22886
23077
14294
39
16246
17266
4537
30821
28492
27521
28435
27384
21996
25047
23981
14745
27899
7447
3816
20534
12414
10686
7073
26949
8677
12560
16215
27736
