100
31669
39
151
1114
1322
199
1223
1753
3237
3816
3582
2794
4324
5786
6014
4537
7073
7351
4147
7247
7369
8914
8677
8946
7447
9213
9881
10296
4002
12234
5078
10124
10662
11596
10686
12414
13852
13150
12560
14049
14294
15423
14140
14745
16215
16246
16414
17266
17225
17286
17572
18354
13257
24180
14536
17307
18457
19060
19087
19996
18674
19301
20079
20119
20700
20534
21535
21796
21996
21697
22886
22945
23981
23077
23751
21467
22254
24322
24375
25047
26506
26770
27384
27521
25721
26949
27736
28021
27899
28280
28283
28435
28951
28492
30919
29017
31145
30821
29818
31484
