100
11678
11683
11679
11699
11684
11680
11715
11707
11700
11691
11685
11681
11723
11719
11716
11711
11708
11703
11701
11695
11692
11687
11686
11682
11727
11725
11724
11721
11720
11717
11747
11713
11712
11709
11743
11705
11704
11702
11739
11697
11696
11693
11735
11689
11688
11732
11731
11730
11729
11728
11766
11726
11752
11765
11751
11722
11750
11764
11749
11718
11748
11763
11771
11714
11746
11762
11745
11710
11744
11761
11770
11706
11742
11760
11741
11774
11740
11759
11769
11698
11738
11758
11737
11694
11736
11757
11768
11690
11734
11756
11733
11773
11776
11755
11767
11775
11777
11754
11772
11753
