10000
3
6
6
6
7
16
18
18
24
24
24
28
33
37
42
44
49
51
53
54
61
63
65
67
71
72
77
85
91
105
107
111
117
117
118
118
118
120
125
127
129
134
138
139
140
145
147
148
150
153
153
164
167
170
170
171
171
173
177
180
186
187
190
192
198
199
200
201
201
202
212
212
213
214
222
223
233
239
239
240
241
241
246
247
247
251
252
260
264
266
267
279
280
285
286
287
287
287
291
292
294
296
299
303
307
322
324
327
331
339
341
345
355
356
360
362
369
374
379
382
383
384
387
389
389
389
393
398
398
399
403
406
415
415
423
429
429
432
434
440
442
444
444
455
455
456
459
462
468
474
474
478
479
483
488
492
493
496
503
510
514
515
515
517
517
520
520
521
523
525
527
533
537
537
538
540
541
550
552
554
556
559
560
568
568
568
572
576
576
581
582
583
584
585
587
589
593
599
602
604
607
610
616
616
616
616
616
617
625
626
634
637
637
639
641
641
654
655
656
664
666
666
666
669
673
673
674
679
681
685
687
690
691
692
696
699
700
703
708
711
718
724
734
738
739
740
748
749
750
758
760
760
766
767
767
768
773
781
783
785
787
788
791
793
793
793
805
807
809
811
812
813
818
820
820
824
826
829
832
835
836
845
846
849
854
858
860
867
886
886
887
887
888
896
897
898
905
911
915
916
925
926
936
938
948
953
953
955
956
964
968
971
973
974
976
979
979
980
986
995
996
997
1006
1008
1009
1010
1013
1021
1029
1029
1031
1039
1045
1046
1046
1059
1067
1073
1074
1076
1078
1083
1086
1088
1097
1099
1099
1100
1100
1102
1109
1114
1115
1116
1118
1118
1119
1119
1129
1131
1133
1137
1142
1146
1146
1149
1152
1154
1158
1161
1164
1165
1168
1169
1172
1176
1180
1181
1181
1184
1184
1185
1187
1190
1196
1203
1207
1210
1233
1236
1238
1242
1246
1256
1256
1260
1261
1261
1266
1266
1267
1267
1270
1272
1276
1277
1281
1286
1289
1291
1298
1298
1299
1301
1311
1317
1325
1332
1338
1342
1343
1348
1349
1351
1353
1359
1359
1359
1367
1368
1371
1388
1397
1402
1404
1406
1412
1414
1426
1430
1430
1433
1435
1440
1444
1447
1454
1456
1459
1459
1463
1463
1465
1473
1487
1488
1489
1489
1491
1513
1513
1515
1515
1515
1520
1520
1521
1541
1548
1556
1560
1560
1564
1570
1571
1574
1576
1585
1586
1590
1591
1591
1595
1596
1597
1598
1599
1604
1604
1604
1608
1614
1615
1617
1620
1628
1629
1636
1638
1638
1638
1642
1644
1645
1646
1652
1656
1663
1663
1665
1670
1673
1674
1679
1687
1690
1695
1695
1697
1701
1706
1707
1708
1708
1709
1712
1720
1724
1725
1725
1725
1734
1735
1747
1753
1758
1763
1770
1779
1780
1783
1783
1786
1787
1787
1796
1799
1800
1804
1806
1808
1809
1810
1810
1814
1818
1824
1828
1834
1836
1845
1847
1847
1855
1855
1856
1858
1872
1874
1877
1877
1881
1882
1886
1886
1888
1888
1889
1890
1892
1899
1912
1912
1912
1912
1915
1918
1920
1923
1927
1932
1936
1942
1951
1965
1974
1975
1979
1983
1986
1987
1991
2001
2005
2008
2008
2019
2024
2027
2029
2032
2047
2049
2052
2060
2074
2076
2080
2080
2096
2098
2098
2099
2099
2101
2102
2104
2104
2110
2112
2114
2115
2119
2121
2131
2135
2136
2137
2140
2142
2144
2146
2148
2148
2156
2162
2163
2178
2181
2182
2183
2183
2196
2200
2202
2202
2205
2206
2208
2210
2220
2226
2230
2234
2235
2235
2238
2242
2246
2250
2252
2253
2254
2255
2259
2265
2272
2274
2274
2274
2280
2282
2283
2296
2299
2302
2303
2306
2306
2307
2311
2313
2317
2317
2318
2321
2323
2331
2333
2351
2354
2355
2356
2356
2358
2363
2366
2367
2368
2368
2370
2371
2374
2375
2384
2387
2389
2389
2391
2392
2399
2401
2407
2418
2419
2420
2421
2423
2430
2431
2431
2433
2438
2439
2448
2456
2459
2461
2461
2465
2468
2473
2477
2478
2481
2491
2494
2527
2528
2529
2531
2531
2535
2540
2541
2541
2543
2548
2553
2554
2555
2559
2564
2566
2574
2576
2577
2578
2579
2581
2582
2586
2590
2601
2601
2608
2609
2610
2611
2622
2624
2625
2625
2625
2628
2629
2635
2636
2636
2637
2641
2642
2649
2651
2656
2660
2670
2672
2672
2675
2676
2676
2680
2681
2682
2684
2685
2686
2692
2697
2698
2701
2703
2707
2708
2711
2713
2720
2724
2724
2725
2728
2729
2731
2732
2746
2751
2759
2759
2761
2763
2765
2774
2777
2777
2780
2786
2787
2789
2789
2790
2795
2808
2809
2813
2813
2817
2821
2821
2821
2830
2831
2832
2835
2836
2840
2855
2855
2874
2877
2881
2881
2884
2885
2889
2894
2904
2907
2907
2913
2914
2921
2921
2927
2927
2928
2929
2934
2942
2942
2944
2949
2958
2961
2961
2962
2969
2981
2982
2984
2986
2986
2993
2993
2995
2999
3001
3001
3002
3003
3007
3008
3010
3014
3016
3029
3030
3035
3044
3044
3049
3051
3061
3066
3066
3068
3070
3075
3079
3088
3090
3091
3091
3092
3092
3095
3098
3107
3109
3116
3118
3119
3123
3124
3125
3127
3129
3135
3136
3139
3141
3147
3147
3150
3152
3152
3153
3155
3156
3158
3161
3166
3168
3168
3173
3173
3175
3189
3190
3191
3191
3194
3200
3201
3213
3217
3218
3221
3222
3223
3225
3226
3229
3234
3238
3239
3244
3247
3247
3253
3257
3260
3261
3261
3267
3268
3273
3274
3282
3290
3292
3296
3297
3297
3299
3301
3301
3302
3305
3308
3309
3311
3314
3317
3326
3328
3328
3332
3341
3342
3342
3345
3346
3348
3349
3350
3350
3360
3365
3365
3369
3378
3381
3385
3389
3398
3400
3402
3402
3404
3410
3414
3416
3418
3419
3420
3426
3427
3427
3428
3431
3438
3438
3439
3439
3439
3447
3450
3451
3455
3457
3463
3483
3486
3488
3505
3512
3512
3515
3517
3522
3523
3535
3546
3546
3552
3558
3561
3561
3563
3571
3580
3582
3584
3587
3591
3593
3594
3597
3597
3601
3602
3607
3611
3613
3614
3616
3617
3619
3633
3634
3635
3636
3637
3638
3640
3640
3651
3657
3657
3663
3666
3680
3680
3682
3687
3696
3705
3706
3708
3712
3715
3717
3718
3718
3719
3723
3734
3737
3737
3739
3741
3742
3744
3745
3749
3750
3756
3761
3761
3763
3778
3786
3786
3787
3789
3791
3805
3806
3808
3809
3809
3814
3815
3818
3818
3821
3827
3836
3840
3844
3848
3853
3854
3861
3864
3867
3885
3886
3890
3890
3892
3895
3914
3914
3918
3919
3924
3925
3926
3927
3934
3943
3943
3943
3944
3946
3952
3963
3966
3966
3975
3981
3988
3993
3997
3997
4000
4001
4002
4012
4014
4021
4037
4039
4039
4041
4043
4044
4045
4049
4050
4054
4054
4056
4057
4058
4060
4062
4068
4074
4078
4080
4081
4082
4083
4083
4093
4096
4097
4099
4099
4103
4106
4109
4109
4111
4112
4113
4119
4125
4128
4134
4136
4136
4137
4138
4138
4140
4141
4147
4154
4155
4156
4163
4165
4165
4172
4172
4177
4183
4186
4186
4190
4190
4191
4192
4197
4200
4201
4205
4207
4208
4209
4209
4210
4216
4217
4221
4225
4226
4230
4235
4242
4243
4246
4251
4255
4256
4262
4264
4266
4269
4275
4278
4278
4279
4279
4281
4291
4294
4299
4302
4308
4312
4316
4321
4322
4335
4339
4340
4341
4345
4345
4345
4345
4347
4348
4348
4351
4363
4365
4369
4372
4377
4377
4378
4382
4386
4390
4394
4397
4399
4400
4401
4402
4405
4409
4412
4414
4415
4418
4420
4423
4430
4434
4435
4435
4439
4440
4445
4449
4451
4454
4467
4469
4472
4474
4477
4480
4487
4492
4496
4498
4503
4509
4512
4513
4517
4517
4522
4529
4531
4531
4535
4540
4546
4552
4555
4561
4564
4569
4570
4572
4576
4579
4580
4581
4584
4584
4585
4586
4602
4605
4606
4606
4611
4611
4616
4617
4627
4627
4628
4629
4631
4635
4635
4637
4646
4650
4653
4654
4664
4665
4669
4672
4674
4684
4684
4688
4689
4693
4694
4698
4699
4700
4705
4711
4717
4718
4720
4724
4725
4729
4735
4735
4740
4757
4762
4762
4763
4772
4782
4784
4784
4789
4790
4794
4799
4805
4807
4808
4812
4818
4820
4826
4827
4828
4829
4830
4837
4838
4839
4840
4867
4870
4882
4883
4884
4884
4891
4893
4895
4895
4896
4897
4899
4901
4902
4904
4906
4919
4920
4925
4928
4930
4943
4943
4945
4948
4948
4953
4953
4953
4955
4963
4967
4968
4969
4970
4974
4982
4989
4992
4995
4997
4999
5000
5001
5002
5003
5003
5009
5010
5010
5010
5012
5014
5018
5020
5021
5022
5023
5023
5024
5024
5025
5027
5030
5032
5032
5040
5040
5041
5045
5050
5057
5061
5063
5065
5067
5070
5071
5072
5082
5082
5087
5089
5089
5095
5096
5097
5101
5102
5102
5112
5115
5119
5122
5135
5140
5141
5141
5143
5150
5151
5152
5160
5161
5165
5167
5178
5183
5185
5186
5196
5200
5201
5201
5203
5205
5212
5215
5216
5218
5220
5223
5224
5224
5230
5245
5248
5257
5264
5265
5270
5271
5273
5276
5280
5282
5283
5286
5296
5297
5298
5305
5306
5306
5306
5310
5311
5313
5314
5319
5320
5322
5323
5329
5333
5333
5336
5340
5347
5351
5355
5356
5360
5361
5366
5366
5367
5372
5372
5375
5383
5389
5389
5389
5395
5396
5397
5398
5402
5404
5405
5421
5422
5422
5427
5430
5434
5438
5440
5443
5447
5449
5450
5451
5455
5457
5458
5466
5475
5481
5483
5490
5496
5498
5499
5502
5506
5507
5522
5527
5527
5527
5529
5537
5537
5539
5539
5544
5545
5549
5549
5550
5550
5551
5553
5554
5564
5566
5569
5576
5577
5579
5583
5587
5589
5592
5593
5597
5597
5598
5600
5601
5602
5602
5608
5609
5612
5613
5615
5619
5624
5625
5628
5635
5638
5638
5639
5640
5642
5643
5644
5647
5650
5651
5657
5660
5661
5666
5667
5667
5678
5679
5682
5683
5684
5686
5686
5689
5689
5694
5695
5697
5698
5707
5707
5709
5713
5716
5717
5719
5719
5721
5724
5728
5728
5731
5732
5739
5741
5742
5749
5753
5754
5756
5757
5758
5760
5762
5766
5769
5776
5778
5780
5783
5783
5783
5784
5786
5789
5791
5793
5794
5797
5798
5802
5807
5808
5808
5808
5813
5814
5815
5818
5820
5824
5824
5826
5832
5837
5838
5842
5851
5853
5856
5859
5861
5865
5865
5866
5868
5870
5872
5875
5875
5879
5880
5884
5891
5891
5896
5899
5909
5913
5919
5921
5924
5929
5930
5930
5932
5933
5938
5939
5941
5942
5943
5945
5952
5961
5968
5970
5972
5974
5976
5977
5977
5980
5980
5980
5983
5985
5987
5989
5992
5993
5998
6000
6001
6013
6015
6016
6019
6020
6023
6027
6027
6038
6043
6046
6048
6050
6057
6063
6066
6070
6078
6082
6084
6084
6085
6088
6090
6092
6092
6093
6108
6109
6111
6112
6112
6118
6119
6120
6122
6123
6127
6129
6130
6140
6142
6145
6159
6159
6159
6161
6161
6164
6164
6165
6179
6180
6182
6182
6205
6205
6206
6208
6208
6214
6216
6216
6219
6222
6224
6224
6224
6226
6229
6229
6234
6237
6243
6246
6248
6262
6266
6268
6272
6278
6279
6281
6283
6287
6289
6292
6309
6310
6310
6320
6320
6320
6321
6323
6325
6325
6329
6336
6347
6348
6350
6352
6356
6359
6361
6368
6369
6374
6385
6386
6388
6391
6394
6399
6400
6403
6404
6405
6406
6408
6409
6411
6414
6417
6419
6419
6419
6420
6421
6424
6424
6426
6444
6447
6450
6461
6466
6467
6474
6476
6482
6490
6490
6492
6494
6495
6496
6499
6500
6500
6501
6505
6507
6512
6515
6515
6519
6520
6525
6529
6532
6535
6536
6541
6552
6553
6555
6561
6562
6569
6570
6571
6575
6576
6577
6580
6581
6584
6586
6591
6593
6598
6608
6613
6615
6620
6625
6627
6630
6631
6634
6635
6635
6636
6641
6642
6644
6645
6650
6651
6657
6658
6659
6661
6662
6663
6666
6673
6679
6680
6680
6684
6685
6686
6695
6696
6701
6701
6703
6707
6709
6713
6714
6717
6727
6733
6748
6748
6750
6751
6752
6755
6761
6767
6772
6776
6784
6786
6786
6787
6788
6798
6800
6805
6807
6814
6815
6816
6819
6819
6821
6822
6830
6835
6845
6845
6849
6858
6858
6860
6873
6882
6884
6886
6886
6898
6900
6900
6912
6917
6924
6925
6928
6930
6932
6933
6935
6945
6946
6949
6954
6955
6960
6962
6963
6964
6965
6968
6973
6982
6983
6985
6994
6995
6995
6996
6996
7002
7003
7008
7011
7012
7013
7014
7021
7025
7027
7030
7033
7042
7050
7052
7059
7060
7061
7066
7068
7069
7071
7071
7073
7076
7088
7093
7094
7099
7100
7109
7110
7117
7118
7120
7125
7127
7128
7128
7134
7134
7139
7139
7144
7144
7149
7153
7154
7157
7167
7176
7181
7191
7195
7195
7213
7215
7219
7222
7229
7238
7242
7248
7250
7254
7255
7257
7259
7261
7267
7267
7270
7270
7277
7278
7278
7279
7281
7282
7297
7299
7299
7302
7304
7317
7317
7322
7326
7332
7333
7337
7342
7347
7351
7355
7356
7356
7366
7367
7376
7376
7383
7383
7386
7391
7396
7397
7413
7413
7416
7419
7421
7422
7422
7424
7428
7437
7438
7438
7439
7440
7440
7444
7447
7449
7449
7450
7456
7456
7462
7467
7469
7473
7475
7475
7486
7487
7493
7495
7497
7498
7501
7501
7507
7507
7509
7510
7511
7513
7523
7524
7526
7528
7528
7528
7534
7536
7536
7536
7536
7538
7544
7545
7551
7557
7566
7567
7567
7568
7574
7583
7587
7588
7589
7591
7592
7593
7594
7595
7600
7603
7605
7609
7611
7619
7619
7629
7630
7630
7636
7640
7641
7642
7643
7644
7646
7649
7650
7650
7658
7662
7667
7668
7672
7673
7675
7676
7680
7681
7682
7685
7685
7687
7689
7696
7706
7712
7718
7723
7724
7726
7732
7733
7737
7740
7742
7748
7755
7761
7765
7767
7768
7768
7772
7774
7775
7776
7778
7779
7786
7790
7794
7797
7802
7802
7805
7816
7818
7819
7820
7822
7825
7825
7827
7827
7830
7840
7841
7846
7848
7850
7856
7859
7862
7863
7866
7872
7874
7875
7877
7879
7879
7881
7896
7896
7897
7902
7902
7905
7907
7910
7915
7921
7925
7926
7927
7930
7933
7934
7935
7935
7937
7938
7938
7938
7940
7946
7948
7953
7954
7958
7962
7962
7963
7967
7969
7970
7984
7985
7993
7996
7997
7998
7999
8010
8013
8017
8019
8024
8026
8027
8029
8030
8032
8035
8037
8039
8044
8052
8057
8058
8060
8061
8069
8072
8074
8078
8079
8084
8085
8093
8097
8101
8102
8105
8116
8123
8127
8127
8135
8136
8144
8146
8148
8149
8150
8158
8158
8159
8160
8174
8174
8178
8183
8196
8200
8206
8206
8210
8211
8213
8214
8215
8216
8216
8221
8230
8233
8235
8240
8243
8245
8246
8247
8248
8252
8254
8255
8255
8255
8256
8262
8264
8271
8276
8277
8277
8278
8281
8283
8283
8287
8303
8305
8309
8313
8313
8314
8315
8315
8319
8319
8323
8325
8326
8328
8331
8336
8336
8338
8340
8342
8346
8350
8351
8351
8356
8356
8357
8358
8360
8361
8366
8371
8374
8375
8377
8389
8396
8399
8399
8402
8404
8404
8404
8420
8420
8423
8424
8428
8436
8439
8440
8445
8446
8446
8450
8456
8464
8466
8480
8483
8484
8486
8490
8490
8492
8500
8501
8506
8510
8517
8525
8526
8527
8528
8528
8530
8531
8534
8537
8544
8545
8548
8548
8552
8562
8565
8571
8572
8578
8580
8583
8585
8589
8592
8594
8600
8603
8617
8619
8621
8622
8622
8622
8627
8628
8635
8635
8639
8641
8643
8643
8644
8647
8647
8662
8666
8667
8670
8671
8678
8678
8683
8684
8685
8693
8705
8713
8719
8724
8729
8734
8737
8740
8749
8763
8767
8775
8775
8776
8778
8778
8781
8782
8786
8791
8792
8792
8799
8803
8804
8804
8807
8810
8815
8816
8816
8818
8823
8824
8826
8827
8828
8828
8832
8837
8838
8838
8844
8852
8853
8854
8854
8855
8856
8859
8864
8864
8868
8872
8874
8876
8878
8882
8883
8883
8894
8894
8896
8901
8903
8907
8912
8924
8926
8927
8929
8935
8940
8943
8944
8951
8953
8954
8966
8978
8981
8983
8991
8998
9000
9014
9025
9039
9045
9045
9048
9052
9053
9056
9056
9077
9078
9080
9080
9083
9084
9085
9086
9092
9097
9104
9122
9125
9126
9134
9137
9140
9142
9143
9149
9158
9166
9168
9169
9171
9172
9182
9183
9186
9191
9205
9205
9207
9209
9220
9223
9226
9226
9240
9244
9245
9247
9249
9249
9250
9250
9252
9259
9260
9262
9264
9264
9268
9271
9272
9274
9274
9280
9282
9286
9287
9289
9292
9297
9300
9302
9304
9305
9307
9309
9311
9313
9313
9315
9317
9323
9329
9332
9332
9335
9338
9347
9348
9351
9361
9366
9370
9371
9372
9382
9388
9394
9397
9407
9411
9411
9417
9417
9419
9425
9428
9429
9430
9432
9438
9440
9444
9446
9449
9462
9463
9463
9463
9464
9467
9467
9468
9482
9484
9485
9487
9492
9494
9506
9513
9513
9515
9518
9524
9526
9534
9537
9540
9545
9547
9549
9549
9549
9549
9549
9550
9550
9550
9550
9552
9553
9555
9557
9559
9563
9564
9567
9571
9574
9575
9583
9587
9590
9603
9603
9604
9608
9610
9612
9619
9627
9630
9632
9634
9634
9636
9637
9642
9642
9645
9654
9655
9663
9670
9672
9672
9680
9681
9681
9681
9691
9694
9699
9701
9715
9716
9717
9717
9720
9722
9724
9725
9730
9734
9747
9750
9753
9753
9756
9758
9758
9760
9765
9768
9770
9779
9781
9782
9786
9790
9792
9793
9796
9804
9806
9807
9814
9824
9826
9827
9831
9834
9839
9839
9840
9843
9856
9858
9860
9861
9861
9862
9868
9876
9878
9878
9883
9883
9883
9887
9888
9888
9889
9890
9895
9896
9897
9898
9899
9902
9904
9905
9911
9914
9915
9924
9928
9936
9936
9942
9944
9945
9946
9949
9951
9952
9957
9959
9968
9975
9976
9988
9997
9998
10000
10003
10003
10005
10007
10008
10008
10017
10023
10026
10026
10027
10030
10034
10036
10040
10041
10042
10046
10047
10048
10052
10053
10055
10055
10055
10057
10057
10062
10065
10069
10070
10073
10081
10090
10090
10093
10095
10095
10102
10105
10108
10109
10110
10118
10123
10135
10138
10155
10157
10158
10158
10162
10171
10172
10173
10173
10183
10191
10194
10194
10194
10196
10196
10208
10213
10213
10214
10218
10223
10228
10235
10239
10239
10239
10243
10244
10244
10252
10253
10256
10264
10265
10268
10269
10278
10278
10280
10280
10283
10283
10283
10284
10284
10285
10288
10291
10292
10294
10297
10298
10300
10301
10303
10304
10310
10313
10314
10314
10315
10316
10317
10321
10323
10324
10330
10332
10332
10335
10336
10337
10338
10340
10340
10340
10345
10345
10357
10360
10366
10371
10379
10381
10386
10395
10397
10404
10407
10408
10411
10412
10415
10418
10421
10426
10427
10428
10429
10431
10437
10439
10442
10448
10449
10452
10464
10466
10467
10468
10472
10473
10474
10475
10477
10488
10488
10493
10494
10501
10502
10515
10517
10521
10524
10538
10539
10543
10545
10546
10559
10559
10564
10566
10568
10568
10570
10577
10579
10581
10586
10587
10593
10593
10603
10604
10610
10610
10613
10616
10616
10634
10636
10638
10639
10648
10650
10650
10653
10654
10655
10659
10661
10663
10664
10671
10672
10673
10674
10676
10677
10682
10683
10684
10689
10694
10694
10699
10701
10701
10702
10707
10721
10722
10726
10728
10729
10732
10733
10737
10740
10746
10754
10758
10760
10768
10773
10776
10783
10784
10787
10792
10793
10793
10794
10795
10798
10798
10800
10802
10803
10810
10815
10820
10821
10823
10824
10829
10833
10834
10845
10852
10852
10856
10860
10860
10863
10865
10869
10874
10876
10880
10885
10885
10886
10891
10892
10892
10893
10895
10897
10898
10902
10905
10906
10910
10914
10921
10924
10927
10927
10928
10932
10936
10938
10941
10958
10960
10963
10964
10967
10968
10970
10972
10974
10974
10982
10983
10985
10985
10985
10987
10988
10991
10993
10995
10996
11002
11002
11007
11008
11008
11009
11012
11012
11014
11018
11025
11032
11036
11048
11053
11053
11056
11057
11060
11060
11064
11066
11067
11068
11068
11075
11083
11084
11085
11088
11093
11096
11101
11102
11104
11105
11108
11109
11111
11112
11116
11119
11121
11122
11122
11126
11133
11134
11134
11141
11142
11146
11150
11151
11151
11155
11156
11157
11159
11159
11167
11175
11177
11185
11191
11197
11198
11204
11212
11213
11215
11216
11220
11221
11223
11225
11235
11238
11239
11239
11244
11248
11252
11253
11260
11263
11264
11268
11271
11272
11274
11275
11279
11281
11282
11293
11295
11304
11307
11308
11313
11314
11320
11323
11326
11328
11330
11334
11341
11342
11347
11354
11356
11359
11363
11370
11377
11379
11385
11397
11399
11400
11401
11402
11407
11412
11423
11429
11430
11434
11443
11444
11445
11446
11446
11447
11449
11453
11454
11458
11461
11468
11468
11470
11471
11476
11478
11484
11485
11485
11488
11490
11491
11493
11494
11495
11496
11505
11510
11511
11511
11518
11523
11523
11530
11530
11531
11533
11534
11538
11539
11544
11548
11556
11556
11557
11557
11559
11560
11561
11562
11563
11563
11564
11568
11574
11578
11579
11585
11586
11587
11588
11600
11603
11607
11609
11620
11626
11630
11631
11635
11640
11642
11645
11646
11647
11649
11650
11650
11656
11661
11661
11662
11663
11665
11666
11670
11678
11682
11687
11688
11695
11698
11699
11705
11707
11710
11711
11714
11716
11723
11723
11723
11733
11736
11737
11741
11745
11747
11749
11751
11752
11752
11761
11762
11762
11763
11764
11765
11773
11777
11782
11784
11786
11787
11788
11788
11788
11789
11789
11790
11796
11797
11797
11797
11800
11802
11803
11808
11811
11815
11816
11834
11837
11838
11853
11859
11859
11860
11864
11865
11866
11870
11871
11873
11880
11882
11883
11886
11891
11900
11904
11905
11906
11912
11915
11917
11925
11926
11931
11934
11942
11946
11950
11951
11954
11954
11955
11963
11963
11968
11969
11973
11973
11977
11977
11977
11979
11979
11981
11981
11990
11994
11998
11998
12010
12021
12029
12030
12033
12035
12038
12040
12045
12049
12056
12058
12061
12063
12064
12068
12070
12080
12087
12091
12096
12096
12100
12102
12111
12111
12113
12114
12116
12121
12122
12126
12126
12130
12132
12132
12141
12145
12145
12146
12148
12160
12161
12162
12163
12169
12173
12175
12182
12193
12194
12195
12196
12199
12203
12203
12207
12208
12209
12212
12216
12217
12218
12223
12224
12226
12227
12230
12232
12232
12235
12240
12248
12257
12265
12266
12272
12274
12275
12277
12279
12282
12283
12289
12292
12292
12294
12297
12300
12304
12305
12307
12309
12316
12318
12321
12323
12323
12324
12328
12332
12333
12335
12340
12341
12342
12343
12344
12344
12345
12346
12351
12352
12352
12354
12356
12357
12357
12365
12365
12370
12373
12383
12386
12389
12394
12394
12396
12398
12408
12411
12415
12423
12427
12427
12432
12438
12438
12443
12446
12454
12457
12457
12459
12461
12463
12468
12471
12474
12477
12479
12481
12481
12489
12491
12493
12497
12523
12524
12527
12530
12532
12532
12539
12542
12543
12547
12553
12553
12553
12568
12570
12573
12573
12574
12579
12584
12586
12592
12593
12597
12612
12617
12618
12618
12620
12628
12628
12630
12631
12632
12635
12638
12641
12644
12645
12652
12663
12667
12668
12669
12672
12675
12676
12679
12681
12682
12684
12685
12685
12686
12695
12699
12706
12707
12708
12708
12710
12713
12715
12716
12717
12721
12724
12733
12734
12737
12738
12738
12745
12745
12745
12748
12749
12750
12751
12754
12756
12761
12763
12765
12766
12768
12770
12771
12777
12780
12786
12787
12798
12809
12810
12815
12818
12820
12829
12831
12834
12836
12836
12836
12841
12843
12845
12846
12850
12852
12854
12854
12855
12856
12869
12872
12878
12878
12887
12888
12889
12890
12891
12891
12892
12895
12907
12911
12923
12924
12925
12927
12927
12930
12934
12936
12937
12937
12941
12942
12944
12944
12949
12955
12955
12955
12960
12966
12966
12967
12968
12970
12979
12983
12995
12996
13001
13011
13013
13014
13014
13017
13017
13022
13025
13026
13036
13037
13037
13040
13045
13046
13050
13058
13061
13062
13063
13064
13077
13079
13080
13084
13085
13089
13089
13089
13089
13090
13095
13096
13099
13105
13105
13109
13110
13110
13110
13125
13127
13127
13132
13132
13132
13145
13150
13151
13151
13154
13155
13161
13169
13171
13173
13174
13176
13176
13192
13202
13204
13212
13213
13215
13223
13225
13228
13228
13231
13233
13238
13243
13244
13253
13254
13263
13265
13265
13267
13267
13276
13277
13278
13279
13280
13281
13283
13284
13285
13290
13291
13292
13292
13296
13296
13299
13300
13300
13304
13305
13307
13310
13314
13324
13329
13337
13343
13343
13343
13346
13348
13355
13357
13365
13370
13371
13378
13383
13386
13389
13391
13391
13391
13394
13398
13398
13403
13403
13405
13407
13411
13412
13417
13419
13423
13426
13428
13428
13430
13436
13436
13447
13450
13469
13469
13470
13472
13480
13481
13484
13484
13488
13499
13504
13506
13507
13511
13511
13511
13514
13515
13517
13524
13524
13526
13532
13535
13536
13536
13541
13545
13546
13547
13548
13559
13559
13561
13570
13574
13576
13579
13581
13583
13586
13586
13587
13589
13589
13591
13591
13595
13599
13603
13604
13605
13610
13613
13623
13624
13626
13629
13648
13649
13661
13663
13675
13675
13677
13677
13677
13681
13681
13685
13692
13699
13701
13704
13708
13708
13712
13721
13723
13727
13729
13732
13733
13736
13737
13744
13746
13751
13757
13757
13758
13759
13760
13763
13769
13774
13780
13782
13784
13785
13786
13787
13790
13792
13793
13794
13794
13807
13810
13812
13816
13820
13825
13825
13828
13828
13829
13829
13831
13832
13839
13840
13847
13847
13850
13853
13853
13857
13857
13859
13864
13877
13879
13879
13880
13883
13884
13887
13900
13901
13901
13901
13902
13904
13906
13907
13909
13910
13914
13919
13923
13923
13926
13940
13944
13944
13944
13952
13953
13964
13967
13973
13988
13990
13992
13993
13994
13995
13997
14004
14007
14015
14016
14021
14023
14024
14029
14036
14042
14045
14047
14047
14048
14053
14054
14055
14060
14064
14069
14070
14073
14075
14079
14079
14088
14093
14095
14096
14097
14100
14100
14108
14110
14116
14117
14120
14122
14122
14133
14134
14147
14151
14151
14151
14162
14163
14166
14167
14167
14172
14174
14177
14183
14191
14193
14200
14206
14207
14209
14209
14211
14213
14224
14224
14225
14225
14227
14229
14231
14231
14234
14239
14249
14250
14250
14251
14257
14262
14264
14277
14277
14281
14284
14284
14287
14289
14291
14301
14304
14306
14307
14308
14308
14311
14311
14316
14319
14320
14322
14331
14339
14339
14341
14342
14343
14343
14349
14362
14363
14363
14367
14369
14371
14377
14380
14382
14382
14385
14386
14387
14390
14403
14409
14410
14410
14412
14415
14417
14420
14420
14421
14428
14428
14430
14447
14450
14454
14455
14460
14467
14470
14470
14479
14479
14481
14482
14485
14489
14494
14500
14500
14501
14502
14505
14506
14508
14508
14509
14512
14513
14514
14515
14516
14518
14518
14521
14525
14526
14537
14537
14537
14552
14554
14559
14577
14579
14583
14583
14584
14586
14587
14592
14595
14597
14616
14616
14620
14621
14629
14630
14633
14642
14649
14650
14651
14652
14653
14653
14656
14657
14659
14662
14666
14668
14669
14671
14676
14677
14679
14686
14686
14687
14688
14691
14705
14706
14708
14711
14715
14719
14724
14730
14733
14751
14753
14758
14760
14762
14762
14763
14775
14778
14780
14781
14783
14783
14785
14785
14788
14792
14795
14797
14798
14799
14803
14804
14810
14815
14817
14818
14818
14822
14823
14835
14842
14843
14847
14852
14853
14859
14862
14862
14867
14882
14886
14896
14896
14903
14903
14904
14905
14914
14921
14924
14930
14931
14936
14950
14951
14952
14970
14974
14975
14977
14980
14982
14993
14993
14994
14995
14997
14998
15010
15010
15024
15029
15031
15032
15037
15041
15044
15044
15053
15054
15056
15056
15060
15074
15074
15076
15077
15078
15079
15086
15086
15089
15092
15094
15097
15097
15098
15102
15103
15108
15115
15117
15123
15125
15125
15128
15129
15134
15135
15136
15144
15146
15152
15154
15156
15160
15161
15164
15176
15185
15192
15195
15198
15199
15205
15209
15209
15212
15215
15215
15222
15233
15236
15238
15244
15247
15250
15252
15260
15261
15265
15269
15271
15273
15275
15280
15284
15288
15289
15291
15296
15300
15303
15306
15314
15324
15328
15330
15338
15342
15349
15353
15354
15356
15361
15362
15363
15375
15375
15377
15378
15381
15386
15391
15391
15399
15403
15404
15409
15410
15417
15418
15421
15426
15426
15437
15445
15448
15448
15452
15453
15457
15461
15462
15462
15467
15470
15472
15474
15480
15480
15482
15483
15493
15495
15497
15501
15504
15519
15521
15525
15525
15535
15542
15545
15557
15561
15562
15565
15571
15575
15576
15579
15579
15581
15583
15584
15586
15591
15593
15594
15596
15600
15602
15603
15604
15605
15605
15606
15608
15609
15610
15616
15618
15624
15624
15627
15629
15631
15638
15642
15647
15648
15649
15650
15654
15656
15658
15660
15660
15661
15662
15663
15668
15675
15683
15686
15689
15690
15700
15703
15710
15712
15717
15726
15734
15735
15737
15738
15740
15740
15744
15745
15751
15756
15759
15761
15770
15775
15776
15786
15786
15791
15793
15795
15795
15795
15795
15796
15798
15801
15803
15805
15809
15812
15812
15817
15818
15821
15823
15825
15827
15829
15830
15832
15838
15838
15839
15840
15843
15846
15847
15847
15848
15848
15849
15849
15854
15859
15860
15861
15864
15867
15868
15874
15877
15880
15883
15886
15886
15891
15891
15895
15899
15908
15911
15916
15920
15920
15921
15923
15926
15932
15932
15933
15938
15943
15944
15948
15948
15950
15952
15953
15954
15956
15957
15965
15966
15971
15978
15983
15987
15992
15998
16003
16007
16008
16008
16019
16019
16022
16025
16028
16032
16033
16035
16040
16042
16043
16048
16052
16058
16062
16062
16070
16075
16076
16081
16085
16089
16097
16099
16104
16111
16113
16115
16118
16118
16120
16121
16125
16133
16133
16136
16140
16146
16146
16153
16155
16163
16172
16172
16173
16175
16176
16183
16191
16195
16199
16199
16201
16206
16206
16208
16208
16210
16210
16214
16216
16219
16222
16224
16228
16238
16241
16246
16247
16251
16264
16269
16272
16275
16277
16282
16288
16294
16294
16303
16311
16312
16313
16313
16327
16327
16328
16331
16337
16338
16338
16341
16346
16349
16369
16371
16372
16376
16376
16379
16389
16389
16392
16398
16400
16403
16404
16406
16408
16412
16415
16415
16421
16424
16432
16432
16435
16437
16438
16447
16448
16449
16452
16454
16456
16460
16466
16468
16468
16469
16470
16471
16477
16481
16491
16494
16498
16500
16500
16504
16506
16508
16515
16516
16522
16530
16531
16538
16539
16539
16545
16549
16557
16558
16564
16566
16571
16573
16579
16580
16580
16585
16587
16590
16592
16600
16600
16603
16604
16606
16607
16607
16611
16615
16616
16616
16627
16634
16638
16640
16643
16654
16655
16659
16660
16663
16666
16667
16671
16672
16674
16678
16678
16679
16680
16683
16683
16690
16693
16696
16697
16701
16702
16702
16704
16706
16707
16708
16709
16720
16721
16730
16730
16731
16734
16736
16741
16745
16755
16769
16775
16778
16780
16784
16788
16789
16792
16800
16800
16802
16809
16814
16820
16822
16824
16826
16829
16834
16834
16835
16839
16841
16852
16853
16855
16864
16874
16877
16878
16878
16879
16880
16882
16882
16884
16893
16894
16895
16895
16902
16904
16907
16907
16909
16917
16925
16934
16935
16936
16940
16941
16941
16943
16949
16950
16950
16953
16954
16956
16956
16957
16959
16978
16980
16988
16988
16990
16996
16997
16997
16999
17000
17000
17001
17005
17009
17017
17025
17025
17026
17032
17045
17052
17057
17065
17065
17067
17069
17071
17075
17076
17084
17085
17086
17086
17088
17091
17097
17103
17103
17105
17107
17114
17114
17121
17125
17127
17130
17132
17133
17141
17143
17144
17156
17161
17169
17169
17173
17174
17176
17179
17181
17185
17193
17201
17203
17208
17215
17219
17228
17232
17239
17243
17244
17245
17253
17257
17259
17259
17263
17266
17267
17268
17272
17275
17279
17280
17280
17281
17282
17295
17296
17299
17300
17302
17302
17308
17312
17319
17321
17325
17334
17341
17342
17342
17343
17345
17346
17348
17357
17363
17364
17372
17377
17378
17384
17392
17392
17398
17401
17401
17401
17401
17402
17403
17403
17417
17423
17423
17424
17433
17437
17444
17451
17451
17454
17457
17460
17461
17462
17464
17465
17472
17475
17476
17483
17484
17484
17497
17500
17501
17507
17508
17511
17512
17515
17516
17518
17521
17530
17534
17539
17541
17544
17546
17554
17557
17558
17558
17563
17563
17567
17579
17583
17584
17585
17589
17591
17599
17603
17604
17612
17619
17619
17629
17630
17637
17638
17639
17640
17642
17645
17651
17655
17661
17662
17662
17666
17667
17667
17668
17671
17674
17682
17685
17685
17685
17692
17692
17697
17699
17699
17701
17702
17703
17719
17719
17720
17721
17729
17733
17735
17753
17753
17754
17758
17765
17766
17767
17768
17772
17773
17780
17780
17781
17788
17789
17789
17790
17795
17797
17800
17801
17806
17807
17811
17811
17812
17815
17818
17820
17820
17823
17824
17831
17842
17845
17845
17845
17850
17853
17859
17866
17871
17872
17872
17880
17885
17885
17886
17893
17895
17897
17908
17909
17910
17915
17922
17924
17924
17927
17934
17942
17946
17946
17948
17951
17952
17952
17953
17956
17959
17960
17967
17967
17973
17977
17979
17984
17989
17990
17993
17998
17999
17999
17999
18005
18009
18014
18014
18020
18028
18030
18030
18034
18035
18035
18044
18044
18046
18052
18054
18054
18055
18056
18061
18067
18067
18069
18073
18075
18080
18080
18083
18086
18089
18095
18098
18099
18100
18105
18109
18115
18116
18120
18122
18128
18132
18138
18144
18146
18157
18170
18175
18180
18182
18183
18190
18192
18203
18211
18215
18216
18219
18222
18223
18227
18229
18230
18234
18240
18249
18250
18252
18255
18257
18258
18266
18267
18270
18273
18274
18277
18284
18284
18289
18289
18290
18291
18291
18292
18293
18294
18295
18296
18302
18306
18309
18313
18314
18315
18317
18317
18317
18320
18322
18322
18329
18330
18334
18334
18336
18336
18337
18338
18341
18343
18348
18354
18361
18365
18372
18375
18379
18381
18381
18383
18385
18386
18390
18392
18392
18402
18408
18410
18412
18419
18433
18439
18440
18448
18450
18464
18465
18466
18469
18471
18475
18476
18484
18486
18492
18494
18496
18504
18506
18511
18513
18515
18521
18526
18527
18529
18530
18533
18536
18536
18541
18546
18553
18555
18573
18573
18582
18584
18584
18585
18593
18596
18596
18597
18600
18600
18606
18606
18607
18608
18609
18610
18614
18615
18618
18633
18639
18642
18644
18648
18648
18649
18650
18653
18654
18654
18655
18656
18660
18662
18662
18684
18688
18689
18693
18698
18699
18707
18708
18708
18712
18715
18721
18731
18731
18734
18739
18740
18741
18742
18750
18751
18753
18759
18763
18769
18770
18772
18772
18773
18776
18786
18787
18787
18796
18801
18805
18806
18808
18808
18817
18819
18823
18824
18825
18827
18833
18836
18842
18843
18854
18855
18857
18861
18861
18862
18868
18884
18887
18887
18887
18890
18898
18903
18907
18909
18910
18911
18911
18915
18923
18925
18925
18931
18932
18936
18941
18942
18943
18946
18952
18957
18957
18960
18963
18964
18968
18972
18981
18981
18985
18988
18989
18989
18997
19000
19007
19007
19014
19017
19018
19018
19021
19023
19025
19042
19042
19052
19053
19060
19060
19075
19076
19077
19080
19081
19090
19091
19092
19092
19093
19094
19106
19117
19119
19120
19125
19129
19134
19135
19137
19147
19147
19147
19151
19151
19154
19155
19165
19173
19174
19175
19179
19184
19188
19200
19208
19209
19213
19217
19226
19234
19238
19239
19242
19254
19260
19264
19265
19265
19269
19271
19272
19277
19278
19282
19286
19296
19297
19298
19307
19312
19313
19315
19317
19317
19317
19319
19322
19323
19323
19325
19327
19329
19329
19333
19333
19339
19339
19350
19354
19356
19356
19357
19357
19359
19364
19367
19373
19376
19379
19383
19387
19392
19392
19394
19398
19402
19409
19410
19411
19411
19412
19413
19414
19425
19426
19428
19430
19433
19435
19438
19441
19442
19444
19444
19445
19445
19448
19451
19457
19458
19458
19471
19472
19488
19489
19489
19491
19492
19496
19502
19505
19511
19518
19521
19529
19544
19546
19547
19552
19554
19558
19564
19566
19568
19570
19576
19580
19585
19587
19593
19597
19597
19598
19598
19602
19617
19622
19623
19626
19631
19631
19632
19634
19636
19638
19638
19642
19646
19647
19647
19648
19649
19652
19657
19657
19659
19662
19662
19663
19663
19664
19676
19676
19677
19678
19681
19682
19683
19693
19698
19704
19711
19713
19714
19723
19730
19732
19736
19737
19742
19745
19745
19747
19748
19750
19754
19756
19756
19772
19774
19779
19779
19780
19784
19794
19802
19805
19814
19817
19818
19820
19820
19820
19820
19826
19830
19835
19836
19838
19843
19843
19850
19854
19856
19857
19858
19861
19863
19863
19863
19865
19872
19874
19877
19880
19881
19883
19885
19885
19887
19889
19890
19890
19891
19891
19893
19900
19905
19911
19914
19916
19916
19917
19923
19924
19926
19946
19951
19961
19966
19968
19970
19973
19987
19988
19989
19991
19992
19998
20004
20004
20010
20013
20021
20027
20027
20028
20030
20034
20037
20044
20048
20051
20057
20060
20060
20063
20066
20068
20071
20073
20074
20074
20081
20083
20083
20090
20095
20095
20098
20101
20113
20115
20117
20120
20127
20127
20128
20128
20130
20144
20146
20146
20157
20162
20164
20167
20169
20173
20181
20197
20201
20201
20205
20206
20206
20210
20214
20215
20216
20218
20224
20226
20230
20239
20243
20247
20251
20253
20259
20271
20276
20282
20292
20293
20294
20295
20295
20296
20297
20298
20298
20302
20305
20306
20315
20323
20323
20324
20329
20338
20340
20349
20349
20351
20361
20366
20368
20370
20374
20381
20382
20384
20391
20391
20399
20399
20402
20403
20406
20410
20411
20413
20421
20424
20428
20439
20442
20446
20448
20453
20453
20454
20459
20462
20463
20476
20483
20484
20485
20486
20487
20488
20488
20489
20497
20514
20522
20530
20531
20532
20534
20539
20542
20548
20550
20554
20561
20565
20569
20575
20581
20586
20601
20604
20609
20609
20624
20626
20626
20627
20628
20632
20634
20636
20642
20644
20649
20655
20657
20658
20659
20660
20661
20662
20664
20667
20680
20681
20681
20682
20684
20687
20688
20692
20693
20704
20705
20710
20717
20719
20719
20720
20721
20721
20721
20724
20725
20730
20731
20735
20736
20737
20745
20745
20745
20748
20750
20755
20758
20759
20759
20763
20769
20770
20779
20782
20783
20788
20791
20795
20795
20801
20802
20803
20806
20811
20813
20815
20817
20828
20834
20834
20835
20836
20840
20840
20841
20845
20850
20853
20854
20855
20856
20861
20865
20873
20875
20878
20883
20894
20896
20897
20900
20904
20910
20910
20913
20913
20914
20916
20922
20923
20926
20928
20928
20935
20940
20943
20947
20947
20950
20952
20953
20955
20961
20969
20970
20971
20974
20976
20977
20984
20987
20990
20993
20995
20996
20999
21003
21011
21018
21024
21024
21027
21030
21035
21040
21049
21050
21051
21053
21063
21074
21083
21085
21085
21098
21100
21102
21102
21110
21110
21120
21122
21125
21126
21130
21130
21142
21145
21145
21151
21157
21163
21164
21167
21168
21169
21169
21175
21178
21182
21184
21188
21192
21195
21196
21196
21207
21208
21209
21214
21217
21218
21225
21230
21231
21238
21238
21240
21241
21244
21249
21249
21251
21253
21257
21262
21264
21266
21268
21271
21277
21277
21284
21288
21288
21289
21289
21289
21292
21293
21293
21294
21294
21294
21297
21304
21304
21306
21306
21316
21319
21322
21328
21329
21330
21332
21337
21337
21344
21345
21348
21350
21351
21353
21353
21355
21357
21360
21369
21371
21372
21375
21375
21380
21380
21387
21389
21392
21393
21393
21397
21398
21401
21402
21408
21409
21410
21418
21420
21422
21426
21428
21436
21437
21439
21443
21447
21447
21453
21460
21461
21469
21472
21473
21487
21494
21499
21500
21511
21514
21519
21519
21519
21521
21522
21522
21525
21528
21529
21530
21531
21534
21537
21538
21546
21550
21550
21554
21554
21557
21564
21573
21573
21575
21576
21581
21593
21599
21600
21602
21607
21608
21609
21610
21611
21612
21615
21622
21623
21626
21626
21627
21628
21630
21630
21631
21637
21642
21642
21644
21649
21650
21651
21661
21663
21665
21666
21670
21670
21674
21675
21678
21680
21681
21683
21692
21692
21698
21701
21703
21704
21705
21710
21713
21713
21722
21723
21726
21729
21731
21742
21743
21743
21749
21762
21765
21766
21767
21768
21770
21770
21772
21775
21786
21791
21795
21799
21800
21803
21806
21811
21815
21815
21824
21831
21831
21833
21841
21842
21848
21852
21853
21856
21861
21866
21875
21877
21880
21885
21887
21887
21891
21896
21900
21910
21914
21928
21933
21933
21937
21937
21940
21946
21948
21966
21966
21967
21971
21975
21976
21978
21979
21981
21982
21983
21989
21997
22000
22002
22003
22014
22015
22015
22018
22027
22028
22033
22033
22034
22034
22035
22040
22042
22045
22051
22053
22053
22061
22062
22066
22067
22070
22094
22105
22105
22106
22106
22108
22114
22116
22118
22119
22125
22126
22140
22146
22152
22153
22155
22157
22161
22166
22170
22175
22177
22179
22180
22181
22183
22196
22199
22200
22203
22206
22214
22214
22217
22225
22233
22236
22236
22249
22252
22253
22255
22257
22262
22266
22267
22269
22275
22279
22281
22281
22283
22286
22291
22291
22291
22297
22304
22310
22310
22312
22312
22312
22323
22337
22337
22338
22340
22342
22342
22343
22347
22347
22349
22354
22356
22362
22363
22365
22365
22368
22370
22381
22381
22383
22385
22386
22390
22395
22397
22397
22401
22401
22406
22410
22415
22416
22425
22427
22440
22443
22455
22457
22463
22466
22470
22476
22478
22481
22485
22486
22487
22490
22493
22493
22496
22500
22502
22506
22507
22507
22508
22518
22521
22527
22528
22528
22534
22540
22541
22541
22543
22546
22548
22549
22552
22556
22567
22569
22573
22576
22584
22587
22593
22596
22598
22605
22609
22621
22624
22630
22643
22643
22644
22654
22654
22655
22656
22665
22669
22671
22676
22677
22677
22678
22680
22685
22692
22692
22692
22695
22697
22702
22705
22707
22713
22715
22719
22726
22729
22731
22737
22737
22739
22741
22742
22742
22749
22750
22756
22756
22759
22762
22769
22771
22774
22784
22786
22792
22798
22799
22806
22807
22807
22809
22809
22809
22810
22812
22819
22824
22840
22842
22847
22848
22855
22857
22859
22865
22866
22867
22869
22871
22878
22878
22880
22883
22892
22892
22896
22899
22901
22903
22910
22912
22914
22921
22923
22923
22925
22929
22930
22931
22936
22937
22940
22942
22946
22948
22952
22953
22954
22955
22958
22959
22970
22973
22977
22983
22986
22988
22994
22994
22994
22995
23000
23001
23002
23004
23012
23013
23014
23022
23027
23028
23030
23030
23030
23033
23037
23047
23049
23051
23064
23066
23069
23069
23072
23074
23075
23077
23085
23086
23102
23105
23107
23108
23109
23119
23123
23124
23126
23131
23133
23134
23138
23139
23141
23142
23142
23153
23153
23154
23154
23155
23160
23161
23162
23165
23168
23175
23179
23185
23187
23190
23192
23200
23200
23205
23215
23216
23217
23219
23220
23222
23222
23223
23223
23226
23234
23242
23244
23244
23246
23247
23248
23257
23258
23261
23266
23266
23266
23270
23274
23278
23278
23279
23280
23284
23291
23300
23300
23300
23300
23303
23304
23305
23316
23317
23322
23325
23332
23333
23336
23337
23342
23344
23353
23354
23355
23355
23355
23355
23356
23356
23360
23360
23367
23369
23372
23380
23381
23383
23406
23407
23412
23414
23435
23440
23440
23443
23444
23445
23447
23448
23450
23450
23453
23454
23456
23462
23464
23465
23469
23469
23481
23481
23481
23484
23488
23489
23493
23496
23500
23501
23501
23503
23512
23515
23518
23520
23526
23528
23535
23538
23540
23557
23557
23568
23579
23584
23586
23588
23589
23590
23590
23592
23593
23598
23606
23621
23621
23631
23632
23636
23636
23637
23638
23639
23647
23651
23654
23657
23659
23664
23665
23666
23668
23673
23678
23679
23685
23685
23685
23685
23688
23692
23695
23699
23702
23710
23715
23715
23718
23718
23724
23725
23729
23730
23734
23737
23743
23747
23749
23750
23755
23755
23759
23763
23765
23767
23769
23769
23771
23773
23773
23780
23782
23783
23785
23790
23792
23796
23796
23800
23801
23805
23805
23811
23815
23818
23819
23820
23820
23822
23830
23832
23838
23843
23843
23845
23862
23866
23868
23871
23875
23878
23881
23882
23885
23889
23889
23892
23893
23894
23895
23899
23900
23915
23920
23922
23923
23927
23927
23931
23935
23941
23942
23942
23943
23947
23952
23954
23957
23957
23961
23963
23963
23964
23968
23968
23970
23970
23977
23979
23986
23990
23990
23993
23997
24005
24010
24012
24015
24015
24021
24021
24021
24024
24028
24034
24041
24048
24049
24049
24062
24067
24070
24070
24072
24077
24077
24083
24086
24086
24087
24089
24095
24103
24107
24110
24116
24120
24120
24121
24122
24122
24123
24130
24137
24138
24139
24143
24144
24146
24154
24158
24158
24159
24162
24167
24172
24175
24177
24178
24179
24181
24183
24186
24190
24192
24199
24199
24207
24207
24216
24218
24218
24227
24229
24232
24236
24239
24245
24253
24255
24257
24259
24259
24261
24263
24275
24282
24287
24288
24289
24294
24298
24298
24305
24306
24307
24308
24309
24309
24311
24315
24319
24325
24330
24334
24334
24335
24336
24338
24338
24342
24343
24348
24351
24352
24355
24355
24356
24356
24359
24365
24365
24368
24370
24371
24383
24385
24387
24387
24390
24391
24398
24401
24402
24403
24412
24416
24416
24417
24423
24424
24424
24429
24430
24430
24431
24433
24435
24435
24437
24445
24452
24453
24456
24457
24458
24463
24471
24472
24472
24472
24473
24478
24489
24490
24494
24498
24498
24505
24509
24519
24521
24522
24522
24522
24524
24525
24526
24531
24534
24534
24536
24545
24552
24553
24555
24555
24556
24570
24571
24582
24582
24583
24583
24597
24599
24605
24607
24609
24618
24623
24639
24643
24646
24655
24657
24666
24668
24682
24690
24690
24692
24711
24711
24711
24716
24718
24729
24733
24734
24741
24745
24748
24750
24753
24755
24760
24765
24776
24781
24784
24785
24787
24788
24788
24798
24800
24801
24802
24809
24816
24818
24822
24829
24830
24839
24841
24841
24844
24850
24859
24859
24865
24869
24876
24880
24884
24884
24885
24888
24904
24904
24908
24908
24909
24916
24916
24916
24925
24928
24932
24942
24945
24945
24947
24954
24959
24963
24963
24964
24964
24966
24967
24970
24971
24973
24973
24986
24988
24989
24996
24998
24998
25000
25006
25006
25006
25007
25008
25011
25016
25018
25019
25022
25026
25029
25032
25039
25042
25044
25046
25049
25050
25052
25057
25065
25069
25070
25077
25078
25079
25080
25087
25091
25092
25092
25094
25094
25100
25101
25103
25104
25105
25106
25109
25109
25110
25111
25113
25115
25119
25124
25135
25136
25137
25137
25141
25143
25143
25144
25148
25150
25150
25159
25160
25160
25160
25162
25169
25170
25170
25176
25177
25177
25182
25182
25183
25189
25189
25190
25191
25192
25197
25201
25206
25206
25207
25212
25216
25217
25223
25227
25232
25232
25234
25234
25234
25234
25235
25245
25249
25251
25254
25260
25260
25267
25271
25274
25278
25280
25284
25290
25291
25292
25294
25299
25302
25306
25306
25315
25318
25320
25320
25320
25322
25345
25346
25346
25347
25347
25361
25374
25375
25376
25379
25380
25381
25382
25386
25388
25390
25392
25393
25394
25396
25396
25396
25397
25401
25402
25403
25403
25407
25410
25410
25414
25420
25424
25429
25438
25438
25438
25443
25457
25458
25461
25470
25471
25499
25501
25509
25513
25516
25520
25526
25529
25534
25537
25539
25544
25544
25551
25551
25558
25562
25562
25568
25569
25573
25574
25579
25579
25580
25586
25588
25592
25594
25594
25598
25602
25608
25609
25610
25615
25615
25615
25619
25619
25619
25622
25623
25628
25641
25641
25651
25654
25655
25664
25667
25669
25669
25673
25678
25680
25684
25690
25691
25693
25694
25695
25698
25704
25710
25712
25717
25718
25718
25722
25729
25730
25734
25736
25737
25739
25742
25743
25745
25745
25746
25747
25753
25756
25757
25759
25762
25767
25769
25769
25782
25782
25782
25784
25784
25784
25786
25788
25791
25792
25793
25795
25798
25798
25800
25800
25803
25806
25817
25821
25827
25827
25831
25831
25833
25842
25842
25846
25853
25853
25854
25858
25859
25863
25869
25869
25870
25870
25871
25874
25876
25876
25878
25881
25883
25883
25885
25888
25889
25890
25891
25891
25893
25895
25898
25902
25903
25906
25907
25911
25914
25917
25922
25934
25936
25941
25947
25951
25953
25953
25956
25958
25961
25967
25968
25971
25978
25978
25981
25983
25994
25995
26006
26007
26009
26015
26021
26021
26025
26025
26026
26029
26029
26033
26033
26038
26042
26043
26047
26048
26048
26054
26056
26057
26058
26062
26065
26070
26071
26073
26075
26078
26083
26085
26090
26090
26093
26096
26101
26102
26104
26107
26108
26117
26119
26122
26123
26128
26141
26142
26148
26152
26159
26160
26160
26162
26164
26170
26171
26172
26173
26176
26178
26178
26186
26186
26188
26189
26189
26192
26204
26208
26209
26211
26212
26217
26222
26222
26232
26236
26236
26247
26248
26250
26250
26251
26253
26254
26257
26262
26265
26274
26292
26296
26298
26303
26307
26308
26319
26320
26322
26322
26333
26343
26343
26345
26347
26348
26361
26362
26364
26373
26373
26373
26376
26376
26376
26377
26378
26378
26381
26382
26382
26384
26388
26403
26405
26408
26410
26412
26414
26421
26432
26433
26434
26434
26435
26437
26438
26440
26446
26447
26451
26452
26452
26453
26455
26458
26461
26461
26465
26472
26475
26476
26481
26483
26487
26487
26488
26497
26502
26506
26508
26511
26516
26525
26529
26531
26533
26543
26545
26546
26549
26549
26553
26559
26563
26564
26566
26567
26568
26569
26574
26578
26584
26585
26593
26593
26593
26598
26598
26600
26605
26609
26610
26612
26612
26614
26615
26617
26632
26638
26649
26650
26653
26653
26657
26658
26659
26659
26662
26662
26663
26669
26681
26682
26685
26686
26690
26695
26699
26701
26702
26703
26704
26709
26715
26724
26724
26726
26731
26742
26748
26748
26751
26756
26763
26764
26769
26784
26791
26794
26795
26796
26797
26802
26803
26806
26807
26808
26809
26813
26818
26820
26821
26823
26823
26825
26832
26852
26853
26855
26856
26856
26859
26864
26865
26866
26869
26872
26875
26880
26882
26884
26888
26893
26898
26902
26904
26915
26916
26916
26919
26920
26934
26939
26940
26945
26952
26955
26956
26958
26959
26960
26970
26975
26975
26983
26984
26985
26986
26987
26988
26994
26996
26998
26998
27002
27015
27017
27020
27026
27030
27030
27031
27033
27037
27039
27044
27056
27066
27066
27071
27072
27077
27079
27081
27085
27088
27092
27097
27101
27102
27102
27105
27107
27111
27135
27142
27144
27145
27150
27150
27150
27150
27151
27155
27157
27163
27168
27171
27171
27172
27174
27181
27183
27192
27198
27222
27222
27223
27224
27225
27226
27234
27238
27243
27251
27251
27256
27257
27259
27260
27260
27263
27266
27268
27270
27275
27275
27278
27278
27281
27283
27288
27295
27295
27297
27308
27309
27311
27324
27324
27330
27331
27337
27339
27339
27341
27343
27343
27344
27349
27350
27350
27350
27354
27355
27358
27372
27373
27374
27376
27380
27382
27384
27393
27395
27397
27399
27399
27407
27408
27410
27410
27413
27415
27416
27421
27422
27425
27425
27429
27434
27437
27437
27439
27447
27450
27451
27455
27457
27457
27461
27461
27464
27467
27468
27469
27478
27486
27496
27505
27507
27507
27509
27509
27514
27522
27538
27539
27555
27556
27563
27565
27573
27582
27583
27584
27595
27602
27602
27604
27604
27608
27610
27615
27616
27618
27622
27626
27628
27642
27644
27650
27651
27656
27658
27659
27668
27670
27671
27677
27678
27683
27686
27687
27687
27687
27689
27693
27694
27699
27700
27705
27717
27717
27719
27719
27719
27721
27722
27727
27728
27734
27738
27745
27747
27748
27754
27755
27756
27758
27760
27760
27761
27769
27773
27779
27779
27782
27786
27789
27792
27795
27796
27796
27799
27802
27802
27816
27818
27820
27822
27823
27825
27826
27834
27835
27837
27839
27841
27841
27842
27845
27845
27846
27848
27851
27855
27856
27857
27859
27863
27864
27867
27878
27878
27886
27890
27893
27906
27909
27918
27918
27925
27927
27929
27929
27931
27933
27936
27937
27939
27939
27941
27944
27947
27949
27951
27952
27957
27960
27964
27969
27970
27973
27976
27977
27979
27981
27989
27990
27990
27995
27996
27997
28001
28003
28005
28006
28016
28025
28027
28029
28033
28036
28036
28045
28045
28045
28046
28046
28053
28054
28055
28055
28059
28067
28068
28071
28074
28076
28077
28077
28085
28087
28087
28095
28097
28100
28101
28106
28113
28118
28120
28129
28130
28133
28135
28137
28142
28143
28147
28149
28150
28150
28151
28151
28161
28172
28172
28174
28181
28184
28186
28190
28192
28193
28196
28196
28197
28198
28207
28209
28214
28215
28219
28222
28225
28231
28237
28239
28240
28240
28242
28243
28245
28252
28255
28264
28267
28273
28277
28279
28286
28287
28288
28294
28297
28303
28304
28306
28314
28320
28324
28329
28331
28333
28333
28336
28337
28338
28341
28344
28344
28347
28350
28350
28353
28353
28354
28368
28369
28369
28370
28372
28374
28375
28388
28410
28412
28413
28421
28421
28424
28430
28430
28432
28432
28435
28449
28450
28452
28453
28461
28462
28464
28466
28471
28474
28477
28482
28486
28487
28488
28489
28489
28504
28510
28515
28518
28518
28526
28538
28538
28539
28543
28550
28552
28556
28556
28556
28559
28559
28563
28563
28568
28572
28576
28580
28584
28585
28586
28592
28594
28597
28601
28603
28605
28610
28618
28620
28623
28623
28624
28625
28627
28629
28629
28632
28633
28638
28639
28649
28650
28655
28658
28660
28661
28662
28667
28668
28674
28679
28680
28684
28687
28690
28694
28695
28698
28707
28710
28711
28719
28723
28723
28725
28735
28742
28746
28747
28747
28754
28754
28760
28760
28765
28769
28769
28771
28772
28776
28782
28782
28787
28794
28794
28799
28803
28807
28809
28809
28809
28810
28813
28815
28817
28818
28820
28822
28824
28826
28826
28837
28837
28840
28841
28844
28848
28848
28852
28853
28858
28859
28862
28879
28884
28885
28888
28890
28896
28900
28901
28905
28907
28908
28909
28911
28914
28918
28918
28920
28928
28934
28935
28940
28941
28942
28943
28954
28958
28959
28960
28961
28963
28967
28969
28970
28975
28975
28977
28978
28979
28983
28985
28987
28988
28994
28997
28999
28999
29004
29006
29007
29011
29012
29015
29015
29020
29020
29024
29025
29027
29027
29027
29031
29039
29048
29056
29059
29060
29062
29063
29069
29069
29071
29071
29076
29079
29080
29089
29090
29095
29106
29111
29115
29116
29123
29130
29131
29133
29133
29134
29134
29135
29139
29148
29150
29153
29154
29159
29160
29161
29169
29171
29177
29190
29191
29192
29193
29200
29202
29205
29216
29219
29220
29224
29226
29226
29227
29230
29235
29238
29243
29244
29248
29250
29250
29260
29264
29265
29270
29270
29271
29272
29274
29276
29288
29289
29289
29299
29307
29324
29325
29326
29328
29329
29332
29333
29342
29346
29348
29354
29355
29364
29367
29367
29370
29372
29377
29377
29380
29384
29389
29389
29395
29396
29399
29401
29401
29409
29411
29420
29429
29430
29436
29439
29443
29450
29451
29455
29457
29462
29462
29464
29465
29465
29472
29472
29476
29478
29486
29486
29496
29496
29505
29505
29510
29511
29513
29513
29515
29522
29523
29526
29530
29531
29534
29536
29538
29540
29540
29542
29543
29545
29549
29556
29563
29563
29570
29573
29574
29576
29578
29580
29584
29586
29591
29595
29600
29604
29607
29609
29610
29611
29613
29614
29632
29633
29634
29634
29637
29641
29650
29654
29655
29655
29656
29659
29659
29661
29670
29672
29674
29681
29685
29686
29690
29691
29696
29701
29703
29704
29704
29704
29713
29714
29714
29715
29716
29730
29731
29732
29732
29734
29735
29737
29737
29745
29746
29753
29755
29759
29765
29769
29771
29776
29777
29779
29784
29786
29793
29794
29802
29808
29821
29823
29833
29834
29840
29842
29844
29846
29849
29852
29853
29856
29860
29870
29873
29874
29876
29877
29879
29880
29883
29889
29889
29893
29895
29897
29900
29903
29905
29909
29912
29913
29915
29921
29924
29925
29930
29936
29938
29941
29947
29955
29958
29963
29965
29979
29982
29984
29994
29994
29999
30008
30011
30013
30017
30019
30021
30025
30027
30028
30030
30032
30037
30037
30049
30054
30054
30056
30057
30059
30067
30071
30072
30074
30081
30087
30087
30088
30093
30094
30096
30098
30099
30106
30121
30127
30130
30131
30142
30143
30143
30143
30147
30150
30158
30164
30166
30168
30168
30173
30179
30180
30182
30182
30183
30185
30185
30198
30199
30201
30201
30205
30208
30217
30220
30231
30240
30246
30249
30250
30257
30268
30268
30268
30272
30282
30292
30293
30294
30295
30303
30320
30323
30329
30330
30331
30340
30345
30348
30350
30361
30363
30364
30365
30367
30369
30373
30388
30393
30396
30400
30404
30407
30407
30408
30412
30413
30421
30421
30423
30434
30436
30438
30438
30438
30448
30449
30449
30456
30457
30462
30466
30466
30467
30470
30476
30477
30477
30487
30487
30488
30489
30491
30493
30498
30500
30501
30502
30506
30510
30510
30512
30515
30517
30519
30522
30523
30526
30533
30536
30538
30539
30541
30543
30545
30549
30553
30555
30559
30562
30563
30563
30563
30567
30568
30574
30576
30579
30584
30585
30587
30588
30590
30590
30594
30597
30605
30605
30608
30608
30617
30618
30625
30629
30637
30639
30641
30656
30659
30661
30662
30663
30663
30665
30671
30674
30674
30675
30676
30676
30683
30683
30688
30693
30697
30701
30706
30718
30718
30735
30735
30737
30749
30750
30751
30756
30759
30763
30766
30766
30768
30773
30778
30780
30781
30786
30787
30796
30796
30797
30798
30799
30800
30810
30815
30822
30823
30823
30830
30832
30836
30839
30846
30850
30851
30854
30863
30865
30873
30874
30877
30877
30883
30884
30884
30890
30897
30899
30899
30903
30918
30928
30931
30935
30936
30938
30945
30948
30953
30954
30958
30965
30969
30972
30972
30979
30991
30993
30995
30996
31011
31014
31020
31021
31022
31023
31028
31030
31040
31046
31051
31052
31055
31061
31061
31070
31082
31086
31088
31093
31094
31103
31104
31110
31110
31120
31124
31130
31130
31131
31132
31133
31138
31145
31154
31165
31168
31173
31173
31174
31174
31178
31180
31197
31197
31198
31205
31211
31220
31223
31223
31229
31231
31237
31242
31243
31249
31259
31266
31267
31268
31269
31271
31272
31276
31278
31281
31282
31283
31286
31303
31306
31310
31312
31313
31314
31316
31317
31329
31332
31341
31344
31349
31351
31354
31357
31357
31360
31361
31376
31376
31377
31379
31388
31389
31390
31393
31394
31395
31410
31416
31416
31417
31417
31417
31417
31419
31421
31422
31425
31425
31427
31427
31434
31435
31444
31444
31452
31455
31457
31460
31467
31469
31470
31470
31472
31473
31476
31477
31483
31486
31489
31490
31495
31496
31497
31500
31501
31502
31503
31512
31527
31527
31532
31533
31538
31539
31543
31545
31550
31550
31550
31554
31555
31558
31564
31568
31568
31570
31572
31579
31579
31582
31585
31588
31597
31597
31598
31603
31608
31609
31612
31613
31613
31614
31615
31620
31621
31624
31624
31626
31628
31630
31636
31647
31650
31653
31657
31662
31662
31665
31668
31670
31672
31678
31679
31682
31683
31687
31688
31690
31692
31695
31696
31697
31697
31698
31699
31710
31715
31722
31728
31729
31729
31730
31732
31741
31743
31744
31745
31747
31751
31751
31756
31757
31757
31760
31760
31761
31763
31764
31766
31767
31770
31770
31772
31778
31778
31780
31782
31784
31788
31790
31792
31794
31795
31797
31798
31800
31804
31807
31815
31818
31818
31827
31827
31828
31833
31835
31836
31838
31839
31839
31841
31847
31847
31848
31850
31852
31854
31854
31866
31872
31873
31882
31883
31884
31889
31893
31896
31898
31903
31906
31907
31908
31908
31909
31915
31919
31923
31931
31938
31939
31939
31947
31948
31954
31955
31960
31962
31962
31971
31972
31975
31975
31976
31977
31984
31984
31984
31988
31989
31999
32001
32003
32008
32010
32014
32016
32022
32025
32027
32029
32030
32033
32033
32038
32040
32042
32043
32044
32044
32045
32047
32047
32048
32050
32052
32052
32054
32054
32058
32059
32065
32065
32065
32072
32077
32078
32083
32085
32094
32095
32096
32096
32099
32102
32116
32119
32120
32125
32128
32147
32147
32149
32150
32155
32156
32162
32165
32167
32168
32170
32176
32180
32180
32184
32185
32185
32185
32188
32196
32198
32203
32205
32206
32207
32215
32217
32224
32228
32230
32231
32238
32242
32254
32257
32257
32263
32264
32267
32273
32274
32275
32277
32279
32282
32283
32284
32285
32290
32291
32294
32298
32304
32304
32305
32310
32312
32313
32315
32315
32315
32317
32317
32318
32318
32319
32323
32324
32332
32337
32343
32346
32347
32347
32351
32361
32363
32364
32364
32372
32377
32377
32377
32378
32378
32381
32382
32383
32384
32396
32399
32399
32402
32408
32409
32412
32416
32418
32418
32424
32425
32426
32430
32435
32436
32445
32446
32451
32452
32457
32458
32460
32462
32467
32469
32470
32472
32474
32475
32477
32484
32485
32488
32488
32491
32493
32495
32498
32501
32502
32504
32508
32510
32511
32517
32520
32520
32532
32535
32538
32540
32542
32542
32544
32547
32553
32554
32555
32563
32570
32579
32584
32585
32587
32590
32590
32601
32602
32608
32609
32611
32615
32616
32619
32625
32628
32636
32637
32639
32641
32642
32643
32647
32648
32649
32654
32655
32658
32667
32671
32685
32689
32692
32693
32694
32695
32699
32699
32701
32707
32707
32710
32712
32715
32716
32719
32722
32726
32731
32731
32733
32735
32740
32744
32745
32747
32747
32753
32763
