1000
10
50
142
186
224
232
236
237
294
310
383
490
551
583
591
620
623
653
705
744
765
775
887
936
1010
1047
1047
1065
1087
1112
1147
1194
1202
1203
1253
1302
1325
1337
1348
1439
1466
1515
1552
1559
1572
1621
1632
1663
1738
1814
1862
1886
1886
1887
1897
1916
1936
1962
1985
1999
2014
2020
2057
2122
2122
2130
2145
2182
2198
2222
2252
2354
2374
2386
2437
2483
2484
2488
2517
2543
2564
2636
2722
2730
2795
2826
2837
2856
2884
2929
2971
2992
2998
3014
3033
3110
3139
3213
3225
3232
3233
3258
3293
3298
3313
3353
3363
3368
3426
3446
3447
3502
3599
3666
3713
3731
3794
3830
3895
3922
3924
3948
3959
3981
4011
4097
4130
4146
4167
4202
4208
4303
4331
4366
4371
4387
4396
4397
4559
4574
4602
4640
4649
4654
4659
4660
4722
4755
4785
4813
4882
4905
4970
4983
4992
5001
5001
5008
5029
5091
5100
5146
5174
5252
5318
5350
5392
5451
5463
5483
5565
5581
5636
5682
5698
5711
5714
5735
5754
5767
5771
5829
5876
5880
5958
5982
5984
6135
6137
6144
6187
6191
6217
6248
6320
6347
6411
6437
6456
6468
6491
6506
6511
6529
6559
6560
6612
6656
6672
6750
6787
6829
6832
6914
6920
6988
7035
7103
7139
7233
7259
7304
7390
7435
7516
7524
7525
7680
7716
7730
7745
7766
7813
7825
7891
7903
7911
7923
7953
7980
7981
7992
7995
7996
8101
8142
8188
8219
8284
8326
8341
8371
8379
8419
8460
8591
8653
8676
8682
8687
8693
8742
8804
8860
8861
8881
8938
8987
9042
9063
9099
9122
9133
9163
9185
9221
9273
9280
9312
9343
9358
9395
9413
9422
9431
9468
9475
9491
9518
9572
9574
9720
9733
9738
9780
9907
9914
9930
9953
9973
9981
9993
10001
10087
10138
10180
10191
10192
10291
10308
10338
10381
10384
10398
10403
10482
10493
10510
10513
10559
10615
10655
10658
10725
10744
10754
10764
10789
10794
10841
10846
10871
10903
10968
11085
11197
11220
11221
11231
11319
11344
11372
11437
11515
11521
11547
11574
11607
11634
11648
11662
11699
11743
11796
11862
11910
11963
12018
12054
12093
12173
12203
12244
12251
12285
12324
12355
12372
12377
12382
12390
12426
12445
12473
12502
12515
12519
12540
12603
12627
12642
12643
12683
12766
12772
12795
12850
12856
12896
12914
12948
13001
13042
13085
13177
13231
13294
13303
13309
13319
13398
13404
13497
13502
13529
13537
13540
13577
13582
13640
13699
13715
13767
13770
13817
13828
13853
13916
13923
13938
14000
14024
14033
14052
14091
14153
14199
14287
14321
14328
14330
14339
14351
14386
14460
14466
14511
14513
14527
14682
14697
14720
14728
14735
14747
14748
14764
14768
14769
14833
14836
14846
14861
14908
15001
15004
15007
15036
15045
15064
15071
15128
15182
15188
15375
15390
15443
15451
15494
15495
15543
15545
15563
15574
15589
15607
15612
15664
15690
15745
15802
15809
15852
15892
15893
15899
15951
15954
15981
15987
15990
16056
16085
16204
16251
16251
16318
16386
16402
16444
16455
16458
16496
16520
16531
16579
16590
16620
16680
16744
16755
16834
16854
16912
17056
17070
17128
17132
17160
17161
17173
17297
17311
17399
17420
17437
17459
17567
17572
17584
17586
17673
17696
17714
17730
17733
17807
17823
17829
17831
17947
18001
18007
18010
18011
18130
18235
18251
18278
18307
18357
18374
18471
18608
18637
18656
18706
18761
18788
18809
18843
18868
18871
18872
18879
18916
18990
18994
19059
19100
19154
19166
19272
19286
19306
19331
19353
19355
19420
19442
19484
19601
19654
19658
19664
19669
19704
19707
19812
19836
19864
19901
19916
19967
19968
20037
20083
20100
20170
20172
20210
20213
20283
20299
20336
20349
20355
20391
20477
20480
20505
20526
20544
20549
20565
20614
20626
20645
20675
20778
20812
20820
20823
20827
20843
20885
20890
20942
20945
20961
20967
20979
21006
21108
21117
21131
21136
21294
21303
21331
21376
21398
21402
21417
21442
21452
21502
21541
21587
21599
21741
21749
21763
21769
21798
21810
21845
21858
21882
21913
21933
21948
21952
22002
22005
22015
22039
22076
22137
22167
22257
22294
22300
22434
22450
22474
22484
22498
22528
22587
22600
22638
22795
22839
22843
22866
22896
22953
23007
23022
23061
23090
23130
23165
23194
23218
23254
23256
23342
23376
23472
23495
23509
23551
23602
23641
23650
23656
23665
23700
23721
23765
23765
23832
23852
23924
24033
24071
24088
24131
24158
24163
24188
24192
24236
24258
24292
24317
24334
24338
24346
24443
24454
24464
24485
24487
24488
24522
24526
24557
24570
24593
24839
24870
24901
24949
24959
25019
25083
25198
25214
25231
25290
25323
25354
25415
25436
25469
25479
25494
25515
25529
25531
25557
25577
25601
25621
25647
25711
25762
25826
25836
25837
25844
25899
25920
25922
25956
25966
26086
26200
26218
26255
26271
26297
26323
26331
26347
26350
26428
26440
26563
26589
26623
26664
26731
26839
26860
26862
26879
26991
27038
27038
27051
27058
27075
27085
27098
27127
27183
27309
27319
27375
27381
27431
27530
27593
27645
27675
27704
27770
27770
27808
27835
27854
27881
27902
27937
28010
28018
28046
28063
28066
28134
28185
28239
28246
28264
28269
28303
28393
28398
28441
28473
28478
28530
28572
28582
28613
28627
28659
28675
28696
28700
28718
28724
28751
28779
28797
28805
28843
28925
28925
28947
29005
29040
29065
29107
29118
29190
29202
29291
29308
29318
29360
29381
29428
29433
29454
29507
29513
29516
29529
29532
29594
29635
29666
29668
29706
29710
29799
29810
29814
29881
29897
29903
30005
30014
30015
30025
30084
30092
30123
30171
30178
30258
30269
30292
30305
30315
30343
30421
30423
30509
30554
30592
30610
30618
30669
30710
30722
30736
30737
30752
30752
30753
30802
30845
30850
30909
30919
30928
30989
31032
31034
31039
31082
31141
31180
31198
31240
31272
31294
31298
31319
31340
31391
31394
31444
31473
31481
31513
31548
31566
31583
31584
31646
31686
31704
31771
31773
31787
31800
31805
31810
31816
31844
31846
31873
31894
31919
31936
31985
31998
32020
32069
32117
32147
32149
32153
32155
32156
32246
32276
32288
32298
32299
32375
32424
32450
32460
32505
32537
32557
32567
32655
32660
32672
32692
32726
