100
3025
2934
2987
2935
2990
2951
2937
2940
2979
2994
3021
2977
3019
3008
2944
2971
2955
2964
2959
2986
2947
2958
3001
3014
2949
2942
3016
2941
3024
2972
3027
2954
2956
3022
3007
3003
2978
2936
3028
3029
2961
3013
3020
2975
2946
2980
3012
2992
2932
3030
2966
3026
2939
3011
2995
2960
2988
2989
2968
2963
2957
2981
2952
2933
2982
2997
2998
2965
2999
2991
2996
2967
3004
3005
2973
3002
2945
3023
3010
2985
2950
2976
2993
2962
2953
3017
3018
3006
2974
2938
2969
3009
2943
2984
2983
2970
3015
3000
2948
3031
