1000
87
92
150
255
224
192
164
388
669
289
246
269
986
272
273
954
1203
1741
831
360
2372
371
1140
519
3492
2092
1417
870
287
574
1606
1064
1138
2175
1776
3105
5514
4579
2709
984
1238
2997
2446
1292
3202
1215
1902
2270
916
5295
5286
3601
3859
1562
2286
1900
967
894
867
2551
1483
2762
5010
3256
2300
2191
6477
2682
2437
2901
3555
5117
3292
7718
6823
5097
6402
7338
2757
3224
2935
2193
1367
11716
4299
4625
3486
1554
3893
6531
4271
1888
1592
7681
2087
2501
4891
1371
1636
5667
5834
7229
8684
4541
3965
6858
5292
7129
3522
2416
5336
5120
3706
7742
3166
2138
4376
2192
4889
5102
2659
2499
3859
4046
7216
12517
13136
9605
4540
4833
7545
9410
8375
14495
7933
6254
8067
4356
2816
2956
8739
6944
8504
10533
6479
4409
7588
11886
11610
9787
13661
8787
7472
8572
13828
7343
9954
4309
7986
4621
3906
8494
7698
7504
6618
1480
2663
11871
12760
6573
9566
5197
5843
11143
4846
11697
5621
5796
5955
11873
11207
6909
4743
7055
2965
17627
8572
19001
12153
2332
2815
6008
4481
5552
7172
2046
4174
5817
7104
7757
8975
6651
6494
7277
8007
15377
13222
4902
9994
8260
6752
9080
12357
11610
6452
13942
8187
12627
6401
8119
5442
7829
14856
6227
8041
9258
12629
8219
16361
4828
4023
3538
8651
10102
9945
9560
2743
5111
8817
12257
7315
10361
6716
3061
7598
9327
6340
4132
5407
10783
15731
14029
13541
15398
22832
12893
14389
16282
13885
5075
5100
9693
20941
10017
14720
14873
16219
20949
18465
27429
8704
12723
24587
11201
11016
11564
4974
24179
11050
9565
11708
11431
12752
10292
16058
13180
9430
13190
11865
11996
12883
14905
14477
15652
16881
17740
13383
16107
11858
18548
15366
15936
24957
17802
16335
7898
17916
16234
18422
24011
14377
9152
12661
22899
20947
4481
12849
9191
15514
15650
14997
4352
26497
14478
14099
19486
14878
20380
26163
19979
7450
8342
6671
11520
3609
12068
15056
13375
13742
26022
15699
19812
13414
9536
14388
13511
7835
15256
18029
18994
5155
14511
14899
8812
23439
6175
16522
15485
8968
14515
13774
21521
27633
7554
17036
4818
19982
10247
14107
15239
13066
18743
22658
8974
13448
23363
23965
14271
16354
10561
15190
8196
4416
17772
12522
9919
6015
6744
9884
12108
10400
6092
10000
20269
6122
23668
19080
9715
9388
11085
8356
17351
14248
6856
11406
14981
12758
13486
12350
13802
24651
16887
19159
13919
17498
10837
13302
11905
14260
10775
8658
17783
21043
14075
15204
22438
15803
12406
12932
7861
18524
18905
17072
12290
12310
15727
18006
7276
7875
16344
20790
11310
10953
10737
20800
15228
24254
7969
14881
13513
11289
10109
15254
16743
23673
10013
16008
22632
18195
5829
13146
10000
7226
19212
7628
12236
10821
10301
20080
15163
17228
11538
24131
17820
10259
13195
11973
16064
18483
19269
14302
8490
8979
14772
15058
6762
6782
7823
21076
9269
14005
10461
14581
8012
16906
25696
10972
8166
12079
24182
30575
25912
28171
29703
31672
16270
25279
30981
22536
22967
25282
15513
27339
21096
18323
29476
18026
19086
14572
17187
27493
23722
23174
23166
20222
31257
28292
19963
17606
14889
26939
32170
17232
18403
30538
22433
32501
25128
22110
29143
30280
14648
9294
32045
20108
31534
31271
18997
27491
14596
31740
19260
29287
27566
31785
30448
25642
28824
12177
25627
15629
20924
18340
15154
16510
16674
27728
32518
23500
29478
23439
26639
26278
13783
30540
19112
29150
16909
31346
21753
30000
20307
23049
16523
15777
27567
17179
25351
30848
25995
32514
27610
23787
28104
32352
25464
31264
27363
30629
20308
19610
29985
23984
24264
16345
30152
31062
20654
18306
16656
31858
32331
29480
21015
26857
29709
22729
31056
22633
24417
25356
20687
27690
12782
29340
18714
27956
29166
25311
26308
25564
12206
29081
21745
14473
18813
30895
17723
18245
20342
20108
19580
15768
32062
15381
32766
26533
21180
15143
27791
16552
21029
20780
18150
18188
30710
25175
29674
29584
32149
20022
16346
16479
27441
19262
20908
20867
22626
14576
18606
26400
18487
16225
28419
15714
15075
18242
20419
14604
28473
28674
17301
30530
30120
21823
17844
28746
17592
16615
29776
18795
16651
18589
20719
9168
28266
23134
28793
29041
29596
31844
15518
14501
18810
17482
26143
16737
16946
18802
28879
29902
9788
16183
21574
30188
30420
24311
31308
23084
20570
31221
19803
32204
23866
27386
30636
30262
22550
30685
28034
24087
26235
6024
29962
31811
18645
24927
14987
17264
24977
15278
21306
17740
30456
25171
27029
23510
18513
26038
30645
31351
30382
31747
32653
30208
14367
18248
22354
29584
30280
23438
19469
16126
11076
8990
12001
6792
31887
18897
29785
17175
19305
15389
24207
8813
16769
31623
10477
13285
21536
30647
19151
22400
30923
9048
23733
21084
22662
26936
9258
28834
26423
31904
26527
28589
29504
12535
18147
28258
14721
21624
17912
15837
25968
26478
26477
17729
9729
29078
29635
21954
29194
25977
17034
31402
29670
24638
24856
18095
17452
19670
26113
24776
30934
20134
27762
32684
18418
20943
30815
27012
17050
24165
28819
25409
15397
16096
28900
28360
12703
20611
9933
10733
23931
31580
23401
25258
17042
14227
20957
20265
24826
29790
21379
30552
12737
15516
31142
27983
26279
25081
19714
32322
26270
30546
22863
26089
13498
32434
27410
29027
17219
16698
21969
25482
21967
31422
21754
10907
32362
17655
21550
31653
22821
24456
15355
20440
14598
11749
22662
32700
18604
16389
26429
32394
20343
14621
27969
18494
30630
14069
15016
15655
24021
20565
32699
19662
19311
28506
30975
30857
14488
29295
29564
16944
23086
26433
30761
28699
17464
13270
21720
22005
25559
13245
20270
7680
28215
24693
13848
19935
30195
32230
21124
29171
30000
16976
31736
27848
16096
29679
29579
19581
18957
17522
28690
30134
23348
27031
24339
20301
29794
28154
30477
19309
24866
22759
28731
23411
29618
22557
15282
29744
8926
22108
29792
9614
28003
15680
22385
18961
9022
16302
11245
7960
16401
9727
21148
32694
13045
9568
19481
25525
17640
18040
27252
15606
32719
22618
25007
27198
26122
31352
26460
24439
26546
10838
13114
29122
25714
