100
9711
26771
14594
7572
20848
10131
19637
12449
27924
6275
26507
27495
7724
22339
21114
23890
14208
10310
18867
29985
17126
11229
29397
28231
18707
22200
864
11665
19376
21417
11116
20746
9649
12972
6299
30492
17890
2341
9548
247
30658
26472
2065
21559
11925
18302
5988
24512
1717
22823
30101
26605
28969
20251
14599
24043
15736
4501
25756
18015
30143
31250
17518
29519
16642
31830
704
5439
16320
24753
2356
26522
5834
29568
574
31828
7253
19958
3800
27342
23373
7197
1143
26106
24812
1047
18238
32191
2188
4778
5234
3999
14777
20732
20783
10903
19595
26522
12633
27206
