100
27495
22339
5234
10903
1143
3800
864
11116
22823
27342
14208
2065
18302
20732
10310
7724
20783
6275
7572
31828
2356
15736
6299
30658
5439
27924
12972
4501
31250
30492
3999
247
18867
1047
11665
24043
2341
2188
32191
14599
11229
24512
30143
18238
9711
5988
1717
26507
16642
14594
4778
17890
19376
18707
5834
17518
27206
19637
26106
18015
12633
25756
29519
21417
23890
21114
21559
9548
10131
22200
30101
19958
26522
28969
574
11925
19595
7197
20848
704
12449
26605
23373
20251
7253
17126
26472
31830
26771
24812
20746
29397
29568
24753
9649
14777
16320
26522
28231
29985
