10000
4323
19388
29911
17920
8392
19090
28669
25557
14008
25275
8408
20354
14899
16645
5902
22504
1320
17394
12836
11591
23143
26721
27540
21250
8279
26987
1824
24226
13292
6028
7525
10270
26580
11011
13491
20314
1009
5499
23580
15085
22796
5866
31947
29735
15560
6586
21912
1107
468
6695
21721
14137
16485
7400
17530
26343
740
30993
31824
13489
10979
31032
3754
21367
8790
6102
9001
18214
11520
23281
29650
15745
28203
4856
8290
25634
30364
239
19425
24507
28358
10187
14458
18594
12606
19744
21898
20621
26991
27897
29687
30106
2703
9479
5315
26258
13010
23295
1505
31854
20189
8765
16711
27930
4477
9389
16964
7034
5017
4843
17684
10411
12389
24489
9394
10891
29145
19026
19181
11131
8546
31980
26302
22371
20695
16707
23769
31223
28590
4420
9858
12857
16496
1703
4770
32575
17002
28113
7450
2615
25510
32760
20567
20904
3865
2184
25894
6651
27422
31173
5322
18233
23587
13490
20813
1046
8098
2098
22547
23087
4948
11118
21173
8080
31905
14198
31244
23929
25690
25643
28555
5218
23210
3164
16594
316
14154
15663
18817
18426
10741
21699
26442
10064
12060
29715
13387
6586
15578
18462
15258
1985
15402
28229
23585
28538
8792
30708
19884
9551
16053
20868
31808
4609
4239
4192
11695
4590
14688
27751
9577
22928
24390
26770
14997
839
5043
28375
5216
10840
4710
25421
149
14133
27802
29328
6255
16639
29821
8039
10155
10313
31971
21412
2528
20255
16700
30796
29203
4678
2499
22776
20614
26566
24569
22139
19154
18086
26450
11461
31285
15351
11822
20488
25645
20756
2826
9497
24902
10023
23032
6424
26160
27631
11852
23635
25364
3009
19609
17512
11560
17613
220
6570
9858
32675
9462
21446
6186
4342
27488
2471
29298
18591
16922
6294
26506
29156
25060
18086
5199
10491
23985
25679
11108
10698
18009
12633
22148
31729
13966
2299
16918
8202
23313
6469
1794
8751
19237
10683
26308
13757
17733
13635
3519
15960
9234
23361
20435
27184
8079
27648
4913
16770
11920
5204
23918
20321
7280
27773
14039
18358
9987
28239
22533
20102
14539
5776
21937
17523
4975
13730
16073
15494
32360
13153
24770
32555
19966
19023
9777
15997
22131
32239
17301
24516
8062
20590
9847
32316
27643
31624
23222
2841
27104
12458
23068
11975
7795
9300
31284
20342
25274
26818
27744
24790
1075
23499
1062
24863
24006
11273
14283
10069
31992
14650
3875
26314
10081
21478
29863
3044
21600
8259
7368
22048
28429
8277
30595
21335
29807
10585
24630
8257
16880
18532
32690
4663
10253
23112
5265
11837
5458
23223
5578
4415
28038
11947
25474
11675
24867
28164
31269
480
22793
28787
23478
11477
19058
8600
9059
702
1833
24679
30557
2010
24055
28112
19686
29744
8030
11935
12972
9356
23178
17569
5461
7364
26245
17160
12891
32575
2986
528
11546
7608
24924
21987
31271
1856
13304
11450
5348
14210
1799
22598
13137
19275
1977
1614
27685
24138
911
11417
798
30228
14167
27662
20373
7786
2653
12058
29013
6847
2528
1874
18349
20725
14531
3674
24260
20840
1925
19973
18221
8237
2163
29629
3003
9116
13340
21286
14743
23563
20998
31742
11919
18653
22943
26440
8625
7868
24438
32681
6681
13090
25259
2322
18439
16670
3749
11167
29749
27477
17666
9663
31079
8007
980
27030
31811
15827
31754
10655
21859
11517
27692
6294
25001
14064
4940
24725
11474
23103
20537
5501
10830
28528
16629
9879
28751
18363
30313
4987
10529
10511
4184
26673
11961
19286
21906
17559
1168
15098
7274
29442
9138
17576
5993
21032
19729
20052
23108
5694
22048
16765
11020
9565
9117
27314
29605
4906
18094
29269
26489
32694
28720
21151
12653
23971
11852
28388
15893
25481
10315
12312
30243
11415
19627
19091
32038
19582
9586
4369
18545
23178
18114
30973
8792
14354
2990
13295
28067
5651
5452
627
15676
32280
16395
9228
5163
25181
839
2168
25028
31027
28443
9782
3615
26534
15479
6726
10953
32606
9074
30000
7097
5059
27617
22855
19590
10853
27688
20015
17879
2714
27216
28061
14106
28777
4954
19806
18553
26278
31955
19099
18697
3167
25769
6747
3397
18807
9021
17225
4540
13969
953
25784
13830
15407
30372
28388
9212
11547
21172
12410
14121
24583
6115
23899
30843
3184
26820
29341
574
28360
11800
7123
24651
30675
6301
32143
16509
2898
29990
2341
1893
4575
1776
15793
7487
25112
23604
31323
1828
17663
20729
17881
8321
6561
13356
12086
2247
23542
17138
11218
6500
4873
28221
5803
30707
27224
7838
13530
6319
31358
27226
25441
17710
1295
29119
21027
31564
10180
21944
28724
14437
19160
31904
27987
1223
20145
6484
29877
21350
15555
10380
1285
2514
32690
22635
2472
17511
26294
3668
6469
10947
30788
32512
32133
26750
22507
3277
26647
7701
17276
24665
30968
24102
27501
28496
31217
2787
10879
25986
29537
10177
24735
9273
32316
29552
29962
19401
30548
24080
17333
872
30679
12194
31212
29504
14105
29372
9785
9411
14740
30593
32647
15679
28974
721
10119
18098
12986
32189
27731
31455
9408
14654
19794
17569
2945
6694
18267
27520
5686
16726
11293
7554
4505
1074
2238
19267
9126
18770
24514
2632
29859
7546
14895
29073
26974
5325
21486
9325
21174
19517
26485
32659
13916
8006
23715
7277
5339
26076
24299
7863
20694
20130
7861
73
7057
10588
16897
20273
2740
13735
18510
4613
15179
18920
26042
18040
9744
26242
6506
11818
2285
2380
812
24005
2493
21826
15451
16965
30291
25210
14340
4247
17853
19034
28230
21350
16073
17417
22271
2866
26569
25891
30629
5282
9108
23217
2161
18715
8141
11864
29891
3473
30824
27600
15042
17309
13417
15000
28226
20688
32751
16360
25324
12360
18290
23784
16792
17024
6217
7455
3326
20332
27247
26926
22926
28358
14214
20926
15516
19107
796
1719
14016
28745
14382
20146
7549
9028
32746
4786
18464
26295
30137
21006
1003
12529
23677
4786
4979
32064
14615
8584
15687
12298
30253
14128
11730
281
29994
21751
12419
24631
12422
28167
1067
2043
21319
12507
20134
13026
27080
1270
29629
9889
4025
4309
21323
2490
16231
23586
12959
14158
9789
25130
21794
1330
8843
10385
2105
12357
20103
11844
9837
25344
15506
18096
21962
2638
18620
13618
1412
27806
9097
7374
28385
14135
31222
6179
7506
30156
24247
3486
16867
10321
22723
5103
21974
27405
15122
31417
20619
25839
10661
19342
29860
28709
28616
22298
30822
12523
2964
8862
3425
3745
4791
18849
2899
17185
21624
10210
16970
29775
23797
24464
14345
3058
15791
4029
21677
16834
16201
20241
17040
3009
24717
16059
1390
26831
18096
18861
3270
14713
727
25609
17795
6931
20697
24278
28380
30982
13127
9208
13945
18538
4266
28255
24535
8664
13835
21118
31469
11641
25273
11007
28176
5475
16710
15797
22292
29222
29139
11474
1972
26017
2445
2138
8499
22555
11128
5079
4932
2959
7788
5199
552
31046
1117
14963
22550
11691
5855
32025
1503
5724
3304
30700
14034
30333
3544
8802
31709
30033
21944
29423
12790
31499
28351
17017
10169
20449
9243
1035
18003
12643
4590
9421
16798
21003
30358
10292
5005
30485
10545
21622
18123
10384
22880
833
21663
10166
31820
27308
6675
8057
2791
29294
10325
17246
30069
26957
29789
20622
28746
11994
10704
9515
32213
9564
9509
25056
23005
10
22790
18876
10763
16765
8953
21568
6057
32356
21311
9654
13993
14458
27644
25029
24041
26037
23449
3139
21685
30656
13927
27722
31118
30636
13189
9614
17961
2531
28931
31725
21691
28253
17223
30024
19060
20758
5040
19858
19273
32447
4730
28966
23287
20915
16354
29022
20293
27438
4234
10081
14217
3257
12574
31036
23917
9705
11576
30005
17139
27209
32129
14171
16823
917
16666
19810
12149
13353
9786
3246
11210
32184
17944
3758
31551
8257
30731
18283
4995
1343
24559
27233
15608
27425
15308
4493
28017
25849
13490
23239
16443
632
14055
28498
12122
13338
5445
10674
29204
16286
31709
19901
9396
22713
30176
1781
7560
12811
2752
8469
4908
6738
13970
12010
30730
31198
16823
4964
12066
17477
15291
8429
32263
12887
7549
17145
24618
22612
22160
26079
8027
27741
18914
4327
21901
20777
32155
26276
15322
14585
584
32644
27335
29902
21817
21157
28616
17369
16935
8426
23559
14131
2075
5711
12385
32206
17802
5497
19121
11436
28613
24978
14418
22350
22929
6739
4575
3184
3345
15970
17469
2803
31981
10207
27356
17179
20653
14137
7993
30714
20582
8263
25000
5420
13209
3476
32592
3269
22360
3578
6519
20872
8106
114
12800
16730
2097
29226
24881
5110
10250
8920
6330
8673
11509
9039
6131
6049
4534
16975
30054
26922
5051
15266
24973
6553
11262
23908
1757
11044
3885
6051
11011
19281
30985
10792
30061
3943
18188
25747
32524
21794
9806
11438
3928
7083
22697
16123
10901
26823
21787
23951
21845
3663
18285
24867
12607
25568
13074
24681
22286
18643
15698
24988
4573
624
25256
19035
24481
19038
7016
439
23287
8542
13220
30859
29216
14906
23121
3084
3913
4343
11174
30368
5648
594
15045
17140
23109
30571
24221
30024
29677
31163
17935
24334
5261
17227
5967
20660
16805
7976
7822
7614
6266
11794
20438
10007
32536
25460
8245
24489
26264
20121
31261
32555
671
1052
20747
22330
6695
15264
6247
32428
21890
30146
8619
18209
11675
15948
9672
12506
24704
24235
32198
20687
3869
5284
20138
23803
26698
8514
11420
21243
1289
17427
31049
27863
23048
30356
391
22560
25198
31721
7735
25403
26580
6353
23664
5372
2960
2010
28890
25207
30010
32209
31319
30482
19049
21117
22505
17119
21438
8589
5584
17193
29476
30670
13810
14669
20309
24737
22400
17355
22689
26541
471
3485
2795
25297
5796
1992
4340
6236
12108
24880
11484
5505
27019
12464
2533
18693
26459
1386
23419
13883
1559
20828
28017
21554
4320
25141
2446
27949
29248
23654
22088
4691
10509
27771
4815
30632
1168
8876
21581
19516
27623
11439
10348
25251
13480
25041
16666
15780
19655
21829
3465
21813
15290
25276
25721
10152
16090
26934
9145
27423
1293
10263
26859
29509
19874
29309
18313
8000
28284
11473
8229
25569
1395
18588
31989
17950
22775
12956
6030
22979
11254
26392
27632
6244
2304
8304
31939
9366
18602
21496
11488
19807
22320
28934
21011
26090
32094
5706
25887
17791
12464
12638
29443
947
11960
15518
13180
17628
26560
3898
26827
10952
31921
29578
27832
15791
21555
30625
3799
24933
2838
11300
10250
10964
17393
17757
1863
10666
6664
21131
7068
31311
15219
32636
32624
13338
28285
5214
18699
1988
1611
10195
17497
8733
2750
14147
31210
9981
6041
6518
10046
22654
14055
32610
3136
15976
14999
30529
12816
25069
22890
9703
3845
29079
4879
10835
11251
24958
8076
24452
11945
23486
28127
28814
28094
5416
30181
29420
29070
23096
24956
31512
1663
26695
20708
24409
17545
26370
15980
7388
12277
5659
17738
4871
22372
831
20426
2314
4884
23623
28843
12727
18783
12722
27589
8595
23684
15699
12784
27437
9642
327
21538
21934
8482
21290
12759
25010
12269
10122
26294
4182
4734
12700
15217
8338
192
11054
7661
14026
859
22749
25763
8863
29236
7816
24902
14091
15410
14341
1701
26797
23624
27154
9684
9825
8112
16270
1670
8212
8564
9961
24254
28631
7987
985
28071
22833
2850
2382
15807
4794
32593
28585
21051
19941
30256
23336
17320
28958
27729
1701
4046
14357
20335
1665
8409
11865
24240
14299
20411
14376
24615
12293
26060
7558
20381
16440
25011
19340
27281
24966
906
16387
15741
7441
25661
21297
5723
17531
7219
21491
104
3741
15665
10764
11560
27772
9083
29373
28330
10872
25148
19350
9997
12743
20263
16267
20803
32290
29023
2634
1813
7102
22420
9676
10343
16766
6511
22058
1982
23399
2097
10163
16383
6484
21143
4923
6010
21995
8192
15541
5158
27087
26321
5
9518
16151
537
16399
1453
14592
19057
11284
15542
17374
13863
28478
24216
8537
17563
32377
29536
17621
14568
30853
9887
21554
26567
19529
9325
8374
7345
6507
18349
11335
23108
32541
32147
3806
31208
19770
612
20536
28338
19345
23421
2511
12169
2945
12951
25864
3207
30662
30281
18862
29601
5778
25550
20639
26763
12767
24073
20165
13270
23044
13766
3144
3420
30343
18243
31746
17885
22835
4335
1844
13290
1898
10097
16759
26626
11708
10988
6389
27644
29112
8578
22232
4516
5633
23319
1027
5289
9381
16983
1536
5047
5035
16122
2106
9440
6123
3398
1389
2368
6691
11990
1370
17377
582
22683
25279
6108
19735
544
11654
12737
8183
31250
32061
57
20219
9215
18374
32746
2370
17246
4176
32411
8070
30672
646
6553
6384
20133
19973
31577
2609
3490
22036
7262
25294
6913
2447
2909
9403
9914
30501
160
14892
30977
29124
16552
23976
2576
22864
4630
18527
18214
23451
19148
6845
10448
16786
14415
13119
32359
7348
26479
26502
4826
26825
3883
21418
3757
30160
8911
13264
15170
11833
20319
31743
2904
3412
26680
8751
3281
23050
1781
20131
10168
31179
25232
26233
20098
28615
8649
9344
916
23649
11468
13385
22534
4320
16910
897
18343
2920
21112
15741
5697
28458
26823
9495
4638
19671
8243
16569
24522
20314
28238
3255
13083
8390
17456
10210
6511
7053
19153
11866
14645
7156
16054
13987
10927
1475
11984
9467
19957
21057
8865
18667
16958
14943
27552
31005
25179
20788
9695
8557
27268
8873
11243
30530
11095
10870
499
18463
28190
14157
31789
5749
28241
3668
9334
30908
3164
25305
9017
28353
7585
30274
12177
8514
32193
29762
19122
16312
17687
24403
19077
28788
18566
8544
30610
1773
18037
5313
16931
29785
25879
6509
21158
9850
26096
2667
31060
18619
12949
10122
16656
7035
9907
18258
10642
21929
15186
25914
19652
17553
30555
24604
29548
7669
18776
31973
23820
14432
11900
401
16134
7607
19171
31831
16132
11281
22298
2848
27799
14536
1762
14142
32287
27089
19761
14683
21738
14664
8570
14767
3232
22351
10798
24695
6622
24089
28803
19106
15393
3138
372
14029
18150
31074
8201
32369
1551
30945
27864
12123
16777
7949
9932
22877
9260
7273
26917
25668
2530
25416
2752
521
30988
19355
665
4428
19233
10504
30094
1021
18584
1852
20838
7773
15369
129
6417
8741
16527
25235
17969
14852
20336
5551
25562
14671
20736
31214
18070
1013
13506
11985
1453
12977
21713
31005
6563
18307
10366
15081
17409
1632
2619
12789
9305
17961
5304
28733
7812
19930
23371
17102
30254
4612
405
31449
17301
26237
30307
19718
9613
30805
21970
15114
21704
9229
14007
15228
31828
31748
26429
5092
31589
4914
23760
6422
29781
24600
23354
18878
19689
19447
5900
30523
982
16961
22336
28849
32643
21581
23068
25689
14865
17742
346
27420
28313
4742
2437
29281
11188
19383
20646
30755
28481
20443
28704
19782
12130
16916
11737
21035
29896
19174
2202
24962
27185
31140
25529
23903
1326
23080
5621
4752
11306
4807
24481
26159
32168
7813
3077
371
7372
30596
16897
28619
10013
17859
18419
25390
14217
26117
16091
4780
6826
23822
6333
26442
6215
2837
20039
27404
30238
13175
6068
11859
6112
11433
11504
5993
24702
19568
20733
20571
14499
25684
11413
18183
24193
25170
15377
29557
25297
27089
21641
22635
30485
30935
1085
29243
28961
28029
21043
2016
10201
32672
8482
4681
3388
730
14735
11765
10658
1200
16182
19136
23617
6925
5547
3581
1270
30448
30785
6852
31555
3937
18731
13453
30356
30889
23521
28670
19398
15298
16070
26114
9193
16909
18439
7451
4165
10563
27078
7417
8092
5038
4472
24651
22703
18585
5771
6357
15875
14597
31820
31171
16101
15517
2825
31805
14764
6892
1138
21051
29502
13518
30533
31643
10198
25124
30251
12657
6404
22476
13789
7070
15605
10705
22154
1188
29428
15838
23677
32696
24881
16889
7163
13593
24513
31597
7274
18593
5351
520
14009
3737
9874
15239
29435
722
9510
11087
26965
13809
4991
27230
10779
9483
12340
23424
28982
12146
25624
28614
10441
7886
31239
3892
32532
30063
991
31162
5016
30433
4300
13414
32635
7873
6345
22231
15663
31184
16739
19701
13135
5446
24512
24799
26313
30825
23521
8485
6210
23645
22820
30520
20662
5694
18445
542
8543
26476
17733
2410
6873
10278
27107
7276
16259
91
28907
12709
29992
8892
22036
23165
14815
15894
20943
24377
8239
6367
22148
22311
22135
2831
29471
4379
15757
18993
16075
24607
21158
15289
12797
8295
28790
16792
4277
2179
11160
13582
18945
6872
20015
959
28866
19281
14030
8970
12722
11602
7829
19862
27302
15854
2717
16173
18193
7769
27799
25294
1482
21152
13999
9981
19471
22679
26295
27742
10697
11027
19585
17026
13073
1370
3980
26369
21236
31448
14307
15049
15219
14100
15939
8629
5838
31202
26492
98
24067
9177
28441
19518
30865
26375
17731
25057
2433
28644
25571
5537
3495
6789
32519
12896
12070
2066
5255
23209
29234
10362
7912
32764
7962
3173
28544
25701
3461
4971
29659
23123
13563
19075
27230
13992
9896
3774
18986
10509
21597
18485
25156
28296
18648
20799
29682
4688
13637
24040
19560
12512
30725
30623
8611
29002
173
24879
13974
10446
13650
30449
2692
23723
15620
24383
6061
5685
21400
7979
25900
15656
2731
26481
28704
27708
7139
11691
12298
29689
12408
26052
14966
32717
16883
28591
18910
4444
30774
3417
11211
17943
10429
29916
23101
6928
23331
21237
17485
8972
30440
20920
2577
25306
32369
30594
12224
18404
31568
29232
3094
27908
32710
8846
30202
8601
24966
31762
30047
26329
4540
3275
31592
22377
13902
16788
26063
11563
26722
14989
20871
22871
15392
17356
160
25293
30137
17999
22380
32425
4008
17717
13536
5912
30264
15150
10812
13419
7238
27697
21999
31850
19784
32621
26036
15339
24718
30081
1026
11939
12744
20207
13475
31035
713
30414
25762
2470
10890
17856
12651
20915
13682
12580
11054
4062
23252
31373
5764
6764
27578
29554
29013
24759
7905
10535
16121
5830
24068
3339
24477
16160
30813
27908
30441
1762
24170
20520
9696
10256
19181
3005
7175
17961
32054
9316
17353
30974
26788
20369
3610
31171
32106
10558
8539
9831
28303
29153
28541
20257
6457
26779
30570
588
28970
5554
13728
19060
5771
6465
2079
4785
30952
21038
2438
9523
11133
29021
10105
30751
20144
19747
30789
15514
13022
2302
5063
25634
6234
25987
29578
4133
12467
19607
7727
8140
17718
28130
8722
20504
9908
32641
9002
8753
19078
30459
49
31739
14541
20087
21253
14057
12286
10796
20559
4374
8607
29208
19042
13458
27723
13301
23398
18681
30460
24937
31413
17227
4490
15997
389
26615
15982
5200
25288
13113
18892
31757
6736
7078
20913
22042
5943
25350
9113
16786
9598
26977
4916
10230
6900
13917
11881
12575
19289
11463
29340
13175
1988
7279
26412
29801
11586
9785
16704
19734
1728
9841
29892
1866
1579
6495
22190
1710
6357
11803
13446
4671
6939
31651
1317
20990
12101
3115
5821
21737
31661
12980
24089
13099
5156
24288
19238
8336
4753
25349
18099
827
8923
24704
15733
25243
1545
20044
23630
17051
20648
19923
25038
16153
26733
16899
10491
31642
1308
23717
20813
15164
14504
5610
10237
13548
17052
16967
13952
30680
12985
14979
6734
29735
7905
18959
2535
31720
28724
22421
11032
20553
2936
31699
7802
3850
22718
31402
25661
5169
28226
21106
32291
9214
25236
21905
29391
28961
2549
588
5696
21291
8964
3293
15257
16707
13978
20421
13347
25882
12018
5731
16276
23073
27149
30150
20882
27897
19284
10176
20595
28458
4224
7227
12615
29465
28087
13520
5400
1076
13559
24214
19312
12144
3256
32312
24092
28661
31181
25163
2608
21527
16524
12254
19019
28297
24878
32082
22044
26573
13177
3948
15141
17391
26012
27816
29375
12403
25178
15056
6495
28300
25194
6862
11031
11663
11550
30399
26976
27046
19524
30280
19990
8905
14154
3373
12228
32746
14757
22559
31522
12912
6258
15318
9692
11751
15198
31328
16021
2038
23748
12985
15916
5265
1302
32411
32318
4719
21886
8855
30956
31679
26053
1125
13790
20247
14707
23417
2183
25773
4152
20438
939
9161
5514
31527
17951
11386
13200
12
1233
18825
3391
11186
30216
16043
25539
21926
492
18170
27424
29163
23624
22438
21017
2378
27535
31464
337
3049
8477
22328
21936
12831
9920
14016
23048
24455
1399
8976
17400
15443
10617
26899
14353
30947
26489
6466
6456
28567
26409
22551
26443
6369
5885
4805
28936
1438
3377
27686
23850
21414
31245
30197
20180
20641
3944
2621
10547
16157
363
22801
13920
29150
1175
32382
13699
12661
27913
13502
5182
8213
21245
30382
22345
4001
24722
9859
30297
32265
11469
3256
12103
11223
18399
17226
5230
261
23723
24872
23125
13330
2947
31205
10382
26453
25138
17841
29149
12432
5440
1415
6045
16072
24177
30632
23648
4692
9359
28743
27094
31541
20585
27270
28144
20901
29468
9633
4932
7410
8593
8809
22708
7309
10567
5365
3146
26462
595
7828
28007
5467
8869
25605
14877
10073
5772
21483
11225
8482
637
12667
10053
2503
29200
14200
9068
17976
6219
26465
3104
529
25891
22761
9112
6839
5184
7591
10078
16548
6401
3343
15465
17151
3008
3233
26245
14704
31831
10336
3836
50
19938
3974
24175
14954
32711
18806
28165
20151
2036
14066
5064
4618
8808
13198
20043
5304
14837
27492
5008
17869
20036
14602
1834
24740
31513
8129
23455
22708
1240
13807
25360
14253
3657
5072
4892
8644
23448
6760
1
29770
18080
9916
4868
12932
18536
1345
20
13495
15342
14741
16042
19842
15908
28269
2547
22896
20281
8655
11313
27854
6425
24961
6495
5050
32567
11201
7443
22653
23434
18486
8105
1051
3285
11559
18078
19752
14892
17643
29754
26844
28596
10144
27250
12906
30890
7456
5388
23694
6823
31537
16132
24933
5666
13308
14127
9346
4150
10433
10270
31550
18853
5320
10053
3919
18206
9371
16220
20381
20155
3442
31238
25425
24270
14575
11441
21294
477
22795
3261
23844
9195
30801
20192
9762
19705
23114
21961
15917
25805
16440
13315
10927
25586
26118
1309
27409
5632
19328
25096
11147
20766
7616
29888
6715
18116
21736
28462
4725
20934
23063
26958
4699
25998
18837
27277
11949
680
9553
8821
30946
21637
2958
5259
2935
23672
17881
15224
12423
19973
17470
26472
22172
91
22715
23472
18373
6431
18165
28595
22248
21611
31786
14086
30554
3607
871
29906
29357
28727
2555
24186
12489
27364
2091
29054
17982
22848
25127
24736
15577
30644
5437
23621
19062
3964
17741
14877
27156
31590
15997
16390
2863
27094
16173
5678
19274
14
7726
9336
28107
17068
8494
24354
1547
26484
6007
18084
1966
29776
3290
7899
12592
20373
10469
8550
1217
9608
3677
12113
17235
18209
20200
17904
7665
26127
18185
15118
4434
20987
30289
1096
8110
6929
10196
3507
23760
15805
32475
25541
109
15282
15320
13426
29364
17969
19871
27541
1830
23944
722
28306
22952
2521
28573
15161
470
4380
23460
28142
4251
20071
19514
29447
3070
3693
32468
26486
23871
5446
26557
27816
25891
12654
2315
29613
10892
15
13777
17304
22348
18051
5526
16169
30523
1300
31750
11689
11656
9991
26856
2838
21580
29658
17488
9088
14949
9673
11030
32179
29569
18839
24454
22806
28281
19338
12889
17107
17889
21944
30693
1592
32477
25473
23952
31838
10805
11869
13194
32520
7084
22488
32444
717
11150
29914
26363
7290
13961
24108
21890
30130
20413
27192
22431
29911
22806
29712
6572
7214
30170
21426
3649
25661
2942
11147
5544
5496
17598
12089
14737
25885
19181
18325
20743
22877
10633
14321
8355
14524
4114
10398
19200
2234
26140
15026
9582
24499
26020
2311
17643
3588
12192
14983
22351
25199
3801
2471
7366
3521
23805
25906
5507
27057
15856
3656
14259
9996
9572
22438
16816
9999
23209
27176
31864
1044
28358
12939
605
3442
22728
23672
24062
15006
11354
32446
5493
22934
7830
23776
30162
31871
19739
25039
13001
27276
31584
14328
11943
6179
14920
8833
32394
27195
11766
31696
32466
18697
26082
32078
3027
17883
31532
13418
13004
22596
26929
18656
28445
30329
21597
30779
18356
3323
13120
27288
24777
6518
3555
17582
21963
27881
18268
6923
28570
22792
9632
10912
2806
19679
2969
31360
17208
9399
6520
19173
13631
12605
10061
30068
28334
14817
19924
8898
23893
32381
29074
30998
21228
31799
1057
10353
28935
31144
28617
30667
4422
7742
24912
14240
32204
6366
25618
15787
3571
6606
1108
19954
31550
9171
27605
5378
656
30870
11430
6012
9627
9292
11836
15056
8346
27798
28868
19273
26691
9894
6838
9034
17399
14500
1197
22487
22589
19024
14198
3670
13678
26856
4198
24471
16050
8780
32753
27667
32042
23392
5753
1393
13167
26034
21348
4431
17724
6237
27249
2366
18279
28717
29516
15374
19478
31491
14176
13389
16175
4731
4588
26634
26384
10701
5721
5598
23937
13041
28875
29486
5350
24327
13558
4010
15802
15861
3891
4633
8248
338
3026
12889
15963
26243
26802
5281
21001
3107
9488
27146
31627
13993
17309
31310
13377
18500
29395
31439
22932
28682
3976
22235
25643
21586
13764
19758
8034
15454
21456
1720
29944
32062
29583
2721
8455
11760
11793
13195
25146
26316
32102
2583
31290
4128
24752
10410
4713
1047
1660
3185
22739
2015
29011
30626
26978
24586
19083
18693
22353
1077
22371
27828
27362
13800
17488
18975
26452
32446
14993
21330
27919
22982
29705
6523
19491
3112
16718
2726
23280
28940
13822
15564
9510
15543
28498
27148
1777
31479
10485
568
2157
19650
5142
30099
3424
10522
9404
7385
11560
9523
18777
25216
18162
2008
16547
4414
9773
11275
415
27595
19263
30444
27134
29160
11382
25820
9901
30368
833
29153
2728
27598
31136
24908
18447
1759
19417
10394
16251
8921
12909
409
22930
924
10314
26572
7897
24169
24898
1295
458
19360
1212
20862
3879
1486
169
27284
30861
6630
2234
26000
11596
27855
5584
8477
30070
14879
31157
23089
17206
28711
23305
2102
11875
3375
11647
17512
20053
25090
31305
16510
26104
23982
3280
4236
5662
18053
22441
19496
2586
1127
9668
19148
21130
24644
27623
32635
25204
23772
20059
14247
25237
3273
12006
16723
20213
2496
22265
15477
4799
28948
4649
7070
5712
2427
19683
6108
29582
30229
2908
7136
17531
6826
19656
27228
16394
5428
11980
943
6449
28829
25909
3780
21567
29897
23018
18743
1648
14295
2335
17082
13246
21668
28108
26552
16123
27281
4702
7992
8221
19079
6572
3
21721
30008
21548
24841
16243
20135
13671
18689
26580
10986
15786
336
21213
6190
11263
20524
25595
2557
3163
7681
31995
18876
30233
2579
20512
20600
3751
12902
6259
28130
9344
13019
11355
24727
30298
8091
7789
17317
31392
32440
24709
30027
15138
1298
7446
23297
6412
6776
15038
9912
3348
26896
15902
355
14328
31737
32232
16054
22312
12590
23865
32302
29119
686
42
23889
20920
27354
11938
7991
7519
26654
22894
27977
9477
25555
30099
5449
14584
100
8674
26771
7091
4784
19150
8354
25681
19120
16507
27861
25928
20314
29463
3443
27475
20933
18797
8174
26800
23437
17847
100
24716
23673
27828
25707
9916
15195
8955
4878
18349
28216
29839
24083
11422
23977
31411
16512
20492
6017
21504
18013
5742
5296
25268
8634
7971
5736
17741
4340
8617
24190
15703
31285
11023
18194
30850
24634
20397
32114
28663
5209
9490
25660
20972
18882
6206
24771
10614
28165
29714
6068
14495
27348
11268
23802
14521
13578
16151
23262
29938
19693
18187
13427
29480
5040
2000
10033
7934
6717
4929
28640
11055
19761
21775
30392
7458
8743
6907
1734
14015
10809
27977
5265
12930
11716
19313
22526
1485
13676
8471
15729
7555
9312
1853
29237
18642
18399
9656
4126
18000
32764
18656
11372
10058
26014
32652
19955
32088
4554
21822
3705
1589
27173
31898
27488
18894
5812
32285
2437
24217
1255
16139
28775
18472
7126
29865
140
9214
1482
22445
10528
6305
13055
11251
8416
15089
31144
28785
9782
23991
30516
19309
2725
32641
5840
1773
3432
19118
24877
12656
18774
23493
31107
14043
14857
16907
27606
1462
7231
28244
12408
5272
11648
1049
2255
23520
3842
16587
6488
6054
20425
28007
25836
26098
25106
3659
3394
5419
32754
17736
31926
14034
17211
6648
23880
19056
29855
7249
232
5324
22040
5499
7921
30562
27783
15071
2803
23569
3227
6017
18613
2324
12020
8079
8570
28979
20360
8762
7812
21562
23622
3524
3287
17323
30458
14810
28223
24496
3697
11301
31636
24659
4829
2844
7229
16113
18810
13084
30451
5100
882
8634
32711
31905
15359
11096
10087
7578
25039
12022
3997
5380
20396
15435
26904
29027
14428
24596
24175
132
2502
2733
12387
2739
2903
17630
26469
20015
15268
9975
15960
20187
12625
17951
10903
20022
817
3049
9530
32653
31662
11304
6549
19568
7020
11525
7426
15714
12073
13646
21473
23252
31976
5393
10204
6741
19534
15466
13168
11267
20044
5273
1704
15429
10238
28503
10540
32188
9427
107
32123
3958
21487
5496
26997
4965
5325
25
26652
2320
22313
26159
26779
16521
4637
27770
7816
31135
13962
28519
10086
852
8377
15913
10606
28562
19778
3083
20367
12057
21805
3077
18099
10684
30040
27277
8260
9933
9496
6575
15854
6614
35
9056
10919
10121
1966
30224
1261
30458
32466
24446
24143
8972
26164
10704
13359
24617
23269
3811
26054
10807
23687
30176
19305
3783
16050
12048
21258
26511
18838
8689
17921
6426
19937
8585
7181
10686
12259
23290
32661
17615
11759
4695
26420
32274
26117
8630
26741
26996
24239
28294
10203
23292
5929
18723
2597
25343
25284
27304
2767
23187
5004
1285
23516
5189
14377
6481
13011
1295
28931
2145
26376
31108
8362
4505
17692
11086
31604
13314
15303
19162
14952
9629
17877
20818
30042
21751
13679
11980
26712
10494
17564
10433
10309
29459
3848
31936
2756
18272
22787
7011
17752
12140
18380
3971
1993
27372
28432
26024
5577
13021
22446
10179
9175
13007
25533
16672
31588
11396
13264
24214
10804
31161
29048
7937
16648
24644
8971
10226
25978
27743
27812
29348
15144
17732
25195
25906
26644
12282
20503
3080
14411
13422
6577
1943
9413
6341
6554
590
16781
9969
8143
17093
22305
28802
30316
11835
11036
1215
3951
20290
15378
19702
16319
13497
29884
784
11117
15611
6741
30312
18233
8534
31299
4830
4952
21951
6906
24103
29556
4291
29726
24423
18421
4033
29159
9473
11391
27479
18378
23725
32699
4122
22102
12748
6235
12170
10332
26105
19288
15685
19282
22497
10110
19578
1785
27732
2603
24993
14398
3484
29012
3177
21342
13581
11976
24050
20814
13021
24761
3901
3162
10294
21368
27617
20492
26506
12416
21759
8271
12071
7862
28791
31700
29195
14319
22620
7605
8953
30643
24230
601
13772
1857
14631
13207
19212
2770
10689
8222
14783
21538
30421
532
27521
7725
18430
6397
16087
13878
15104
15071
25537
13838
17659
163
26254
13203
13285
4543
23796
2423
25654
21266
26976
7491
32485
32015
2187
18075
21396
23838
23886
15299
8968
17983
28343
10082
28123
29937
3164
19334
7029
27218
19695
21993
3384
647
23315
18803
29179
19038
1134
8447
28090
22578
16128
3938
27019
11280
6323
169
8148
23319
17715
16547
14524
2597
15871
27296
2783
31664
10433
1655
21574
13553
30683
30414
32662
32328
31042
7317
18823
17116
18319
21460
23192
4994
20819
11687
10498
20704
27307
2950
14058
16594
7445
32714
218
4876
10626
5997
12402
6401
28845
28946
26459
13572
13738
17733
13949
17581
28354
17411
5490
2687
6270
27517
28218
23239
16130
15385
4400
4039
12700
28090
9532
2324
5277
2625
26699
14909
17768
4436
21500
3245
17608
2398
31388
6355
7047
8662
12373
31360
27964
19141
21666
17552
11620
25986
20486
22476
10932
29376
6654
8463
25774
25035
23348
680
24435
25871
32757
27904
27096
28634
20197
27261
2491
16739
22514
8869
664
8458
20358
6279
10839
12257
10753
10326
104
29548
2918
2136
15122
32165
24404
20734
16136
22083
11577
20565
13630
2364
31938
11421
13050
32393
24214
6710
10286
32553
27971
10436
2053
2920
23160
27531
24508
26209
23670
283
20403
31426
4033
15922
6852
31951
8475
32734
16339
28074
21426
26850
20902
25553
14233
3675
247
15592
9333
22435
3272
7353
19577
5494
3319
23929
31636
5203
19218
21836
22248
11813
7532
5388
12415
7971
30833
1094
17209
8693
10806
32390
27401
5912
29781
21973
11617
15235
30711
24191
9707
12939
10290
26650
11130
26372
13974
18371
16704
1961
11778
22443
10305
8894
12220
4051
9479
9459
1729
7187
19864
16268
1370
4961
29605
31167
24816
13392
32516
29021
33
19159
19553
3765
28436
9044
25648
12214
28169
11984
7653
3667
20020
15493
872
26156
4299
27805
2243
7530
31838
16445
27678
29930
7271
27330
20974
927
24354
18507
29033
305
17822
7543
25917
9194
23060
1136
29825
5587
24697
11048
26604
17690
30031
18146
16197
5047
3776
24821
23322
10831
5101
24780
28341
29273
32388
30514
20044
31615
14992
20172
28024
20551
14486
9703
8680
32242
26077
13685
32343
21413
32525
2385
22971
7366
28924
11723
22208
23209
15300
22112
32628
16748
3097
25033
18756
31775
32473
24376
5415
31784
17125
30942
25
22502
3376
26544
6091
31893
4885
21611
18329
14194
32494
18901
4540
23071
4834
7238
26817
32328
28158
27240
15673
11399
10119
6971
5043
27269
13455
32092
14055
29795
19399
27526
23092
9560
15252
6745
16461
21403
26213
29530
14895
9091
22851
8508
4694
5612
12458
12638
14384
21982
16279
28308
16338
2409
11490
22826
2538
10707
31438
24614
10228
9974
11487
16334
20657
23011
32747
10602
30933
2763
26740
6219
25600
3616
19253
30732
16880
15607
9211
24
11253
19633
3766
26732
5797
18906
26320
23455
3024
14929
28861
18975
16567
10921
16852
701
23672
10960
23133
13420
717
32238
9707
15685
30454
400
21996
27343
27380
4102
19070
3966
20216
25097
32132
4473
13595
13218
9209
22176
7503
12359
31109
12750
15766
27206
27214
13659
6770
24935
3857
3814
924
23756
12145
20561
18680
7197
16015
18956
15305
9186
1498
23191
20514
10544
29225
22338
29341
24712
14087
29240
26190
13308
15437
16827
16122
9363
2551
19633
19333
23279
9776
16480
1194
11053
6575
13174
21487
4109
3654
6732
18135
24915
15288
20587
601
18797
5836
23376
2705
15957
30367
19052
12982
441
9278
22639
18764
27738
2164
12742
21658
2226
27617
1122
29535
16601
32076
15548
13761
9129
4667
5142
646
1313
21952
21507
23686
32263
22933
29481
7264
3793
15723
28486
29293
27078
24704
2161
17650
10337
20848
16803
16026
28662
28749
19061
8483
18839
30449
13867
12375
12601
23443
9202
18750
8211
16793
15462
31122
5703
27821
10327
11123
26564
27155
25805
14684
20587
25658
6217
32342
4977
21649
19790
13931
10756
1947
13856
17246
17713
10054
24012
10649
9989
16249
27240
22887
5874
28908
21660
6243
30069
17980
14434
7985
13046
24383
8969
16235
11760
26261
640
9694
15441
1407
6609
3319
25636
18932
7916
29560
1901
13042
26022
11119
1876
22291
15361
21865
8838
22880
23470
7139
4825
8297
5328
17153
11823
918
5635
24707
3740
25272
30109
20468
1483
23523
24628
14116
24477
4992
4192
11993
14356
17054
29633
25538
26736
32649
8516
17324
20375
29854
1187
2808
31162
31069
25387
17997
27446
16832
7618
7306
4792
6091
21544
29951
9893
21349
19837
19932
29113
1126
18948
22249
21230
753
8742
9336
29855
23044
22202
3737
32493
16461
30339
4236
18786
4928
31994
15484
20436
2150
3662
5994
28300
2296
13482
29031
10664
27564
694
3590
958
207
16224
12561
10178
9364
32476
25467
27178
19372
19689
1174
25935
15894
19543
31622
13591
29753
28614
7414
5585
18992
12208
6409
27232
32101
25002
1427
28060
10337
5350
22666
4853
12514
6141
26295
23130
23598
3051
15025
7001
32168
10331
22540
2951
29601
5414
16078
1058
26224
32022
17186
19189
32197
15855
3409
25212
58
22960
21997
9545
4395
3350
12880
12454
200
12130
1349
25212
25192
16220
26628
28275
23841
16792
8036
20059
27285
21496
29004
4555
30734
6770
28266
20743
7630
26899
1064
18215
24736
20292
27356
22390
12723
26701
17471
537
8360
5399
32289
3057
29674
822
19803
24002
6974
9510
21764
24212
12443
32725
19944
19801
31547
29026
16949
24017
10482
21797
12664
7339
12735
10479
12488
24301
6561
6035
23361
16533
1195
3237
9909
30336
20827
13697
28829
30604
11560
5007
22358
16634
22362
966
13194
14870
1566
24431
17900
31513
8666
6700
27944
31566
19134
312
30745
27252
23708
32752
26685
14692
25849
3475
14439
5619
16228
10310
31668
24090
19462
347
26816
20052
29819
16082
9498
28488
29408
30240
25845
1704
3885
17456
13088
3929
18117
9896
30008
31956
4684
31341
28
19916
15801
17257
20641
12817
1708
8588
15495
18356
29953
5904
12204
13164
8613
1026
18816
6200
24488
31486
28345
12870
31636
21306
9032
6420
1278
7109
16523
27861
22106
21521
23492
29462
20244
3504
28874
26273
29660
23387
9470
32417
26945
12600
13953
28936
31873
6749
27556
29742
11935
26512
5792
954
30135
15184
392
27846
10383
5914
22139
25918
18542
19941
22558
12937
7473
32751
32329
9068
22427
955
19201
24875
11757
24666
27559
23537
9910
15595
31342
22129
1517
26974
29715
21710
4157
25725
13768
29368
6304
812
6001
25817
3119
7407
30226
10607
28729
25006
17032
11322
1682
15541
26744
24984
3117
26879
8582
7407
17901
6836
2247
9803
20409
25072
632
21320
25039
10950
19440
10035
90
32389
18387
15980
18758
27193
23177
2318
21587
11893
27374
6354
22888
7248
23371
1585
4395
17326
3718
12489
974
22209
19861
24322
14891
26319
8504
241
1300
24117
29672
6781
20196
23468
4106
6336
11098
21195
20073
5808
6568
5581
2275
21758
11462
11413
9571
26942
3596
7407
19727
26697
3584
2073
9154
4063
14189
16770
5052
13201
6325
17105
408
28894
14183
8489
31871
28317
25108
26539
16028
11163
21599
31549
4559
8324
24916
27530
27814
14599
6139
21834
23433
26677
5676
14788
2612
23594
32164
28561
363
5360
16217
4258
27880
25248
12555
2437
32153
3786
8476
11747
15368
13591
23713
30286
24347
3885
23481
19257
31485
14291
2078
328
7260
10582
20985
27339
9173
31531
1787
8837
30124
8917
8105
29617
20929
15370
30455
839
26559
7185
8217
7803
31639
13422
20118
21126
11821
2241
1182
12714
15952
15340
31645
26992
22000
30836
31504
3637
14219
14378
4504
16356
24553
12042
25676
3077
28681
23907
2132
12535
29531
3384
6836
9849
22064
16102
2661
3952
8302
18696
18602
30948
18568
12184
21409
2635
12973
30295
20248
2826
12352
29294
8099
24889
5001
24405
15339
28070
11178
15092
10313
26909
15572
11528
20628
9959
18618
32201
13367
24721
15174
24522
6278
28399
20363
4384
13650
5215
16636
6086
4026
15442
7387
7488
30533
21513
18420
11647
22830
8349
3210
23813
24063
13890
17554
6729
1377
29900
29727
11869
13363
11635
26654
12494
26841
21971
11587
29388
2519
27703
29507
9610
670
28950
12356
16360
8869
6622
6289
26448
29372
8433
16019
24541
29854
22253
28413
18371
197
22833
7494
8683
13954
4509
29788
29661
12876
25496
24471
31459
32345
10840
8171
15467
29035
27742
16739
30126
28653
26687
1226
11919
17214
24234
4523
29638
31565
15783
1149
31805
3686
4381
11543
15802
11083
23703
4458
13503
29063
16967
2158
25519
1023
6988
349
19761
10698
25904
19232
28121
28994
10421
28678
30982
2395
15825
31164
23814
17716
4343
12666
21121
32236
19864
12410
31508
18103
4586
21678
21308
10033
4072
28082
31606
20466
16282
13824
7332
32098
1686
27747
27571
31950
30919
8622
4219
1980
5741
3757
29670
27004
11109
1628
14677
8960
13227
22615
26431
238
26909
14226
795
22514
24193
31050
9345
23385
19402
16443
17292
16860
28567
26644
18050
11449
10749
17704
4791
1289
13446
3174
9390
17229
7033
30603
29570
21834
23644
31126
9092
5655
19896
6012
19494
3188
13340
14622
21784
25437
10340
1656
11952
20703
13115
9499
27023
24363
16863
27101
29058
19433
22565
21199
28582
29134
9148
23919
6096
28785
21685
3359
25899
1626
24387
13782
2595
20828
2752
24342
6018
26918
29169
21278
7897
2068
22667
11872
21538
13899
31222
821
29347
11012
13648
26064
26902
22568
15029
29808
4358
21534
7614
12250
30076
5600
28999
14343
27867
14165
20598
16666
2569
12763
30969
21653
10447
18722
23182
13003
6531
6209
16329
26777
12260
29955
29714
27985
14661
7554
2797
23799
7662
25592
11390
8880
12735
19665
2892
10103
30742
21253
26437
22802
24307
18084
16898
7492
13658
31155
10317
1349
24825
12086
13536
21871
5899
142
12400
13626
7292
11525
29418
7018
20814
1960
27133
19079
2875
30549
26840
29070
924
15636
9525
17638
23689
29866
1430
9109
322
876
9422
7348
26061
26962
11972
26912
27105
10316
31348
11635
25347
13785
1334
6195
4591
10965
13123
12361
1849
9618
31093
26548
15156
4651
21582
18046
23827
19733
12348
16879
7502
21495
10011
5122
30536
30908
14076
10005
15918
19174
22053
27108
28962
11045
2137
8120
6809
15656
22873
220
16129
11187
24746
16209
7848
29426
12953
17346
20185
9485
25213
14010
28232
23804
31292
10773
30895
21405
2832
30389
32186
19203
15243
8822
16161
17425
30425
25187
31251
12872
8518
3370
24539
8670
30207
4557
446
1040
29213
18075
13346
5561
28895
9311
11510
5154
23863
16855
24909
13340
7305
9063
26188
3916
5807
13071
22855
31687
32576
29851
4903
479
17426
18969
11023
25660
17661
23696
3135
28206
14562
31983
9016
31809
25580
4420
26144
29458
790
25134
15465
6242
4334
23701
2478
617
18328
7064
24541
4460
1045
20167
7323
10130
28358
20627
30180
4852
3371
258
14834
24051
8433
14504
18017
31182
30764
26578
31376
30580
4833
13828
10570
17046
16839
13734
19878
4865
8782
32762
1835
2091
7137
19793
8504
8971
17000
23935
10659
4654
16914
17548
23201
1032
14417
28588
23526
29576
7718
30321
7949
8943
10142
3136
23353
14561
15517
9730
27645
13244
28378
10267
6009
10026
4395
12448
32710
30706
21507
20932
17301
2580
2872
20628
4626
5396
266
15333
13839
4758
31330
28554
23646
31531
20567
22474
6526
17771
17142
2321
29307
23364
26947
32741
27919
31121
25211
7452
27405
11758
11420
12876
21759
26315
17447
12932
22542
18880
28965
23353
15139
17440
25960
27011
3916
2513
4115
12170
16225
30299
19037
7738
17127
1086
16785
5951
30772
20105
16985
6957
27092
20648
18749
10238
812
22654
31847
23490
30813
24244
29353
12178
25964
14672
27585
24262
26783
23689
24027
20072
15402
7641
31831
2280
4874
11605
7117
8720
15666
14650
5966
5947
22245
28616
6893
32706
1891
21331
30590
8632
4807
5271
25502
16087
17200
26444
19956
11705
27935
1274
9398
4940
4896
21007
13934
20608
27821
22831
4094
30786
21583
4299
31713
25006
24838
7925
1717
10880
12011
3954
11510
15820
6932
12305
5645
13040
30392
1852
137
6342
30099
6349
17324
286
23436
27939
2601
24683
11670
3700
10796
5564
27092
28772
16027
12014
2816
30167
26011
15648
23309
2308
18519
19816
22795
31180
20477
22980
13900
5705
11272
18004
11973
12713
3525
16070
16566
3389
15632
2065
1934
22477
27231
6758
15881
14127
25091
5987
11163
4119
1194
28811
273
49
10535
20979
26742
15981
19318
9533
19507
21915
11514
16586
6523
27959
18954
5932
486
5254
18604
31450
92
17378
17568
18984
9525
2129
7329
6006
28062
3421
9447
8615
10815
31008
25328
12501
14619
20127
13952
11074
5815
19033
5095
30354
2686
27935
13186
31032
29284
10533
23172
20527
29130
25946
8438
3306
1953
19189
22781
3981
20435
4432
31580
20829
29662
15354
15673
13173
3778
32520
13092
9660
2078
15787
9557
14867
10902
22280
31029
30675
31095
13635
21537
886
2462
21213
23402
28308
24982
10817
13728
17426
9472
17305
12560
9366
3896
21734
13195
1853
309
10320
22377
29329
9905
15546
22990
16821
30346
21658
15916
18915
4713
26376
19209
29721
18849
10005
17411
7950
17242
5469
1297
23915
5102
20448
25355
25656
16787
5133
30061
15764
31803
10016
11608
5034
3256
6318
24025
10208
16164
4990
6510
19025
19584
12443
2246
25982
1947
167
7881
29248
20789
16242
19928
26626
5989
26060
8790
32044
25656
3479
26215
19426
16283
23584
13047
12015
26747
26287
4607
27388
10538
17756
5635
30726
19205
18469
2784
32527
27988
574
9156
24595
17265
8104
19070
21565
32301
14597
29688
91
25711
6571
7681
2960
24350
11255
23120
3656
31809
32739
2758
28017
11621
8155
13044
30185
17727
10189
733
19506
30867
21120
32509
1133
26197
28966
27018
30342
27405
308
20729
8876
17280
21617
26564
14852
17036
32589
2411
8094
7764
373
4281
30120
6301
23716
25416
2785
1656
3516
22087
15441
31522
7189
20603
7992
6696
13077
19844
1860
21710
31233
9826
15622
5810
7698
17207
30887
9645
17100
6734
29911
14586
19595
8285
11783
2970
14687
3591
8664
28150
31769
7845
8915
6855
3494
11334
5210
21299
10396
19700
8926
1592
25363
21818
19539
1870
6838
25571
19681
6216
26394
23299
17373
19068
1614
27196
9463
31523
30643
3642
18869
28419
14605
10624
14112
20811
23003
6759
27581
6590
22756
29283
18878
7699
19
12937
29050
21148
12932
12622
8219
32295
24799
3474
26262
25890
6117
21213
19681
12290
23880
13032
13664
4325
20160
30815
5280
27765
14171
5861
20807
2576
3861
31833
24651
3879
6312
1879
29027
18916
4517
18178
16315
3856
10436
26625
23276
12083
11896
29384
31787
18173
13255
16153
15296
28388
2905
16586
15035
3599
24783
4552
5346
21619
23126
23900
12013
8252
30843
4269
13558
21102
10305
29831
23851
22220
15216
5210
17094
25337
15153
5766
27967
12509
18648
27093
22463
14410
257
27721
3289
11231
5342
28441
10869
15661
3535
15350
25100
27673
28467
32658
18715
25985
10879
15715
3537
13603
6541
12453
25611
20154
29494
16030
16003
12905
28194
24101
10308
12381
1503
6245
21090
4015
5681
1759
10727
7303
16553
29358
2576
24967
20601
30991
24250
4199
4231
22816
19223
24028
18368
20200
10405
21695
20399
8088
29281
25707
31054
15120
28728
11879
13340
5797
14014
22341
11119
9506
20258
24265
19980
4108
7010
17230
29685
5675
19131
29798
5762
13125
29284
22721
20147
29997
7803
27472
3525
8701
28480
13225
17411
5023
5761
7598
27103
27794
18773
29801
8001
2538
31245
1083
21791
22169
28264
10294
13646
25582
1542
18119
15512
27483
17695
408
15118
7547
30581
7348
11935
25171
32647
24813
11242
28377
9736
32123
18769
21426
32143
11493
16463
26944
11920
8485
14603
15580
16267
31495
29741
25440
11651
20690
18160
21737
26802
2090
7544
13787
2427
1845
30567
12581
20896
253
4779
18374
19893
24853
14489
14736
10965
6784
24896
27435
5267
24014
8439
27998
12083
31368
5177
2442
539
28622
15795
30583
26244
28735
2714
8275
20085
23833
28994
4856
30706
31905
24045
3438
24689
28614
25057
16305
3213
11009
22717
11188
30718
30335
30732
18085
16841
14722
32027
16243
26804
5381
27912
3726
11261
4511
6940
13038
25675
25769
26970
16470
26853
4259
30552
8922
21794
25812
13134
15263
16929
8241
365
15074
18617
15232
28018
23355
24499
7869
6778
25123
27191
17853
25880
2485
2693
6161
27557
14257
3302
30765
28887
9670
32481
19914
19605
24337
18097
3976
24330
14049
20215
4056
14841
7357
6829
4377
29776
29096
21851
25857
23551
17059
13197
6975
31242
3188
14212
862
7389
27814
11820
1517
23777
25553
30798
6365
20300
3355
29703
21290
23357
28415
6777
25534
25864
18765
9664
28562
17358
1138
21287
6934
13650
9722
5532
17107
17415
28243
19554
10062
21358
980
20998
4144
18078
20221
30612
10917
29988
27649
16394
9986
25102
21889
28685
22954
26947
11419
17883
25394
22294
16931
28033
9155
7706
17712
1358
32192
7991
15067
18055
11177
14333
9027
9820
11584
2873
28629
795
4074
14278
11978
12708
5719
29094
4080
32541
869
12625
9902
31463
3138
27981
3394
7376
13777
4607
19790
7050
8528
11201
12691
1884
3127
30517
25852
32023
1891
19416
734
1356
10611
5338
31870
29628
16499
19501
30676
23312
18104
11228
2958
26826
7946
2462
31832
15740
23561
4267
24411
5431
5833
19918
17923
21575
6336
16827
22278
19485
23778
28068
30882
19597
11274
3591
28710
21818
22684
30666
6835
31566
23912
19337
9028
22382
25554
29487
23020
4077
30000
7619
4191
21311
23412
11653
8116
22193
29963
19514
31593
11608
5
6596
30120
2887
8309
10485
6344
18693
9755
16037
14871
15167
21824
1794
10711
12985
14050
13608
9350
14474
13329
16626
26979
23177
153
14095
6701
7171
6369
20312
18478
24239
22291
15712
21112
22499
25469
28493
31087
26119
1080
12007
19335
23115
4103
22767
20303
2709
2177
7858
3759
16317
8051
1502
26477
21501
11136
6803
17654
5539
20490
1981
10076
16905
23638
2466
7067
11463
9706
28343
2336
26407
25146
6840
30860
31706
17284
16375
14261
4841
23801
17141
32493
4590
4637
31791
31624
3203
5488
19514
25496
6395
14926
13842
30459
23888
7700
29616
4504
26717
27780
14554
13029
11085
17259
6207
7853
10068
31104
16067
31504
9117
19600
31000
4043
32643
15064
14222
2745
29955
2995
1068
28058
24433
19317
7935
2324
23147
16022
13490
10487
19724
4115
25439
21957
13665
16145
421
20338
18465
4035
23547
9576
14488
911
23619
4046
15589
7276
20387
28170
8805
28559
16016
3716
1647
19270
2859
9133
1858
29732
18897
2625
315
15710
2029
17609
11340
117
29969
20579
11689
14357
8774
14021
29124
16958
19360
384
25212
3489
24597
29314
19857
13901
15246
9695
3932
21898
18239
209
21949
2309
29748
4605
3924
29998
17453
18167
23284
18143
21676
6921
2900
30782
8268
9008
4872
23780
27220
7016
27824
14655
2188
22825
21360
26932
32592
18226
24480
23049
9186
20101
23492
23427
14597
20659
26046
3147
14791
5977
12354
26006
18078
23787
30859
10757
26806
21168
1100
15306
8074
18446
15338
7693
27826
22280
13544
9614
20987
14853
16547
7307
30141
11987
21311
24036
24937
2795
22241
11133
3682
25847
16158
17380
13582
30609
28852
31540
4652
8526
20856
23353
5736
9723
5264
3796
13356
5414
5858
7329
16314
31201
24524
13528
5496
14274
6678
5745
31370
14638
6437
20364
27558
21207
15985
23823
20004
132
21305
28049
14165
24337
10869
19319
15894
1974
7948
12892
2725
12428
16967
5047
6323
13900
20101
3767
24506
29530
12849
8050
21904
2051
18162
18751
32573
30723
2337
16480
1034
16715
25472
22245
30426
20481
25385
12492
18877
29639
26564
877
8131
14912
9213
25622
28942
21200
566
27122
13611
24484
16760
10031
1955
22515
24240
15711
31436
24451
7704
4383
3301
14190
18675
24823
29538
11302
29565
17282
12421
9399
24354
20687
10030
14156
19694
31494
8436
26357
21573
23119
31348
28327
4564
28655
27113
15749
17095
9396
5118
2141
8252
1684
25312
5238
3832
2449
21398
8073
30553
20448
11669
2317
22924
15689
22671
8375
29184
22993
17549
15938
539
18327
6205
1644
4395
20476
6541
321
14751
19462
1144
26011
22135
27655
17440
15850
9465
8825
16926
18993
11942
13869
16406
17233
3948
16293
28558
25482
27677
5566
15360
22591
11552
28049
31533
249
20839
12700
30645
8111
28064
21533
2533
24133
11184
8383
13008
19794
24157
20856
28065
16422
32074
27314
11055
10764
7465
8873
11218
24780
14380
22548
11126
26740
23228
23559
5101
11352
2158
4888
10634
18776
27955
12737
26091
19809
11983
6149
29974
4151
29324
4182
2248
2417
27439
30135
30217
18373
811
1310
20740
28037
30485
24092
31510
22122
29784
30399
22309
19089
4138
1720
6195
25283
10942
11705
24114
505
4795
22817
5402
2079
31982
11483
19002
8729
9275
29571
27595
23300
9690
22987
9931
21182
28096
31006
22281
15784
18266
30083
15740
4522
26241
12995
28888
1144
31915
25806
15459
16148
11870
32603
24837
27285
31979
18639
27807
31270
30808
5216
7070
22097
19870
26490
30928
19838
1301
3681
12150
28086
1324
25625
17306
11181
11613
20867
9379
31488
7520
18376
20006
15291
31903
14842
27391
8478
21995
23033
11937
30113
23405
7316
22698
24629
9951
18673
5819
3789
18940
5935
14470
27165
17204
8777
27176
13985
10917
12606
26810
18146
11079
7023
25890
8949
7270
19528
2351
18756
20310
10786
21222
27793
25954
25704
14870
21303
16901
27897
21555
15283
27997
8398
27232
27236
31452
25565
13774
17551
18497
13373
13893
7334
10438
30858
22272
5066
20635
3467
21950
13454
5268
22290
8214
11006
21023
22564
6923
15840
4984
5722
2272
27961
17440
19591
302
23059
2443
12443
12083
23422
5144
20680
19053
25813
31815
19427
32103
8514
39
26892
11988
26756
13581
21137
24794
28912
395
30736
6832
25270
29600
23516
4203
12390
18221
20386
32021
22707
12456
25677
25344
30070
16404
4390
9817
15350
28721
22080
13824
21094
13808
24083
13975
7855
9257
25191
25562
29296
30608
22644
7214
14403
7910
10311
19068
1603
4972
29543
8767
14795
5533
11961
25052
128
8732
5025
3891
29329
13036
11370
25203
8765
8415
32744
21298
17558
14673
8283
31677
22405
23573
8599
18092
26895
13744
14946
6842
25558
27077
5406
30932
1251
16849
5032
16496
24226
13337
2687
3616
3374
22240
14121
26727
32719
5084
30162
11979
31682
12267
31287
32555
15416
31491
4034
1363
21408
15463
9462
26830
12841
12065
9742
19707
30083
8876
27361
5988
26086
5105
15369
28746
17494
21109
13124
12677
20005
1488
31514
14219
6585
10081
12737
18638
12432
17472
29501
1867
2688
7028
20171
8287
20036
27750
11136
11997
31540
2454
24622
863
24660
909
647
18137
1168
19
12677
11124
25670
4513
24329
8089
10245
8985
23746
14155
14485
19381
12368
16315
21559
7997
29353
12566
2349
20094
16060
29346
14717
11255
29525
9481
3059
26837
19521
26357
28261
7714
5810
18396
3386
30265
1253
23838
25645
2685
25857
11597
19535
18762
16195
26059
11083
30764
8024
3739
10222
9807
3338
12401
2023
9015
30751
8459
6859
19889
7038
27076
22108
20234
7060
31847
2058
5758
25590
10817
16314
10483
2120
4474
22471
6376
11357
29861
15942
15016
14239
12437
25487
26819
22450
17522
29177
27838
5716
8205
13028
24586
1672
11377
17661
6451
19699
17083
1981
31066
1926
1323
24627
11749
22621
20090
15108
14965
6119
11118
28592
24344
29256
4781
26902
11969
29691
20175
14139
27125
18876
20150
28231
29126
14245
20514
30416
26373
2967
6272
13147
18868
3803
12291
7968
11450
15113
21238
18958
20954
13865
3409
22031
16870
23065
13450
22925
13616
19247
13229
19253
24642
25118
23983
23291
30927
27934
14848
23646
1769
3143
32607
9709
22131
11582
12530
2570
7386
27156
4502
19694
9984
20331
24948
15341
9081
19931
6613
18939
23802
23188
6967
21872
30990
836
415
31496
3851
31035
4914
6702
11077
22477
31999
28282
4737
10743
21024
25208
22957
29510
257
32683
9678
16373
13055
8145
10297
85
18997
17257
11014
13170
29074
12659
16834
9460
29487
17527
29284
16963
18656
2248
27266
19183
6922
4106
5317
24654
8628
7666
8859
14439
7136
4685
24107
30734
20763
13380
22670
30801
20819
17118
18492
31507
26345
28358
11204
4855
28423
8527
1217
17024
3124
13493
16137
5750
26405
422
6183
16267
29142
26112
6924
28478
24794
10461
1025
31744
20208
24525
8416
4245
16086
14690
388
27326
28514
20722
3198
27925
13774
28568
19465
2104
21076
24188
1857
16169
29434
11860
31631
19189
22704
6187
19048
8596
21144
23393
28471
25617
933
15604
20887
30699
9831
3069
18374
20410
17189
20350
7510
10005
3117
346
29222
13748
21608
31397
1425
7634
21553
29982
16869
6613
12391
17914
7191
11569
30657
13796
7093
23690
2658
6721
7963
12569
8110
5048
12266
2896
24155
5618
31670
2241
15051
7326
17663
316
3993
12729
24675
24375
9330
10508
4625
22387
5926
13558
24449
17373
23294
14443
10595
9651
16977
31293
8661
4839
18002
7578
29400
4808
300
983
10501
11743
3665
31595
13948
13591
17678
24639
8734
1058
356
4389
14076
17175
28435
24229
18446
27488
2807
22272
23593
5075
20119
4975
22059
18463
14844
27308
28025
28522
12223
11443
2731
1592
22374
19402
23685
12175
31217
5823
14633
24921
3247
26737
8076
12297
24150
28817
27943
32129
6739
31146
7151
3891
5727
20575
7302
20359
7763
12277
8371
15997
12861
22545
27152
21908
27315
12226
28930
25322
30567
6593
30702
8100
27644
24056
24234
1424
20248
19522
18994
10249
8123
31858
29853
5148
17615
20374
14671
31721
6912
5757
12655
12619
5325
374
29852
13243
8415
15707
20955
21873
19098
25038
5332
15309
18675
5315
11071
16118
28545
1855
16025
27841
13782
12126
5659
13012
18703
25499
21740
29707
23466
15180
26774
3354
10136
22636
15287
3188
22163
32413
249
8556
17586
7021
10819
1690
20795
9177
24625
27521
12728
27408
3522
8558
31565
22137
21585
4003
22088
4854
31687
12981
4090
12139
13070
11059
32454
16506
13513
8072
27767
29073
9282
29987
31446
10023
13987
9429
13949
5698
31850
11898
19430
30013
24343
28635
4807
10696
10023
25299
25506
6192
7750
1713
27543
30689
8641
30942
29310
20777
14650
192
18226
2110
1439
4829
17967
6531
7261
3908
11872
27399
8912
16169
14386
22350
15870
21967
8941
21845
10886
30891
11332
25040
4307
4806
9771
3510
27029
30563
7912
22015
1650
6114
20333
10413
4856
20708
17381
15113
8663
4784
29325
5423
6733
26837
13509
30412
6625
9489
22119
31015
7764
12658
12119
4702
3029
19899
31579
24050
25460
15369
25645
20102
15833
8374
29135
11492
24118
6526
21791
2113
29050
20448
16555
31682
19912
2759
17350
27967
17959
874
23516
10566
26235
369
12290
99
11188
601
10961
18846
3141
28697
26229
28230
25815
11014
7937
25325
7487
27380
7941
12724
6574
15262
23139
31177
19496
6216
11102
2093
31288
27298
26100
28091
2785
28912
13678
13926
28887
20328
30773
9666
1264
20699
3559
7366
25813
6808
19370
3280
10749
22414
2753
7145
3292
7856
1373
24138
18519
6302
30133
18720
20860
10369
11096
17037
14192
7222
2754
29423
16296
10160
11054
15204
4700
12183
1708
30094
2873
10037
28787
24723
599
1427
17784
24424
8554
5599
2880
27728
6460
10001
28914
26015
19291
24271
26288
6084
15374
13197
16167
10374
24718
20984
3941
18318
7539
29077
16619
18470
2413
23717
2564
2112
18484
12109
16469
18618
4546
4595
14772
23264
14783
29419
12094
18227
19261
851
22179
20841
3237
31547
9669
32180
32753
26890
29826
31559
13084
4124
28877
6167
29911
6832
6404
8670
16766
8962
12413
22630
31818
22452
25187
21764
18632
16242
1728
2914
6282
24534
15834
18306
16668
19337
21955
19712
11833
23468
11820
31640
1087
6262
3706
7399
18145
5406
8732
16246
22556
17147
3867
17140
25452
32746
23282
31171
2367
25584
4513
951
24234
4640
25341
17946
5467
4287
10826
9459
24527
27815
5131
24967
26053
11241
22041
16929
23794
21430
11763
26383
6646
1408
6485
28909
11663
30556
32012
23590
25100
19371
11784
13751
11525
3065
4275
3382
26954
19237
17025
18451
27929
12994
456
14879
20628
32702
18387
10058
30833
12865
18738
4785
14580
29912
20563
32472
9498
32467
9815
819
24088
30188
32286
23276
30467
4905
5540
20704
16593
3843
401
11499
4736
6343
22283
1637
24981
23869
10191
8172
16072
24712
1152
12388
2814
12109
31038
15677
30839
11031
14459
27124
11337
30202
26634
24797
5133
16759
17529
14623
17368
1184
3745
32256
28781
23932
30587
15203
22960
8621
32310
13198
14686
25168
29830
8753
2556
26405
7486
12452
14861
25840
6433
32625
8072
29471
5621
26898
16265
1196
29658
25084
15943
26693
21722
6620
2886
5035
19137
16928
7630
15960
5935
7609
21915
3940
12779
15903
21462
25257
2426
4502
24644
26918
12785
9905
11966
10401
30215
18708
6369
7824
32366
23421
8198
2618
868
4870
19316
8730
15493
30628
14037
14468
739
19956
25831
5003
22872
20023
10868
31777
20251
19610
17796
18560
28818
14012
29905
26057
14951
2666
9083
9451
17118
10669
31997
20167
3430
12294
32096
17298
15470
11512
20911
10618
5497
26567
7338
28300
2933
4224
29630
8661
17224
569
10293
26567
18093
31386
12459
3551
22846
27292
18113
389
9169
17553
3349
11828
10760
27493
20849
1754
15908
10019
16194
16002
26394
17082
5708
29744
27881
14082
14749
22028
32554
1786
10943
32707
10729
12628
17714
6187
3251
23347
19993
29222
2032
6195
11316
13512
21620
29610
23566
20156
14672
7981
29816
14563
21486
27222
20277
19519
9821
26565
10743
12048
24553
25445
21387
7484
5103
3568
14672
4084
21231
438
26861
2197
23011
1178
23107
716
19407
11101
5537
20990
10650
16927
2615
28135
31772
7714
10446
29313
25720
15570
5814
22311
1708
21506
3327
8442
614
14201
14316
5252
28186
14253
10916
10907
2129
24014
15147
19592
4932
10502
23185
7017
3753
12544
15721
18132
17357
20903
26749
14013
22499
17456
30144
3226
22683
18778
9604
16324
30455
18676
4077
22817
25691
2720
2726
4608
1507
27608
5842
23108
29176
14126
27462
2501
27686
216
28405
16627
21288
11371
14251
15549
13637
32743
24831
8625
32480
26612
20355
612
30538
20843
13373
9492
32730
15384
25691
19596
18752
27327
22818
2120
29462
21596
27688
20442
18872
15023
9155
28044
5718
2552
9153
31815
13639
26112
5721
31923
26272
2136
8546
17824
3334
21477
15299
21413
20160
16797
30507
15366
19728
2699
4610
18139
26052
13081
26015
29807
13064
23438
1211
29159
15742
31190
7717
16676
5265
24706
30648
6122
16646
14095
5515
14913
17875
18283
24935
21531
9013
17589
26238
5688
4093
28484
30041
6727
23850
14828
17427
21070
14269
21628
24261
1867
15561
16267
31809
11036
5066
19829
2819
412
823
13472
2660
25871
13147
5892
1041
10688
4960
8938
14780
25832
5293
12531
23313
6866
12402
861
22508
6205
27520
2690
8905
31490
19551
21153
30588
11766
30618
32481
31266
23570
26206
30099
16983
7889
27459
8632
9897
27610
31082
28099
23629
1503
25032
23456
16145
29893
31425
24052
21906
18693
26105
22183
26031
11858
26727
24224
11581
4476
2219
15055
4860
23956
26529
8817
25546
5201
1846
14991
28695
17842
29562
27336
7577
10981
503
28497
16705
26728
6978
19514
