10000
32762
1
3
5
12
5
10
14
19
19
33
20
35
28
50
24
25
49
42
58
49
39
57
25
73
85
90
91
92
91
98
100
91
107
99
100
104
109
15
104
117
132
207
132
129
137
149
163
142
140
153
160
160
167
192
169
200
209
197
192
216
173
238
169
218
220
220
232
241
239
249
114
247
249
273
253
257
257
261
281
258
305
266
283
286
312
315
309
308
316
321
316
322
327
336
328
337
346
346
347
338
349
128
355
356
363
363
371
373
369
415
372
365
374
389
388
395
384
405
389
392
401
400
408
412
401
415
409
408
421
302
470
391
422
438
439
446
458
456
480
441
468
471
477
479
486
492
300
499
505
520
528
594
521
529
532
537
539
539
537
552
544
566
542
574
588
588
584
582
590
595
601
568
612
574
599
605
601
612
614
601
617
627
569
664
503
624
632
646
647
640
632
646
670
656
665
671
637
680
686
694
701
680
947
647
702
713
717
721
722
722
753
716
717
739
784
730
740
790
851
795
727
795
812
812
812
821
819
822
831
817
833
827
839
798
823
839
836
833
839
852
859
861
862
811
868
796
863
869
733
871
882
876
909
874
872
886
906
918
916
917
911
924
872
897
924
877
924
927
939
933
943
954
953
958
951
955
966
959
980
980
982
734
3184
911
974
985
1009
991
1013
1021
1046
983
1023
1025
1026
1027
1041
1032
1040
1034
1035
1045
1047
1026
1044
1052
1051
1049
1057
1062
1058
1064
1058
1068
1003
1067
1074
1083
1085
1080
1086
1076
1108
1075
1077
1087
1094
1096
1117
1134
1136
1133
1125
1138
1127
1138
1144
1149
1126
1152
1107
1194
1100
1144
1168
1168
1168
1174
1175
1178
1182
1184
1187
1188
1194
1196
1195
1212
1215
1211
1226
1200
1197
1217
1223
1233
1240
1217
1251
1255
1261
1320
1253
1270
1270
1278
1301
1274
1285
1289
1302
1285
1289
1293
1295
1295
1297
1295
1300
1300
1310
1313
1308
1324
1298
1309
1317
1323
1330
1334
1326
1343
1349
1349
1345
1358
1356
1363
1370
1370
1377
1389
1386
1370
1390
1393
1395
1407
1264
1399
1408
1412
1424
1438
1427
1427
1430
1439
1453
1415
1453
1482
1482
1483
1462
1485
1425
1475
1498
1502
1488
1503
1373
1486
1503
1503
1517
1650
1507
1505
1517
1536
1551
1547
1592
1542
1545
1559
1566
1579
1589
1585
1626
1614
1592
1628
1632
1637
1614
1663
1603
1644
1656
1655
1647
1665
1660
1656
1670
1682
1648
1672
1686
1690
1701
1684
1701
1592
1703
1704
1708
1708
1710
1708
1717
1713
1719
1704
1720
1720
1773
1728
1728
1729
1754
1734
1757
1759
1762
1769
1777
1776
1773
1785
1781
1786
1762
1781
1787
1794
1794
1813
1759
1799
1824
1830
1828
1833
1834
1852
1846
1845
1849
1835
1852
1853
1856
1853
1855
1857
1863
1860
1867
1858
1874
1857
1866
1867
1870
1876
1884
1879
1891
1611
2016
1844
1891
1893
1901
1898
1925
1943
1947
1947
1934
1953
1960
1955
1961
1926
1966
1966
1972
1981
1977
1974
1981
1988
1982
1992
1980
2090
1985
1988
1993
2000
2010
2029
2032
2010
2038
2043
2066
2036
2051
2065
2068
2073
2023
2078
2015
2058
2079
2078
2105
2008
2079
2091
2097
2093
2091
2097
2098
2104
2106
2053
2102
2110
2112
2113
2129
2120
2136
2132
2187
2120
2129
2136
2138
2145
2150
2157
2248
2137
2141
2158
2158
2164
2163
2202
2161
2161
2168
2177
2188
2226
2184
2183
2197
2179
2280
2234
2219
2234
2243
2238
2275
2241
2241
2247
2246
2247
2285
2255
2248
2296
2272
2302
2299
2308
1122
2304
2311
2320
2322
2314
2324
2321
2341
2315
2309
2324
2337
2349
2324
2335
2367
2366
2380
2364
2351
2368
2378
2317
2370
2382
2395
2385
2398
2411
2413
2409
2417
2336
2410
2423
2426
2437
2433
2466
2427
2427
2438
2437
2445
2446
2449
2442
2454
2462
2447
2470
2443
2462
2471
2471
2478
2490
2472
2485
2491
2437
2493
2496
2499
2501
2511
2521
2528
2519
2528
2503
2531
2514
2556
2530
2513
2535
2533
2557
2538
2533
2538
2547
2549
2564
2555
2569
2551
2570
2576
2576
2576
2577
2318
2579
2580
2583
2597
2595
2601
2609
2612
2603
2608
2615
2619
2597
2615
2625
2621
2625
2618
2632
2634
2661
2638
2653
2666
2667
2660
2687
2635
2658
2685
2687
2686
2688
2692
2721
2693
2690
2699
2705
2714
2720
2709
2703
2717
2728
2725
2714
2725
2726
2502
2726
2731
2731
2733
2739
2752
2745
2752
2750
2740
2752
2753
2754
2785
2758
2759
2763
2767
2770
2783
2785
2756
2784
2795
2797
2791
2795
2803
2787
2803
2806
2807
2808
2814
2816
2826
2826
2831
2825
2837
2819
2832
2841
2844
2850
2859
2863
2866
2838
2848
2872
2873
2838
2873
2886
2880
2875
2887
2898
2899
2892
2896
2900
2552
3319
2586
2903
2904
2914
2920
2908
2920
2918
2905
2935
2936
2942
2950
2945
2945
2947
2958
2909
3094
2933
2951
2958
2960
2967
2959
2960
2964
2969
2990
2986
2970
2995
3003
3005
3009
3008
3009
3024
3136
3026
3027
3049
3029
3049
3059
3077
3065
3080
3069
3058
3077
3077
3083
3057
3084
3104
3051
3162
3044
3097
3115
3173
3112
3107
3117
3127
3117
3119
3124
3135
3138
3139
3143
3136
3141
3147
3164
3144
3163
3164
3167
3146
3164
3174
3070
3184
3185
3188
3188
3203
3207
3198
3237
3188
3210
3226
3213
3233
3232
3227
3237
3246
3247
3138
3245
3255
3269
3256
3251
3256
3256
3257
3270
3261
3280
3177
3272
3273
3275
3280
3281
3277
3287
3285
3417
3289
3290
3306
3339
3292
3304
3323
3326
3327
3338
3345
3301
3343
3349
3350
3355
3348
3354
3359
3370
3319
3371
3373
3302
3412
3334
3374
3377
3382
3375
3376
3384
3386
3388
3394
3397
3398
3384
3394
3409
3389
3473
3391
3409
3420
3424
3425
3432
3430
3474
3442
3438
3442
3461
3475
3443
3479
3467
3476
3421
3537
3293
3465
3484
3486
3494
3485
3659
3490
3489
3495
3504
3507
3510
3522
3519
3524
3525
3521
3525
3535
3551
3555
3559
3516
3568
3571
3591
3591
3578
3649
3581
3588
3596
3607
3610
3642
3599
3615
3616
3637
3654
3590
3616
3656
3656
3657
3584
3663
3544
3662
3665
3668
3668
3677
3667
3670
3674
3675
3681
3700
3697
3718
3716
3726
3682
3706
3737
3739
3705
3740
3741
3745
3693
3774
3737
3745
3749
3758
3754
3766
3776
3751
3789
3767
3759
3783
3778
3793
3757
3786
3799
3796
3803
3780
3801
3806
3814
3836
3842
3869
3811
3832
3845
3848
3850
3857
3861
3875
3856
3867
3865
3851
3879
3883
3885
3843
3879
3885
3885
3753
3913
3765
3891
3891
3892
3891
3898
3901
3916
3908
3928
3896
3916
3932
3937
3940
3929
3938
3941
3919
3980
3924
3943
3948
3944
3951
3958
3952
3971
3948
3974
3954
3966
3976
3964
3976
3981
3993
3997
4003
3686
4062
3757
4001
4008
4010
4025
4026
4033
4015
4039
4046
4035
4033
4043
4046
4056
4034
4063
4029
4051
4072
4077
4077
4084
4080
4093
4106
4109
4108
4102
4114
4115
4119
4115
4122
4106
4126
4074
4124
4128
4133
4144
4103
4192
4094
4138
4157
4152
4150
4182
4176
4165
4182
4151
4184
4198
4199
4192
4203
4090
4191
4219
4224
4236
4234
4247
4231
4224
4236
4251
4258
4299
4239
4245
4267
4281
4266
4259
4269
4275
4287
4277
4291
4299
4307
4300
4309
4320
2075
4320
4323
4334
4325
4342
4343
4327
4586
4340
4340
4343
4374
4358
4379
4381
4369
4384
4380
4377
4389
4395
4431
4395
4383
4395
4414
4420
4415
4400
4428
4434
4420
4432
4395
4444
4436
4972
4390
4422
4458
4472
4543
4473
4460
4476
4490
4504
4493
4509
4511
4516
4522
4523
4517
4540
4513
4554
4474
4534
4540
4540
4546
4552
4555
4557
4559
4477
4564
4588
4590
4575
4590
4590
4595
4605
4575
4591
4607
4607
4609
4505
4625
4502
4608
4610
4612
4618
4626
4633
4640
4637
4637
4638
4630
4651
4613
4649
4652
4654
4663
4504
4678
4573
4713
4505
4667
4681
4684
4688
4691
4692
4699
4685
4753
4695
4694
4700
4702
4702
4719
4752
4725
4710
4731
4742
4779
4736
4780
4758
4781
4713
4770
4784
4784
4785
4786
4785
4791
4737
4786
4791
4792
4794
4806
4795
4805
4513
4799
4807
4807
4807
4808
4825
4815
4826
4829
4829
4834
4833
4830
4841
4854
4852
4839
4853
4856
4843
4855
4856
4856
4865
4868
4860
4870
4872
4876
4873
4874
4502
5025
4730
4871
4878
4885
4914
4879
4888
4892
4896
4906
4913
4908
4914
4903
4916
4884
4932
4923
4905
4928
4932
4940
4932
4940
4961
4948
4954
4960
4965
4971
4952
4977
4964
4975
4975
4979
4984
4929
4987
4991
4994
4990
5003
4992
4995
5004
5005
5007
5008
5001
5016
5017
5035
5034
5038
5023
5047
5032
5035
5040
5040
5043
5043
5047
5048
4335
5047
5050
5052
5051
5059
5066
5066
5072
5101
5064
5063
5075
5100
5084
5079
5092
5102
5103
5095
5110
5105
5452
5103
5101
5118
5133
5122
5148
5133
5142
5144
5131
5230
5154
5142
5158
5169
5182
5189
5177
5199
5156
5163
5199
5200
5209
5203
5264
5184
5210
5214
5268
5215
5210
5216
5218
5238
5255
5252
5265
5254
5259
5265
5265
5265
5201
5267
5271
5273
5277
5282
5280
5272
5281
5204
5284
5304
5293
5304
5296
5289
5315
5216
5493
5261
5315
5317
5320
5325
5322
5324
5338
5346
5332
5372
5342
5325
5350
5350
5351
5360
5365
5339
5402
5328
5348
5380
5378
5381
5388
5388
5393
5396
5399
5406
5414
5414
5406
5400
5415
5325
5416
5419
5428
5431
5446
5420
5437
5449
5446
5445
5458
5440
5467
5467
5461
5469
5475
5496
5499
5494
5488
5496
5496
5490
5497
5499
5501
5423
5507
5515
5514
5532
5533
5537
5537
5505
5526
5540
5539
5547
5551
5544
5554
5577
5564
5561
5584
5578
5585
5598
5587
5612
5581
5599
5600
5566
5610
5619
5618
5621
5632
5621
5633
5635
5584
5635
5651
5648
5655
5659
5659
5666
5645
5662
5675
5497
5676
5678
5681
5685
5686
4671
5797
4734
5688
5694
5696
5697
5705
5698
5706
5708
5711
5694
6357
5712
5703
5716
5718
5719
5721
5727
5724
5736
5731
5742
5722
5723
5741
5749
5750
5757
5745
5792
5753
5758
5764
5762
5771
5771
5772
5776
5778
5761
5796
5721
5838
5736
5766
5807
5810
5803
5797
5808
5812
5819
5836
5821
5823
5840
5810
5842
5833
5855
5861
5866
5885
5874
5899
5900
5902
5858
5892
5904
5914
5929
5943
5912
5932
5947
5912
5951
5967
5977
5988
5966
5987
5989
5993
5993
5935
5994
5997
6001
6007
6009
6012
6010
6012
6006
6017
6017
6018
6028
6030
6045
6035
6041
6054
6051
6057
5830
6049
6061
6084
6102
6068
6068
6091
6096
6091
6086
6112
6114
6108
6122
6108
6115
6119
6139
6117
6131
5814
6187
5935
6123
6141
6149
6161
6179
6195
6167
6179
6187
6183
6192
6200
6190
6205
6206
6205
6207
6209
6216
6215
6237
6210
6216
6217
6219
6234
6219
6235
6217
6242
6186
6259
6195
6236
6244
6245
6270
6255
6247
6258
6266
6301
6262
6272
6278
6279
6289
6294
6301
6304
6294
6302
6305
6319
6282
6312
6323
6323
6325
6333
6243
6330
6336
6343
6344
6336
6354
6342
6345
6349
6353
6355
6341
6366
6365
6357
6367
6369
6369
6369
6318
6376
6384
6395
6389
6401
6397
6401
6404
6412
6417
6420
6404
6424
6195
6422
6425
6426
6433
6451
6437
6481
6431
6449
6456
6457
6465
6469
6484
6460
6466
6469
6484
6485
6488
6409
6900
5815
6495
6495
6495
6500
6506
6509
6507
6511
6518
6511
6523
6519
6526
6526
6531
6523
6518
6531
6541
6549
6553
6520
6975
6510
6541
6561
6747
6554
6553
6561
6563
6570
6572
6574
6568
6575
6575
6571
6715
6572
6577
6585
6586
6590
6593
6596
6620
6614
6648
6646
6651
6606
6654
6613
6625
6664
6691
6678
6675
6681
6622
6700
6630
6694
6695
6695
6696
6701
6702
6727
6710
6726
6609
6721
6729
6732
6717
6777
6622
6733
6734
6734
6738
6784
6739
6736
6739
6741
6741
6749
6745
6758
6760
6764
6770
6759
6781
6776
6789
6778
6770
6803
6808
6823
6613
6809
6826
6826
6832
6829
6835
6836
6838
6839
6838
6836
6840
6586
6842
6845
6847
6852
6924
6855
6852
6859
6862
6872
6866
6873
6893
6906
6912
6892
6907
6913
6922
6921
6928
6923
6923
6925
6931
6832
6929
6934
6932
6957
6939
6971
6940
6974
5313
7838
5926
6967
7010
6978
7016
6988
7018
7011
7020
7001
7017
7021
7028
7029
7033
7034
7038
7035
7050
7016
7070
7047
7053
7060
7064
7070
7117
7068
7067
7084
7091
7123
7083
7078
7097
7102
7136
7109
7093
7126
7070
7136
7137
7145
7139
7175
7156
7151
7163
7185
7214
7181
7171
7187
7189
7191
7139
7417
7057
7197
7214
7219
7229
7222
7262
7227
7238
7238
7264
7260
7270
7248
7271
7231
7274
7249
7366
7273
7261
7274
7276
7276
7279
7292
7290
7302
7280
7305
7277
7303
7306
7317
7323
7339
7316
7309
7332
7329
7345
7326
7329
7338
7348
7307
7334
7348
7348
7357
7353
7366
7366
7407
7368
7364
7372
7376
7386
7385
7388
7399
7389
7426
7374
7387
7400
7407
7407
7410
7414
7023
7441
7443
7450
7446
7451
7456
7458
7465
7455
7487
7452
7473
7486
7484
7487
7445
7488
7491
7492
7718
7502
7494
7510
7532
7503
7506
7520
7525
7539
7530
7544
7546
7543
7591
7549
7547
7549
7554
7555
7558
7577
7578
7554
7609
7585
7578
7607
7598
7608
7614
7614
7616
7560
7681
7618
7619
7630
7634
7641
7630
7653
7661
7665
7666
7662
7669
7693
7698
7681
7699
7700
7701
7605
7868
7519
7704
7706
7714
7714
7725
7726
7738
7735
7727
7742
7763
7764
7764
7773
7786
7788
7750
7769
7789
7795
7802
7803
7812
7812
7813
7816
7824
7717
7828
7816
7991
7803
7822
7829
7830
7845
7853
7848
7856
7858
7862
7861
7863
7873
7886
7889
7869
7897
7897
7905
7899
7905
7910
7925
7881
7912
7912
7916
7934
7949
7937
7921
7941
7946
7950
7935
7971
7948
7937
7963
7976
7968
7971
7949
7962
7981
7979
7985
7987
7992
7993
7992
8000
8006
8001
8024
7997
8036
7991
8007
8034
8062
8030
8027
8039
8050
8070
8072
8057
8072
8074
8051
8076
8079
8076
8079
8073
8080
8088
8091
8089
8098
8094
8252
8099
8092
8100
8105
8106
8105
8112
8110
8111
8120
8129
8110
8198
8104
8116
8131
8140
8145
8155
8143
8239
8171
8141
8172
8174
8183
8211
8205
8212
8202
8214
8192
8201
8219
8217
8221
8213
8237
8229
8222
8241
8243
8245
8248
8148
8252
8257
8257
8259
8260
8263
8268
8271
8277
8275
8287
8290
8283
8279
8295
8304
8297
8302
8309
8321
8336
8346
8355
8338
8324
8349
8354
8285
8375
8123
8360
8362
8371
8377
8383
8390
8415
8374
8374
8392
8408
8409
8415
8398
8416
7855
8416
8426
8429
8433
8436
8438
8458
8455
8463
8433
8439
8469
8477
8471
8459
8475
8476
8477
8478
8482
8442
8693
8447
8482
8485
8482
8504
8494
8485
8504
8489
8662
8483
8499
8508
8537
8514
8514
8516
8514
8518
8526
8528
8534
8527
8539
8542
8543
8546
8546
8544
8550
8557
8564
8558
8570
8556
8584
8570
8554
8578
8585
8589
8593
8595
8596
8599
8601
8582
8838
8588
8600
8607
8611
8613
8617
8621
8625
8628
8622
8630
8634
8632
8629
8634
8644
8655
8661
8615
8670
8619
8641
8661
8663
8664
8666
8683
8680
8689
8664
8730
8673
8670
8701
8720
8722
8729
8732
8733
8741
8751
8742
8734
8743
8674
8753
8732
8751
8753
8632
8762
8765
8774
8777
8780
8765
8767
8782
8790
8792
8876
8625
8790
8802
8921
8805
8792
8808
8817
8809
8821
8822
8837
8894
8825
8833
8846
8859
8855
8862
8869
8863
8865
8869
8873
8873
8869
8876
8905
8898
8905
8880
8923
8892
8876
8915
8920
8912
8911
8922
8926
8917
8941
8938
8949
8953
8960
8953
8962
8943
8964
8843
9212
8649
8955
8968
8971
8976
8970
8969
8971
8972
9002
9001
9017
9013
9027
9016
9028
9021
9008
9028
9032
9044
9034
9063
9039
9056
9059
9068
9081
9083
9015
9083
9091
9088
9092
9108
9109
9097
9112
9113
9068
9116
9117
9129
9138
9117
9155
9133
9126
9145
9148
9154
9155
9074
9177
8972
9153
9156
9169
9171
9173
9175
9186
9177
9214
9161
9186
9193
9195
9208
9211
9194
9202
9214
9229
9228
9234
9209
9243
8985
14403
9213
9215
9257
9278
9275
9273
9292
9305
9300
9311
9260
9312
9316
9325
9325
9333
9330
9334
9344
9344
9345
9350
9336
9336
9346
9282
9498
9356
9359
9363
9371
9366
9379
9381
9390
9394
9396
9389
9396
9398
9404
9403
9421
9366
9399
9408
9411
9422
9427
9440
9447
9451
9459
9429
9413
9462
9460
9462
9465
9467
9459
9470
9472
9473
9463
9598
9364
9477
9479
9481
9488
9479
9489
9492
9577
9490
9485
9495
9499
9497
9506
9509
9498
9515
9510
9518
9510
9523
9525
9532
9533
9523
9564
9525
9530
9545
9553
9551
9557
9572
9586
9565
9604
9510
9613
9560
9571
9608
9582
9610
9614
9618
9483
9707
9496
9614
9627
9633
9654
9629
9632
9651
9645
9660
9663
9670
9642
9656
9664
9666
9673
9669
9692
9672
9668
9678
9684
9690
9703
9694
9676
9696
9695
9705
9695
9706
9576
12169
9399
9703
9707
9709
9722
9723
9744
9762
9742
9730
9773
9736
9776
9777
9785
9785
9803
9782
9782
9786
9789
9755
9806
9807
9817
9815
9820
9825
9771
9821
9826
9831
9831
9850
9837
9858
9858
9841
9874
9879
9887
9849
9893
9859
10005
9847
9889
9897
9896
9896
9905
9902
9910
9901
9907
9909
9894
9908
9916
9912
9916
9931
9951
9914
9932
9959
9969
10023
9920
9961
9974
9975
9987
9989
9981
9986
9991
9997
10005
9984
10007
9981
10031
9996
10001
10013
10011
10016
10026
10023
10030
10005
10054
9999
10019
10033
10037
10033
10053
10046
10058
10023
10253
9933
10053
10061
10058
10069
10068
10122
10064
10062
10073
10076
10081
10152
10081
10078
10086
10119
10081
10087
10110
10103
10121
10097
10122
10119
10176
10082
10105
10130
10136
10142
10160
10163
10166
10155
10169
10177
10180
10189
10144
10195
10178
10187
10198
10201
10207
10204
10208
10210
10203
10226
10228
10222
10210
10230
10179
10237
10238
10238
10245
10249
10191
10250
10256
10250
10263
10270
10270
10267
10278
10196
10286
10294
10310
10293
10292
10305
10314
10297
10294
10305
10308
10309
10313
10313
10168
10311
10315
10316
10317
10320
10325
10326
10332
10331
10369
10327
10321
10336
10337
10337
10380
10340
10343
10348
10366
10374
10385
10353
10383
10382
10362
10394
10401
10429
10398
10396
10405
10410
10411
10421
10433
10384
10413
10433
10433
10438
10436
10446
10446
10448
10447
10479
10461
10469
10482
10485
10483
10485
10441
10487
10491
10436
10491
10494
10498
10508
10509
10501
10522
10528
10511
10566
10502
10509
10533
10529
10535
10535
10540
10538
10544
10545
10558
10567
10570
10582
10563
10588
10595
10547
10704
10504
10585
10602
10607
10614
10611
10617
10606
10624
10626
10661
10633
10618
10642
10634
10649
10650
10655
10658
10659
10664
10666
10684
10689
10669
10688
10674
10890
10686
10683
10696
10697
10743
10698
10698
10707
10729
10705
10704
10711
10741
10743
10749
10727
10753
10757
10763
10756
10796
10760
10749
10764
10779
10792
10798
10773
10804
10805
10812
10764
10796
10815
10807
10819
10809
10806
10817
10701
10817
10830
10839
10831
10835
10786
10826
10840
10840
10853
10872
10869
10868
10879
10870
10869
10886
10891
10880
10892
9905
11306
10035
10879
10901
10916
10912
10917
10919
10921
10927
10917
10927
10932
10943
10902
11027
10907
10942
10947
10953
10960
10961
10952
10964
10965
10965
10979
10981
10950
10986
11006
11007
11011
11009
10988
11011
11012
11014
11030
11014
11023
11031
11023
11031
11032
11036
11044
11045
11036
11048
11054
11054
11054
11053
11055
11059
11020
11071
11074
11083
11079
11077
11083
11085
11087
11095
11086
11096
11096
11098
11101
11055
11975
10903
11102
11108
11109
11163
11118
11117
11119
11126
11128
11124
11123
11130
11133
11133
11136
11131
11147
11167
11150
11177
11147
11160
11174
11119
11178
11184
11136
11419
11163
11186
11187
11201
11188
11228
11188
11188
11204
11201
11210
11211
11225
11243
11223
11242
11218
11241
11251
11255
11251
11272
11253
11261
11262
11267
11263
11274
11255
11268
11273
11275
11281
11254
11415
11231
11280
11284
11293
11300
11302
11301
11322
11313
11391
11304
11316
11334
11337
11340
11355
11354
11370
11371
11352
11372
11377
11386
11357
11399
11335
11382
11390
11417
11420
11413
11420
11413
11396
11421
11218
11560
11118
11422
11433
11439
11461
11436
11438
11443
11441
11463
11450
11469
11462
11473
11468
11463
11474
11474
11483
11488
11487
11490
11492
11484
11504
11499
11514
11509
11493
11510
11510
11517
11477
11596
11450
11512
11520
11525
11528
11546
11547
11525
11543
11550
11552
11560
11560
11563
11559
11569
11576
11581
11577
11584
11586
11587
11597
11560
11582
11602
11591
11605
11608
11525
11608
11613
11617
11621
11635
11620
11647
11647
11663
11635
11641
11651
11654
11663
11670
11653
11656
11669
11675
11648
11675
11687
11691
11689
11705
11691
11705
11716
11695
11737
11689
11708
11723
11743
11747
11449
11730
11749
11181
11751
11757
11760
11760
11759
11818
11758
11763
11765
11766
11778
11766
11783
11793
11803
11821
11784
11794
11820
11820
11823
11822
11828
11833
11813
11835
11836
11966
11800
11833
11837
11844
11852
11859
11852
11858
11860
11865
11870
11872
11879
11875
11881
11872
11896
11864
11920
11869
11893
11898
11919
11900
11919
11935
11935
11869
12015
11866
11920
11935
11939
11942
11945
11947
11937
11943
11949
11961
11952
11972
11961
11997
11960
11969
11973
11978
11980
11983
11984
11984
11980
12006
11976
11979
11985
11990
11994
11993
11988
12007
12010
12014
12018
12020
12013
12022
11987
12042
11938
12011
12048
12048
12057
12058
12060
12071
12066
12083
12070
12073
12083
12083
12065
12086
12086
12094
12101
12108
12089
12103
12109
12113
12123
12204
12119
12122
12130
12130
12139
12140
12145
12146
12144
12149
12150
12170
12175
12177
12183
12208
12178
12194
12126
12214
12184
12259
12109
12192
12224
12228
12250
12257
12254
12260
12266
12223
12267
12277
12282
12277
12269
12290
12291
12293
12290
12294
12297
12298
12298
12286
12305
12312
12226
12432
12220
12340
12348
12354
12352
12373
12357
12356
12359
12368
12375
12361
12360
12381
12387
12385
12388
12390
12389
12391
12400
12402
12403
12402
12408
12410
12413
12401
12454
12408
12410
12415
12416
12421
12428
12422
12437
12443
12419
12432
12443
12452
12423
12453
11332
12443
12456
12458
12464
12459
12464
12467
12458
12488
12489
12501
12507
12506
12509
12494
12575
12489
12492
12512
12523
12529
12530
12514
12555
12535
12560
12544
12531
12561
12569
12574
12580
12448
12566
12581
12592
12601
12600
12590
12605
12606
12606
12615
12607
12619
12622
12625
12625
12633
12638
12638
12643
12170
14912
11430
12628
12651
12657
12653
12658
12661
12656
12700
12654
12659
12664
12666
12667
12677
12677
12700
12708
12713
12691
12722
12729
12714
12722
12724
12728
12735
12727
12735
12737
12737
12655
12737
12742
12743
12744
12709
12748
12750
12759
12763
12784
12767
12779
12785
12789
12800
12797
12811
12723
12790
12816
12817
12841
12836
12870
12849
12831
12861
12872
12857
12912
12876
12865
12876
12880
12891
12889
12896
12889
12887
12905
12902
12937
12906
12892
12909
12930
12932
12932
12932
12939
12937
12939
12700
12949
12951
12972
12959
13147
12956
12953
12980
12981
12985
12985
12985
12982
12994
13001
12995
12986
13003
13007
13004
13010
12977
13008
13019
13028
13011
13012
13026
13036
13044
13022
13032
13040
13041
13046
13042
13055
13050
13064
13038
13055
13073
13029
13071
13074
13077
13047
13081
13083
13084
13084
12973
13088
13090
13092
13115
13124
13113
13099
13120
13125
13127
13119
13170
13123
13134
13135
13137
13147
13153
13173
13168
13174
13175
13164
13177
13186
13180
13189
13194
13167
13194
13195
13021
13195
13197
13197
13200
13198
13209
13218
13255
13207
13203
13220
13229
13243
13246
13225
13244
13198
13295
13201
13227
13264
13270
13285
13301
13290
13308
13264
13308
13304
13314
13070
13292
13315
13330
13338
13340
13347
13340
13337
13340
13340
13175
13346
13356
13373
13356
13353
13359
13363
13367
13021
13373
13380
13387
13385
13377
13389
13392
13414
13329
13417
13419
13420
13578
13418
13422
13426
13427
13446
13455
13422
13454
13458
13572
13446
13453
13472
13475
13480
13490
13490
13489
13482
13490
13495
13548
13491
13493
13506
13503
13497
13509
13513
13536
13520
13528
13502
13518
13536
13544
13512
13553
13558
13558
13558
13581
13559
13563
13582
13581
13582
13591
13591
13595
13591
13603
13450
13593
13608
13626
13631
13618
13635
13616
13685
13630
13611
13635
13637
13637
13646
13646
13650
13650
13664
13639
13650
13658
13659
13678
13676
13679
13665
13682
13648
13782
13671
13678
13728
13697
13699
13730
13728
13734
13738
13748
13735
13744
13764
13757
13751
13766
13774
13768
13774
13777
13772
13782
13785
13789
13761
13969
13777
13787
13790
13800
13796
13807
13808
13810
13824
13809
13824
13828
13838
13839
13830
13842
13863
13865
13822
13856
13867
13869
13893
13883
13878
13900
13890
13901
13899
13900
13917
13920
13916
13902
13926
13927
13931
13835
13934
13945
13948
13952
13949
13952
13953
13961
13949
13962
13966
13954
13970
13974
13974
13978
13985
13987
13999
14009
13993
14013
13987
13993
14010
13975
14012
14014
14016
14016
14015
14021
14029
14030
14034
14034
14037
14039
14049
14050
14026
14043
14055
14055
14057
14055
14064
13992
14087
14007
14058
14066
14076
14076
14082
14008
14086
14091
14095
14095
14105
13530
14100
14106
14112
14121
14116
14121
14126
14127
14165
14128
14127
14135
14158
14133
14131
14137
14137
14139
14142
14147
14155
14154
14154
14156
14157
14167
13338
14165
14171
14171
14176
14183
14190
14189
14192
14201
14198
14210
14198
14233
14194
14200
14214
14217
14217
14212
14219
14226
14247
14239
14222
14245
14261
14253
14240
14257
14259
14274
14251
14269
14278
14283
14299
14316
14307
14354
14291
14295
14328
14319
14328
14341
14340
14343
14345
14321
14353
14357
14357
14377
14378
14356
14380
14219
14418
14333
14376
14382
14384
14398
14386
14439
14411
14410
14428
14432
14474
14417
14415
14434
14437
14458
14439
14468
14443
14459
14470
14485
14486
14489
14253
16220
14458
14488
14495
14500
14504
14521
14524
14536
14504
14561
14524
14531
14541
14539
14562
14563
14554
14584
14585
14580
14575
14586
14592
14615
14597
14597
14602
14619
14599
14597
14603
14568
14605
14622
14623
14631
14633
14499
14638
14650
14650
14736
14645
14650
14654
14661
14664
14655
14677
14671
14669
14671
14672
14672
14684
14686
14688
14673
14687
14690
14692
14704
14672
14707
14722
14737
14735
14740
14683
14870
14717
14713
14751
14783
14741
14749
14772
14764
14780
14757
14837
14743
14767
14791
14795
14810
14815
14817
14783
14879
14834
14828
14841
14848
14857
14842
14844
14852
14853
14861
14867
14870
14852
14865
14871
14877
14877
14892
14892
14879
14895
14895
14891
14906
14899
14909
14913
14926
14929
14943
14788
14920
14946
14951
14952
14963
14979
14989
14983
14991
14954
14992
14997
14993
14999
15000
15023
15006
15025
14949
15049
14965
15016
15029
15026
15035
15038
15042
15056
15045
15051
15064
15055
15056
15071
15067
15074
15085
15092
15071
15089
15108
15113
15104
15098
15113
15081
15114
15118
15120
15122
15138
15167
15122
15139
15147
15144
15141
15150
15153
15156
15161
15164
15170
15174
15179
15180
15186
15118
15184
15195
15203
15204
15216
15198
15217
15219
14966
15219
15224
15228
15232
15243
15252
15246
15257
15263
15306
15239
15235
15264
15268
15283
15291
15266
15282
15288
15291
15290
15309
15296
15289
15299
15300
15303
15305
15308
15262
15320
15318
15298
15322
15338
15339
15340
15339
15333
15341
15342
15350
15354
15299
15350
15360
15359
15368
15369
15366
15361
15369
15370
15374
15287
15369
15374
15377
15384
15385
15392
15393
15378
15402
15258
15402
15407
15416
15435
15441
15429
15442
15443
15454
15441
15437
15451
15459
15462
15465
15465
15410
15466
15467
15470
15477
15479
15494
15484
15493
15495
15506
15512
15514
15516
15493
15517
15517
15518
15541
15541
15543
15542
15546
15555
15548
15549
15561
15560
15564
15570
15577
15463
15572
15578
15589
15580
15592
15595
15605
15604
15608
15620
15607
15611
15622
15632
15636
15648
15656
15656
15661
15665
15666
15663
15663
15673
15351
15673
15676
15679
15685
15685
15723
15677
15687
15698
15689
15699
15703
15707
15710
15729
15714
15711
15740
15741
15741
15721
15740
15742
15712
15784
15749
15745
15757
15787
15764
15766
15780
15783
15786
15793
15787
15791
15801
15791
15797
15802
15805
15833
15807
15825
15827
15820
15834
15802
15838
15850
15840
15854
15855
15854
15856
15861
15870
15715
15871
15875
15881
15893
15908
15894
15894
15894
15902
15913
15903
15981
15916
15908
15916
15939
15922
15963
15917
15938
15942
15943
15960
15952
15980
15957
15948
15960
15960
15970
15976
15918
15997
15733
15980
15982
15985
15997
15997
15997
16016
16022
16015
16003
16021
16019
16025
16026
16002
16027
16028
16042
16043
16053
16030
16037
16054
16067
16050
16050
16059
16070
16070
16054
16060
16072
16073
16073
16072
16075
15795
16078
16082
16086
16090
16087
16118
16091
16087
16102
16121
16122
16101
16225
16122
16113
16123
16123
16130
16132
16132
16129
16139
16134
16136
16145
16137
16153
16128
16148
16151
16151
16153
16157
16268
16145
16158
16160
16161
16169
16164
16169
16173
16167
16194
16175
16259
16182
16169
16195
16209
16217
16220
16197
16224
16228
16231
16243
16243
16242
16242
16246
16251
16235
16249
16265
16201
16267
16279
16267
16267
16270
16293
16286
16296
16283
16312
16282
16305
16314
16267
16315
16173
16718
16276
16314
16315
16317
16329
16324
16338
16354
16356
16334
16339
16360
16319
16360
16373
16383
16395
16390
16440
16387
16394
16399
16404
16422
16394
16406
16443
16445
16469
16440
16443
16461
16461
16463
16480
16470
16496
16485
16506
16480
16499
16507
16510
16496
16509
16521
16547
16523
16512
16527
16553
16533
16547
16547
16548
16552
16524
16566
16567
16555
16569
16586
16586
16594
16375
16832
16593
16587
16594
16601
16627
16619
16626
16634
16629
16639
16646
16656
16648
16666
16666
16785
16645
16666
16676
16704
16707
16704
16668
16705
16700
16805
16672
16707
16711
16765
16715
16710
16723
16730
16726
16759
16748
16760
16739
16739
16759
16765
16766
16766
16739
16770
16770
16787
16786
16798
16786
16777
16792
16788
16792
16793
16803
16792
16797
16816
16823
16823
16670
16821
16827
16841
16827
16852
16834
16839
16855
16834
16849
16860
16863
16867
16870
16781
16869
16880
16907
16880
16879
16883
16889
16897
16898
16899
16905
16636
16901
16909
16897
16910
16914
16916
16926
16927
16918
16931
16922
16928
16929
16931
10290
16929
16935
16958
16967
16958
16949
16964
16967
16970
16961
16985
16963
16965
16983
16975
17002
16977
17000
17017
17024
16983
17304
16967
17024
17032
17105
17025
17026
17036
17040
17051
17052
17037
17054
17059
17082
17068
17093
17082
17083
17100
17046
17102
17107
17107
17118
17127
17116
17141
17119
17118
17139
17140
17140
17138
17142
17147
17151
17160
17145
17153
17175
17179
17095
17185
17186
17189
17193
17200
17204
17207
17209
17214
17206
17225
17211
17223
17224
17208
17227
17227
17257
17229
17226
17233
17230
17246
17246
17235
17246
17094
17257
17276
17301
17265
17259
17282
17280
17301
17298
17301
17284
17292
17309
17317
17309
17320
17306
17305
17324
17324
17326
17323
17333
17350
17242
17494
17125
17346
17353
17356
17355
17357
17368
17373
17369
17373
17377
17391
17358
17374
17378
17381
17393
17399
17380
17394
17400
17411
19281
17411
17409
17411
17425
17426
17415
17426
17417
17456
17427
17427
17440
17440
17453
17456
17477
17456
17469
17470
17471
17472
17485
17447
19514
17440
17488
17512
17512
17488
17522
17497
17523
17530
17545
17529
17531
17548
17531
17549
17511
18542
17527
17551
17552
17553
17553
17559
17589
17558
17563
17568
17569
17586
17576
17598
17554
17581
17608
17609
17613
17615
17615
17564
17621
17628
17630
17643
17650
17659
17661
17663
17663
17643
17654
17666
17684
17678
17690
17661
17736
17638
17687
17704
17713
17712
17717
17716
17718
17710
17738
17695
17714
17727
17731
17733
17732
17733
17724
17733
17741
17742
17741
17752
17692
17757
17582
18984
17715
17756
17771
17784
17791
17768
17795
17802
17824
17796
17853
17822
17842
17856
17859
17853
17847
17875
17877
17879
17841
18214
17869
17881
17881
17900
17883
17904
17901
17920
17885
17889
17914
17921
17943
17959
17946
17980
17961
17951
17967
17969
17976
17982
17961
18009
17951
17983
18000
17997
18002
17999
18004
17935
18003
18013
18017
17944
18037
18040
18050
17969
18046
18055
18078
18053
18051
18075
18075
18078
18078
18070
18080
17950
18084
18085
18167
18084
18086
18094
18092
18099
18093
18096
18097
18086
18132
18096
18098
18099
18104
18113
18117
18116
18123
18137
18119
18143
18103
18185
18114
18139
18146
18145
18150
18162
18160
18170
18162
18173
18178
18183
18188
18146
18239
18135
18187
18193
18209
18194
18318
18206
18209
18233
18215
18226
18233
18214
18243
18268
18266
18272
18226
18279
18283
18283
18285
18258
18290
18306
18307
18267
18313
18319
18328
18329
18221
18327
18349
18343
18349
18356
18358
18363
18349
18368
18221
18356
18371
18325
18371
18373
17883
18373
18374
18380
18374
18374
18378
18376
18387
18399
18396
18387
18420
18421
18404
18399
18426
18430
18439
18439
18419
18445
18446
18451
18447
18446
18462
18464
18469
18463
18470
18472
18478
18484
18463
18485
18486
18492
18500
18465
18497
18510
18536
18507
18519
18545
18519
18566
18553
18527
18560
18532
18584
18538
18568
18585
17961
18945
18165
18588
18591
18593
18602
18618
18618
18594
18619
18602
18638
18617
18604
18620
18632
18643
18639
18656
18648
18642
18648
18653
18613
18656
18673
18675
18675
18680
18681
18656
18676
18693
18689
18693
18693
18697
18693
18697
18699
18696
18708
18715
18703
18715
18749
18722
18720
18731
18743
18738
18751
18750
18756
18758
18723
18752
18762
18764
18756
18997
18667
18765
18769
18770
18776
18774
18786
18778
18783
18797
18777
18797
18803
18806
18807
18776
18838
18773
18810
18816
18817
18823
18825
18837
18839
18839
18846
18849
18861
18868
18853
18862
18869
18876
18872
18876
18876
18878
18877
18880
18882
18894
18892
18906
18910
18901
18916
18915
18932
18878
18939
18897
18914
18940
18954
18959
18969
18956
18948
18975
18975
18986
19024
18958
18992
18993
18994
19002
19019
19025
18920
19058
18993
19023
19026
19038
19035
19034
19042
19038
19048
19049
19037
19052
19053
19033
19056
19057
19060
19060
19061
19068
19078
19070
19077
19070
19089
19062
19068
19079
19079
19075
19083
19090
19099
19091
19106
19098
19107
19120
19122
19148
19121
19118
19131
19134
19136
19141
19137
19148
18849
19150
19153
19160
19159
19154
19173
19174
19162
19171
19181
19181
19189
19181
19174
19183
19189
17923
19189
19205
19201
19200
19212
19203
19209
19223
19218
19237
19237
19233
19238
18227
19232
19247
19253
19257
19261
19253
19263
19281
19275
19282
19267
19288
19274
19273
19284
19286
19289
19291
19270
19485
19273
19305
19309
19313
19316
19328
19360
19317
19312
19333
19334
19345
19338
19360
19337
19335
19350
19371
19337
19388
19355
19370
19381
19383
19342
19372
19399
19398
19401
19402
19407
19416
19402
19425
19426
19319
19417
19430
19440
19433
19447
19340
19427
19462
19462
19465
19471
19478
19491
19318
19494
19496
19496
19501
19506
19507
17569
19514
19514
19514
19516
19518
19519
19521
19517
19522
19528
19529
19551
19543
19553
19535
19554
19524
19633
19539
19534
19568
19568
19577
19584
19582
19592
19578
19595
19596
19590
19607
19609
19600
19610
19585
19633
19560
19650
19605
19597
19652
19656
19665
19627
19700
19671
19655
19681
19686
19689
19689
19681
19694
19683
19693
19695
19694
19699
19701
19705
19679
19990
19591
19702
19707
19712
19718
19761
19727
19724
19729
19735
19734
19739
19752
19744
19747
19761
19758
19761
19778
19782
19733
19954
19728
19770
19784
19790
19793
19794
19794
19801
19790
19803
19807
19809
19810
19837
19838
19806
19829
19842
19858
19857
19930
19816
19844
19861
19870
19864
19864
19871
19862
19874
19889
19955
19884
19878
19893
19896
19914
19916
19899
19973
19912
19901
19928
19923
19931
19937
19932
19956
19924
19938
19944
19941
19956
19966
19973
19957
19973
19980
19993
20004
20015
20015
20015
20006
20020
19918
22291
19941
20005
20022
20036
20052
20023
20036
20043
20044
20039
20059
20044
20044
20052
20053
20059
20071
20085
20090
20073
20094
20098
20072
20524
20087
20101
20101
20105
20102
20102
20119
20121
20127
20130
20134
20133
20135
20138
20145
20144
20150
20151
20147
20146
20154
20155
20160
20118
20156
20160
20165
20171
20167
20244
20172
20167
20180
20192
20187
20189
20207
20197
20215
20208
20200
20221
20219
20247
20196
20216
20234
20185
20248
20175
20241
20248
20251
20257
20277
20273
20332
20258
20255
20281
20300
20310
20290
20309
20312
20314
20293
20314
20319
20328
20333
20321
20314
20331
20335
20338
20292
20342
20263
20336
20350
20200
20354
20355
20360
20364
20359
20363
20367
20369
20435
20358
20373
20373
20375
20381
20386
20374
20399
20381
20396
20397
20403
20411
20409
20410
20413
20426
20425
20421
20435
20131
20436
20442
20492
20438
20438
20443
20448
20448
20466
20476
20477
20449
20468
20481
20488
20490
20448
20486
20492
20503
20387
20619
20303
20504
20512
20520
20536
20514
20537
20527
20688
20514
20551
20553
20559
20561
20567
20565
20567
20571
20563
20575
20579
20595
20585
20587
20598
20590
20600
20601
20603
20614
20621
20587
20622
20627
20628
20628
20628
20608
20635
20639
20641
20582
20641
20648
20653
20657
20648
20646
20659
20660
20662
20680
20687
20213
20687
20690
20694
20697
20699
20708
20708
20704
20725
20722
20747
20729
20703
20734
20740
20743
20729
20743
20704
20756
20695
20736
20766
20803
20763
20758
20777
20777
20789
20795
20799
20788
20807
20733
20811
20813
20814
20813
20814
20819
20818
20827
20828
20819
20828
20829
20838
20839
20103
20840
20841
20843
20848
20856
20849
20860
20871
20862
20868
20872
20887
20882
20896
20867
20901
20911
20913
20903
20902
20915
20856
20920
20926
20929
20934
20955
20987
20932
20933
20972
20979
20984
20985
20990
20954
20974
21001
20998
21006
20998
21007
20943
21023
20920
21011
20904
21090
20990
21003
21024
21027
21043
21051
21035
21057
21051
21112
21032
21038
21070
21076
21094
21109
21117
21106
21112
20987
21102
21120
21121
21126
21130
21017
21944
20915
21118
21131
21137
21143
21144
21157
21158
21152
21173
21151
21158
21168
21153
21172
21200
21174
21253
21182
21195
21207
21213
21213
21222
21231
21213
21228
21238
21243
21236
21250
21245
21230
21258
21278
21237
21266
21286
21290
21287
21291
21297
21288
21305
21290
21294
21298
21303
21306
21199
21323
21253
21299
21308
21311
21319
21311
21311
21320
21342
21331
21349
21348
21367
21330
21335
21350
21350
21358
21368
21360
21387
21396
21400
21398
21403
21412
21405
21413
21414
21418
21426
21409
21438
21426
21413
21430
21446
21456
21460
21408
21462
21473
21477
21478
21426
21531
21148
21483
21486
21486
21491
21496
21506
21496
21487
21501
21487
21504
21507
21507
21513
21495
21704
21500
21521
21527
21538
21537
21538
21534
21533
21544
21548
21553
21554
21555
21567
21559
21555
21565
21573
21568
21580
21581
21582
21574
21575
21583
21585
21586
21562
21596
21538
21587
21597
21597
21600
21599
21608
21611
21581
21787
21554
21617
21619
21628
21641
21649
21624
21676
21637
21653
21666
21678
21658
21658
21685
21695
21699
21622
21691
21710
21713
21721
21721
21710
21722
21660
21736
21677
21734
21737
21620
21737
21738
21668
21740
21751
21751
21759
21758
21764
21764
21775
21784
21791
21794
21791
21794
21794
21805
21817
21813
21845
21818
21818
21822
21826
21824
21829
21834
21845
21611
21871
21759
21836
21859
21851
21873
21865
21872
21886
21797
21889
21898
21890
21890
21898
21905
21904
21908
21901
21906
21912
21906
21915
21929
21934
21936
21915
21937
21944
21944
21950
21951
21926
21949
21952
21955
21957
21962
21967
21963
21961
21970
21971
21973
21974
21982
21987
21685
22540
21834
21993
21995
21997
22088
21995
21999
22000
22041
22040
22044
22036
22036
22048
22031
22059
22048
22042
22058
22064
22015
22053
22080
22097
22102
22106
22083
22108
22028
22235
21996
22088
22112
22122
22129
22131
22131
22135
22139
22119
22135
22137
22139
22148
22163
22183
22169
22179
22193
22202
22208
22172
22209
22160
22231
22176
22190
22232
22240
22241
22220
22248
22245
22271
22248
22245
22249
22253
22154
22265
22272
22272
22278
22281
22283
22280
22280
22286
22292
22298
22298
22290
22305
22294
22309
22311
22311
22312
22328
22336
22320
22313
22341
22345
22330
22348
22291
22338
22350
22350
22358
22362
22351
22353
22360
22372
22371
22377
22351
22371
22374
22380
22382
22087
22377
22387
22400
22390
22405
22414
22420
22148
22421
22431
22427
22435
22438
22443
22441
22446
22463
22452
22471
22445
22474
22476
22450
22499
22438
22476
22477
22477
22487
22497
22488
22499
22507
22508
22504
22578
22514
22505
22515
22526
22514
22534
22533
22547
22548
22542
22615
22550
22545
22551
22556
22559
22555
22560
22565
22564
22589
22596
22591
22568
22598
22558
22612
22630
22621
22635
22620
22635
22636
22644
22653
22639
22707
22502
22654
22654
22671
22667
22715
22670
22666
22683
22683
22679
22698
22697
22708
22713
22689
22718
22684
22717
22704
22703
22721
22723
22756
22739
22767
22775
22787
22749
22761
22776
22781
22792
22708
22790
22793
22795
22796
22801
22802
22795
22816
22826
22817
22806
22817
22820
22825
22806
22818
22830
22728
22831
22833
22833
22835
22846
22851
22855
22855
22871
22864
22873
22848
22872
22877
22880
22880
22887
22888
22896
22924
22894
22926
22890
23455
22877
22925
22928
22929
22930
22957
22952
22954
22933
22982
22934
22932
22960
22971
22980
22943
23048
22987
22979
22993
22990
23044
23011
23005
23011
23032
23033
23049
23048
23059
23044
23060
23020
23063
22960
23050
23068
23068
23080
23071
23065
23073
23092
23089
23101
23108
23103
23096
23108
23107
23108
23003
23109
23112
23114
23119
23087
23436
23115
23120
23121
23123
23126
23125
23133
23143
23279
23139
23130
23147
23172
23177
23165
23178
23182
23185
23177
23228
23160
23178
23187
23192
23188
23201
23209
23191
23252
23209
23209
23210
23217
23222
23223
23239
23269
23262
23280
23264
23239
23276
23281
23252
23437
23276
23282
23291
23292
23287
23313
23287
23284
23295
23297
23305
23309
23299
23300
23315
23319
23312
23313
23319
23347
23294
23336
23353
23355
23353
23354
23353
23371
23357
23348
23361
23361
23331
23399
23322
23364
23371
23376
23387
23385
23393
23402
23398
23412
23417
23392
23405
23419
23422
23424
23433
23455
23421
23421
23434
23438
23443
23448
23449
23472
23427
23451
23460
23468
23468
23456
23478
23466
23470
23481
23486
23490
23492
23493
23492
23499
23516
23290
23516
23516
23521
23523
23520
23521
23537
23526
23542
23559
23559
23547
23561
23569
23551
23590
23563
23566
23570
23585
23573
23587
23584
23586
23593
23594
23598
23604
23617
23619
23621
23580
23622
23624
23629
23623
23624
23638
23630
23645
23646
23644
23646
23648
23649
23664
23635
23654
23670
23018
23672
23672
23672
23673
23677
23685
23686
23684
23677
23689
23694
23687
23690
23701
23703
23689
23696
23708
23713
23715
23716
23717
23723
23723
23760
23717
23746
23748
23756
23725
23760
23769
23772
23778
23780
23787
23797
23784
23794
23796
23803
23777
23801
23804
23805
23814
23813
23820
23822
23827
23833
23838
23838
23844
23850
23850
23851
23841
23865
23776
23971
23799
23863
23869
23871
23880
23880
23888
23893
23889
23886
23899
23907
23903
23908
23912
23915
23917
23918
23929
23929
23900
23951
23919
23932
23935
23937
23952
23977
23983
23944
23976
23985
23991
23956
23982
24002
24005
24006
24014
24017
24014
24012
24025
24027
23802
24056
23802
24028
24036
24040
24041
24050
24051
24050
24045
24052
23823
24055
24062
24063
24067
24073
24080
24088
24089
24089
24092
24083
24101
24068
24092
24107
24102
24118
24108
24103
24114
24133
24138
24083
24190
24090
24117
24143
24150
24155
24138
24157
24169
24170
24175
24175
24186
24188
21663
24177
24191
24212
24214
24193
24226
24214
24193
24214
24217
24226
24234
24230
24229
24234
24235
24224
24239
24240
24240
24244
24239
24247
24250
24234
24327
24221
24260
24261
24262
24271
24265
24322
24278
24270
24288
24299
24301
24307
24330
24254
24329
24342
24343
24347
24350
24344
24354
24375
24363
24376
24334
24409
24354
24354
24383
24383
24377
24390
24387
24403
24404
24423
24411
24424
24431
24433
24435
24438
24451
24455
24471
24464
24480
24446
24477
24471
24522
24477
24454
24481
24481
24484
24488
24489
24489
24499
24499
24506
24508
24512
24513
24514
24522
24496
24559
24452
24516
24524
24534
24541
24527
24604
24539
24535
24541
24553
24569
24583
24553
24586
24595
24596
24586
24597
24337
24600
24615
24607
24614
24617
24625
24622
24618
24629
24631
24630
24628
24634
24627
24639
24642
24644
24644
24644
24651
24651
24659
24654
24651
24665
24660
24679
24666
24675
24681
24689
24449
24683
24702
24706
24697
24695
24704
24704
24704
24709
24712
24507
24707
24712
24718
24722
24721
24718
24727
24736
24725
24723
24735
24736
24737
24740
24746
24752
24717
24759
24761
24525
24770
24771
24777
24780
24780
24790
24783
24794
24794
24799
24797
24799
24813
24823
24825
24816
24821
24831
24853
24837
24889
24838
24841
24863
24867
24881
24879
24878
24880
24881
24875
24902
24872
24896
24908
24912
24916
24915
24935
24902
24909
24921
24933
24935
24933
24937
24877
24924
24937
24961
24962
24958
24966
24948
24973
24956
24966
24978
25028
24967
24967
24982
24988
24984
24981
25000
24993
25001
25006
25006
25010
25011
25002
25029
24867
25032
25033
25038
25038
25039
25039
25039
25041
25035
25040
25052
25056
25057
25057
24898
25060
25069
25084
25072
25091
25100
25100
25118
25096
25097
25102
25108
25112
25141
25090
25123
25134
25124
25146
25130
25170
25138
25127
25146
25148
25168
25106
25163
25171
25178
25181
25187
25156
25259
25179
25187
25191
25195
25199
25194
25251
25192
25198
25203
25208
25211
25212
25210
25204
25212
25213
25216
25212
25237
25207
25232
25235
25236
25256
25270
25248
25243
25274
25268
25276
25257
25275
25272
25273
25279
25293
25288
25297
25294
25284
25294
25299
25305
25283
25297
25306
25322
25312
25325
25324
25344
25328
25337
25341
25343
25344
24216
25387
24716
25347
25349
25350
25363
25355
25364
25385
25360
25390
25394
25403
25416
25421
24405
25416
25425
25439
25440
25460
25441
25445
25460
25467
25469
25472
25481
25437
25474
25487
25533
25496
25482
25496
25499
25502
25519
25506
25537
25534
25510
25539
25529
25565
25452
25541
25546
25553
25550
25554
25553
25557
25562
25558
25555
25562
25568
25569
25571
25473
25571
25582
25580
25584
25590
25592
25634
25586
25595
25605
25611
25618
25624
25600
25617
25634
25625
25643
25609
25636
25643
25645
25645
25648
25645
25654
25656
25658
25622
25852
25660
25656
25660
25661
25661
25670
25681
25676
25675
25677
25684
25679
25689
25691
25690
25691
25707
25701
25711
25707
25704
25725
25747
25762
25763
25720
25721
25769
25661
25806
25668
25769
25805
25805
25773
25817
25784
25813
25813
25815
25820
25831
25832
25836
25857
25839
25840
25845
25847
25857
25774
25849
25864
25871
25880
25864
25871
25879
25882
25885
25812
25887
25890
25891
25891
25891
25849
25890
25894
25899
25906
25900
25906
25914
25917
25928
25909
25918
25946
25935
25954
25964
25982
25904
25960
25985
25986
25986
25987
26006
25998
26011
26012
26011
26015
26015
26024
26017
26031
26022
26037
26020
26036
26000
26042
26014
26034
26046
26052
26052
25978
26053
26054
26060
26057
26053
26060
26059
26064
26063
26061
26076
26077
26082
25538
26079
26086
26096
26118
26090
26091
26104
26098
26156
26105
26100
26112
26105
26117
26127
26140
26164
26117
26112
26160
26144
26188
26119
26159
26190
26197
26159
26206
26213
26215
26114
26209
26224
26233
26235
26229
26237
26238
26242
26241
26245
26258
26243
26245
26262
26244
26261
26272
26276
26254
26644
26264
26273
26278
26294
26287
26294
26295
26295
26302
26313
26288
26394
26295
26308
26319
26315
26345
26343
26363
26320
26321
26357
26316
26394
26329
26357
26373
26376
26370
26369
26375
26376
26383
26314
26384
26405
26443
26407
26405
26431
26412
26444
26429
26409
26437
26442
26440
26448
26420
26442
26450
26452
26459
26453
26462
26465
26469
26479
26459
26472
26476
26481
26484
26477
26485
26392
26486
26489
26490
26506
26506
26489
26564
26492
26502
26511
26512
26529
26534
26539
26541
26544
26548
26557
26564
26559
26634
26552
26560
26564
26565
26572
26567
26573
26569
26580
26566
26567
26580
26567
26644
26578
26580
26615
26604
26625
26612
26626
26626
26634
26372
26647
24337
26628
26650
26654
26654
26699
26652
26673
26685
26691
26693
26697
26687
26717
26680
26698
26701
26695
26929
26677
26712
26722
26727
26721
26727
26733
26737
26740
26742
26728
26741
26749
26750
26763
26747
26744
26770
26771
26732
26774
26777
26779
26779
26736
26783
26800
26802
26856
26788
26797
26802
26804
26810
26806
26819
26825
26817
26826
26823
26830
26818
26827
26837
26840
26853
26844
26856
26831
26841
26861
26859
26879
26890
26895
26892
26896
26823
26898
26899
26902
26904
26917
26902
26899
26909
26909
26850
26976
26756
26912
26918
26918
26926
26934
26947
26922
26932
26942
26944
26947
26945
26954
26958
26962
26965
26970
26974
26977
26957
26978
26976
26974
26992
26991
26997
26987
26979
26996
27004
27011
27018
27029
27019
27023
27030
27057
27019
27076
26837
27176
26816
27046
27077
27078
27087
27078
27165
27080
27089
27094
27092
27089
27101
27104
27094
27105
27103
27096
27107
27108
27113
27093
27122
27124
27125
27134
27133
27149
27152
27146
27154
27156
27155
27156
27148
27173
27178
27176
27191
27184
27192
26740
27185
27193
27206
27195
27196
27214
27209
27216
27222
27224
27218
27230
27230
27231
27247
27226
27233
27236
27240
27249
27252
27240
27261
27228
27250
27268
27269
27266
27276
27270
27281
27277
27281
27288
27285
27284
27292
27285
27314
27277
27296
27304
27298
27307
27308
27302
27314
27326
27327
27330
27335
27308
27315
27339
27343
27232
27336
27348
27356
27354
27356
27362
27372
27374
27380
27364
27361
27380
27388
27391
27401
27232
27435
27220
27399
27404
27405
27420
27424
27409
27405
27422
27405
27483
27408
27425
27437
27438
27446
27462
27475
27459
27488
27477
27472
27479
27488
27423
27488
27501
27493
27517
27492
27520
27520
27521
27439
27521
27526
27535
27541
27540
27543
27531
27530
27552
27557
27558
27559
27578
27564
27581
27556
27585
27092
27571
27589
27595
27595
27598
27600
27605
27608
27617
27610
27617
27623
27606
27631
27623
27643
27644
27644
27617
27783
27644
27645
27648
27649
27673
27686
27677
27667
27678
27686
27688
27662
27685
27688
27697
27703
27722
27723
27728
27732
27721
27731
27738
27729
27741
27743
27742
27744
27747
27750
27765
27742
27767
27770
27771
27692
27751
27772
27773
27793
27794
27655
27780
27799
27812
27799
27798
27802
27805
27807
27814
27632
27939
27708
27806
27814
27816
27816
27821
27824
27815
27821
27826
27828
27828
27838
27832
27841
27854
27855
27861
27881
27881
27867
27897
27861
27864
27897
27904
27880
27913
27863
27897
27908
27912
27919
27919
27929
27934
27925
27943
27908
27930
27935
27935
27944
27949
27955
27967
27967
27964
27961
27971
27977
27977
27997
27985
27981
27987
27959
28007
27846
27988
27998
28007
28017
28017
28017
28018
28024
28029
28025
28033
28037
28038
26820
28044
28062
28071
28049
28058
28064
28068
28070
28061
28091
28060
28065
28086
28090
28087
28082
28090
28096
28121
28099
28112
28113
28107
28127
28130
28135
28142
28130
28144
28150
28108
28164
28049
28158
28165
28094
28176
28067
28165
28169
28170
28190
28194
28203
28186
28221
28167
28206
28216
28074
28313
28123
28218
28226
28223
28226
28230
28229
28239
28238
28232
28243
28244
28261
28253
28264
28266
28230
28275
28255
28269
28284
28281
28285
28294
28296
28300
28300
28297
28303
28306
28300
28308
28317
28282
28308
28327
28330
28338
28343
28341
28343
28351
28354
28358
28345
28358
28358
28358
28360
28375
28334
28358
28377
28378
28385
28388
28388
28380
28388
28399
28419
28413
28462
28405
28415
28429
28435
28436
28441
28441
28458
28443
28458
28432
28445
28478
28480
28471
28467
28478
28481
28423
28484
28486
28488
28493
28498
28498
28241
28653
28353
28497
28503
28514
28528
28522
28519
28544
28541
28554
28555
28590
28559
28545
28561
28567
28567
28562
28562
28573
28570
28582
28585
28591
28588
28592
28595
28568
28596
28613
28538
28614
28614
28614
28616
28616
28635
28616
28615
28619
28617
28629
28622
28631
28644
28655
28634
28661
28558
28640
28663
28662
28669
28682
28709
28681
28670
28685
28704
28704
28695
28710
28678
28711
28717
28697
28720
28721
28724
28727
28496
29225
28231
28724
28728
28729
28735
28733
28745
28746
28749
28743
28751
28772
28777
28781
28785
28787
28787
28785
28790
28746
28979
28775
28788
28791
28802
28803
28817
28829
28811
28818
28829
28849
28814
28924
28845
28843
28861
28868
28874
28877
28875
28887
28890
28909
28888
28887
28894
28907
28895
28908
28912
28914
28930
28931
28912
28931
28935
28940
28852
28936
28942
28946
28950
28934
28948
28958
28966
28961
28965
28962
28961
28966
28974
28982
28994
28994
29004
29012
29023
29002
29013
29013
29021
29011
29027
28999
29022
29026
29027
29031
29033
29048
29021
29124
28970
29035
29050
29050
29063
29070
29054
29073
29074
29073
29077
29070
29113
29058
29074
29079
29094
29096
29112
29119
29119
28866
30356
28936
29124
29126
29135
29139
29142
29130
29149
29145
29134
29156
29163
29153
29150
29160
29159
29176
29159
29177
29179
29195
29184
29204
29208
29203
29213
29169
29243
29153
29200
29222
29216
29222
29232
29226
29240
29296
29237
29236
29256
29281
29248
29269
29273
29281
29283
29284
29293
29284
29294
29294
29234
29298
29309
29325
29310
29307
29313
29324
29248
29314
29328
29329
29340
29341
29329
29341
29346
29348
29347
29353
29284
29353
29357
29364
29222
29358
29372
29368
29372
29375
29373
29376
29384
29391
29400
29408
29418
29395
29795
29388
29419
29420
29426
29435
29428
29442
29443
29423
29458
29423
29459
29434
29462
29462
29565
29463
29447
29468
29471
29471
29480
29481
29476
29487
29486
29487
29502
29501
29494
29507
29504
29525
29530
29530
29510
29509
29531
29536
29538
29516
29548
29535
29600
29537
29543
29554
29569
29552
29548
29560
29562
29557
29570
29571
29576
29578
29578
29582
29583
29556
29601
29601
29605
29605
29610
29617
29628
29629
29630
29613
29682
29616
29629
29639
29658
29660
29650
29662
29658
29638
29661
29659
29670
29672
29685
29674
29688
29633
29677
29687
29689
29691
29707
29714
29714
29726
29703
29732
29705
29735
29712
29715
29744
29735
29741
29748
29742
29744
29749
29721
29753
29754
29770
29776
29776
29762
29781
29715
29781
29784
29785
29775
29789
29801
29808
29801
29798
29807
29807
29816
29788
29819
29825
29839
29826
29821
29830
29727
29831
29852
29851
29853
29854
29855
29855
29861
29860
29863
29854
29859
29866
29865
29888
29891
29884
29877
29892
29465
29893
29896
29911
29902
29911
29905
29955
29897
29906
29911
29930
29916
29938
29914
29911
29944
29951
29955
29962
29953
29963
29900
29969
29982
29987
29988
29974
29992
29997
29998
29990
30000
30000
30005
30008
30008
30013
30010
30024
30024
30031
29937
30061
29912
30027
30033
30042
30040
30047
30054
30068
30069
30063
30070
30076
30069
30070
30081
30083
30094
30094
30061
30099
30041
30083
30099
30109
30106
30141
30120
30113
30120
30130
30135
30124
30135
30137
30126
30144
30133
30137
30150
30146
30156
30160
30162
30162
30176
30176
30180
30167
30170
30185
30202
30188
30181
30197
30202
30215
30099
30339
29994
30207
30216
30217
30228
30229
30233
30251
30226
30253
30238
30240
30256
30254
30264
30274
30286
30295
30299
30289
30291
30297
30280
30298
30312
30313
30316
30321
30281
30354
30265
30307
30333
30335
30336
30329
30342
30343
30243
30346
30358
30356
30368
30364
30392
30372
30392
30389
30399
30367
30441
30368
30382
30399
30412
30433
30414
30414
30425
30421
30444
30426
30416
30448
30440
30449
30451
30455
30449
30454
30455
30224
30458
30459
30459
30467
30485
30485
30482
30485
30516
30529
30501
30514
30520
30523
30533
30517
30593
30507
30530
30533
30538
30553
30549
30567
30552
30536
30555
30554
30556
30562
30563
30567
30580
30581
30571
30583
30557
30570
30587
30590
30523
30588
30594
30596
30595
30603
30608
30548
30604
30610
30612
30618
30623
30625
30628
30460
30774
30099
30626
30629
30632
30643
30656
30636
30632
30648
30645
30667
30643
30644
30662
30657
30666
30672
30679
30676
30670
30680
30689
30693
30675
30755
30675
30683
30699
30700
30706
30706
30707
30702
30708
30711
30718
30723
30714
30730
30725
30732
30732
30734
30734
30742
30745
30736
30731
30751
30765
30751
30773
30764
30772
30726
30764
30779
30786
30788
30785
30796
30789
30798
30609
30782
30801
30813
30808
30801
30815
30813
30825
30833
30805
30833
30843
30836
30843
30853
30839
30858
30822
30850
30859
30861
30865
30887
30859
30860
30867
30870
30882
30824
30889
30890
30891
30895
30908
30908
30927
30928
30932
30919
30933
30935
30942
30946
30947
30942
30952
30948
30945
30956
30969
30973
30458
30968
30974
30977
30985
30988
30990
30993
30998
31005
31005
30982
31006
31008
31171
30991
31000
31027
31015
31032
31035
31036
31108
31029
31032
31042
31038
31046
31049
31054
31050
31074
31079
31069
31082
31087
31095
31104
31066
31107
31035
31162
31060
31093
31109
31118
31126
31121
31135
31144
31144
31136
31140
31146
31157
31122
31155
31161
31162
31167
31171
31164
32746
30982
31163
31171
31173
31177
31182
31180
31205
31181
31179
31184
31190
31198
31201
31202
31210
31208
31214
31245
31212
31217
31217
31222
31222
31223
31239
31244
31233
31284
31242
31238
31245
31261
31266
31269
31271
31251
31288
31285
31287
31270
31305
31250
31285
31292
31299
31290
31310
31319
31328
31293
31311
31330
31342
31323
31341
31348
31358
31360
31348
31360
31368
31373
31392
31386
31413
31376
31388
31397
31402
31417
31426
31452
31411
31425
31436
31438
31439
31446
31448
31450
31370
31449
31455
31469
31488
31479
31494
31486
31463
31491
31459
31491
31495
31464
31496
31504
31513
31508
31514
31504
31522
31522
31523
31499
31527
31490
31510
31531
31532
31537
31547
31531
31540
31547
31549
31540
31533
31550
31559
31551
31555
31564
31565
31541
31565
31566
31577
31566
31584
31588
31579
31590
31592
31593
31589
31597
31580
31595
31604
31606
31622
31624
31568
31615
31624
31636
31636
31627
31631
31640
31642
31636
31639
31643
31485
31664
31550
31645
31651
31661
31662
31679
31677
31682
31687
31670
31721
31668
31682
31699
31700
31709
31696
31687
31706
31709
31713
31720
31512
31871
31507
31721
31725
31739
31737
31743
31729
31757
31742
31744
31746
31748
31750
31754
31762
31777
31775
31772
31784
31786
31787
31791
31799
31805
31803
31805
31809
31808
31815
31809
31838
31809
31811
31815
31818
31820
31831
31828
31850
31831
31824
31831
31832
31838
31870
31847
31833
31847
31850
31858
31864
31820
31989
31789
31854
31871
31893
31905
31898
31905
31915
31903
31923
31904
31921
31926
31873
31936
31947
31939
31938
31950
31956
31951
31971
31905
31955
31980
31976
31981
31979
31973
31982
31992
31769
31983
31994
31995
32021
31999
32012
32023
31997
32025
32015
32022
32027
32061
32044
32038
32062
32074
32054
32168
32042
32064
32076
32078
32082
32092
32094
32098
32102
32179
32096
32101
32103
32123
32114
32129
32143
32129
32123
32133
32132
32143
32155
32153
32164
32106
32147
32165
32180
32088
32168
32184
31513
32186
32188
32189
32192
32201
32193
32238
32197
32198
32204
32206
32232
32213
32285
32239
32236
32242
32256
32263
32265
32280
32356
32263
32274
32286
32287
32302
32295
32301
32312
32291
32316
32289
32454
32290
32310
32316
32318
32328
32329
32345
32328
32343
32366
32359
32369
32342
32411
32360
32369
32382
32381
32377
32388
32393
32389
32417
32390
32428
32425
32413
32440
32411
32444
32446
32209
32447
32466
32466
32468
32472
32473
32475
32467
32477
32446
32635
32394
32476
32480
32481
32493
32485
32555
32481
32493
32516
32520
32520
32494
32536
32512
32519
32524
32532
32527
32555
32525
32541
32553
32541
32554
32555
32567
32573
32575
32576
32592
32592
32589
32593
32603
32606
32621
32624
32607
32610
32625
32628
32635
32636
32575
32641
32641
32643
32647
32643
32652
32644
32647
32649
32659
32653
32661
32662
32658
32675
32509
32681
32690
32702
32690
32683
32694
32696
32699
32672
32706
32707
32710
32711
32711
32717
32714
32730
32710
32752
32719
32725
32734
32739
32741
32743
32746
32746
32764
32744
32746
32751
32753
32751
32747
32753
32754
32757
32760
32764
