1000
5796
15279
27093
16126
14947
19075
31331
21620
10721
23725
20798
6687
9076
5240
12179
5184
746
25802
27069
32415
10875
9807
14286
10960
30715
2003
29803
5045
6741
24048
15838
19012
23348
5610
11622
8074
12547
20439
6353
12272
11544
25603
4685
13246
6700
22418
6780
14557
24335
1127
14534
10721
31129
30789
28147
17991
9700
20276
13561
28666
1464
3367
1554
29212
23623
15067
4114
9476
12827
18946
7160
4995
30028
1185
20163
1388
27126
2999
15751
4947
32490
10527
1983
10132
23204
30903
27621
4248
13438
11458
2624
2131
20003
29067
18942
21777
8517
13388
5250
26483
5523
20813
23295
6580
21221
27984
6726
29745
954
32301
20700
6953
7141
18106
6992
18881
30595
18925
27339
32331
26160
31045
2537
15303
30331
8805
25543
1194
5527
24579
16734
29407
22355
4608
28943
4364
31307
8408
3198
22806
31840
4157
20644
31719
21351
9471
15392
22127
7710
8751
26574
14312
24932
24964
19867
23903
9641
19197
29080
18032
2211
28616
8525
18257
5954
19555
15695
31762
999
30209
16661
290
3281
14127
32007
5398
9943
24503
14040
1958
16477
19397
9238
6648
12417
26184
29439
13346
9877
10907
21911
5098
11730
26981
17143
22735
6474
21694
25320
4430
27679
6035
22448
11614
4595
31819
23084
31293
31647
26282
23583
2926
29736
9462
9418
13571
16879
23641
7101
31512
26663
5255
13804
6816
7308
9888
14597
3940
17746
4952
18689
15176
4956
1109
29690
4816
3247
31961
12348
29412
6950
32160
158
976
29543
8204
13075
19855
26645
27775
28028
24905
32072
28680
31936
15386
20538
21827
6687
18197
10051
1146
6851
6281
15879
3856
15768
23170
8686
27168
2910
31379
13012
15457
31997
1747
7170
17229
23576
23590
22877
4994
4580
2494
7390
14440
22587
3553
10306
30484
236
20460
28419
14444
18262
31640
5254
24204
24629
8572
6806
2409
15291
16595
21521
3764
11747
7808
28641
10498
28930
3407
12334
8745
13982
2942
8658
31981
14980
22908
26638
25052
3093
28144
28795
21366
481
27389
9027
28049
2935
30916
25488
13308
21882
10539
29765
13411
29688
18653
5357
32626
1784
16787
27376
15677
3410
29073
2829
24800
22980
7283
14084
16226
24129
22825
9107
3552
16780
8513
23204
2791
29446
25956
3525
22305
12485
19236
27864
16692
13285
30709
21772
2279
30499
3448
27660
23943
19367
15104
31606
7049
12322
2127
8334
3440
7705
15776
9268
13297
16769
3307
3859
22869
20107
24676
19996
29728
27073
29252
31539
7408
22098
4557
7719
7079
24234
14728
31208
20428
11078
23250
14836
30767
31687
662
5139
7628
30277
15196
12868
9714
229
20611
30967
20389
22958
22218
32124
8256
24728
7702
16572
863
18406
28783
551
8699
7862
16971
16109
13527
27095
14351
12657
22043
16090
9427
25851
5695
5484
26213
12716
22571
17123
17041
13496
14493
21526
10656
6351
1226
14706
543
17116
1096
31050
25058
14066
6699
23663
22600
18819
367
18689
11711
28884
10390
16260
15499
19117
28817
11830
18116
10837
21220
3744
28062
17086
13062
364
11758
16636
24326
23670
1513
27387
884
24358
10286
5746
5759
252
24583
3091
32347
3692
2795
11013
30438
2029
19272
24723
31370
30541
22656
18470
12901
12103
4145
1904
12711
10583
11450
15083
60
30157
17659
1666
14508
29217
31068
7821
15679
14726
29200
23811
18532
961
4763
14059
23635
26172
1681
9748
22002
11094
2977
23302
9973
13310
7379
19256
31562
6016
25358
28548
19892
30110
3805
18135
12214
12003
32626
28973
18610
30516
23276
30397
20562
30376
31701
3952
2087
27802
22511
32408
30864
2300
17456
22239
29918
28653
14859
14973
10933
7054
497
27567
16565
4114
26392
16740
18522
5653
22651
21561
1825
28463
6946
30631
23277
14536
29091
21371
15784
28974
23785
12679
11309
21220
23092
21400
29798
31294
16993
26024
11953
2346
11884
24660
26249
15697
1331
28560
13922
11359
5756
12697
23252
6814
26426
25131
252
8138
4876
17909
21536
3617
26375
27210
3729
20409
6581
3353
4566
11798
17501
16671
18950
14332
389
8795
24694
14722
21686
11970
404
31336
16255
5941
14867
13994
10172
7344
12105
1365
29465
19908
14037
8602
31697
14407
4484
18977
17084
25418
19830
10912
648
9547
4988
939
2118
10924
25541
1230
29993
16484
1466
3289
19851
14069
12070
17531
31025
29086
9882
18194
6352
30161
25872
19906
21712
3815
31438
4292
2383
23059
15245
21249
29545
20116
30171
19424
17335
5679
14782
25436
14869
18909
29338
29785
11945
26305
22612
2360
11297
3932
31672
18089
32571
27908
29208
30912
24459
17810
25654
30284
5497
6492
1125
20068
16777
23907
12266
29762
10463
9677
16296
23893
11010
21653
19453
17809
17632
8321
26599
3594
17682
2132
5995
27073
5474
1605
1335
19645
15754
6065
15238
20830
831
27917
25668
2031
19310
22046
21618
25722
8390
15980
26317
16096
886
19956
27050
6440
26168
541
9253
8216
31886
21229
13946
6658
15947
14461
22963
14305
17494
9386
17028
31909
25259
17678
11123
11978
9122
8495
19003
2095
2164
26869
13427
6182
13051
1890
30571
3015
23737
19837
26455
20619
16156
18831
27055
17686
20736
7826
16085
27731
32118
28647
3833
22214
14276
13639
15930
13854
4269
2812
19469
20234
12530
21073
16867
15694
23832
13895
29958
15894
26220
26761
8132
29834
11589
10914
5584
23714
6281
30574
6117
24636
9842
24782
2732
17004
31378
30112
5344
21779
3349
17391
26800
11443
24391
19302
15461
18049
22870
29707
13892
21692
13656
23850
20406
9534
7055
6286
29606
22097
21484
9719
23595
19907
12499
17097
29543
9789
5918
25090
15279
1744
18276
24686
747
6353
19579
18718
25920
4071
13115
15894
25325
30818
28549
22854
3443
16334
4740
6588
4089
11208
13875
12567
5870
13073
16928
17727
23280
27873
28015
31315
21229
2686
8737
22755
20872
3852
9623
25696
4542
14759
10833
30160
30409
21935
12028
11974
836
25955
20140
6290
19345
23218
26214
17333
26488
21069
13281
31640
10000
1281
20877
25213
3811
25412
13269
2485
24397
3854
2977
23059
11045
10218
12832
24738
16799
7500
452
21395
28529
31525
16526
25465
23349
25781
32651
11449
271
12704
5023
23867
4495
24901
2945
25190
14297
22603
18183
