1000
60
252
236
229
252
158
271
551
543
367
364
481
662
497
290
389
404
648
541
452
5023
1194
4608
4364
3198
4157
2211
999
746
3281
1958
5098
4430
4595
2926
3940
4952
4956
1109
4816
3247
2003
976
1146
3856
2910
1747
4994
4580
2494
3553
5045
2409
3764
3407
2942
3093
4685
2935
1784
3410
2829
3552
2791
3525
2279
3448
2127
3440
3307
3859
4557
1127
5139
1464
863
3367
1226
1554
1096
4114
3744
4995
1513
884
1185
3091
3692
2795
2029
4145
1904
1388
1666
961
4763
1681
2977
3805
3952
2087
2300
2999
4114
1825
2346
1331
4947
4876
3617
3729
3353
4566
1983
4248
1365
4484
2624
4988
939
2118
1230
1466
3289
3815
4292
2383
2360
3932
1125
3594
2132
1605
1335
831
2031
886
2131
2095
2164
1890
3015
3833
4269
2812
2732
3349
1744
747
4071
3443
4740
4089
2686
3852
4542
836
1281
3811
2485
3854
2977
954
2537
4495
5184
2945
5254
5523
5610
5474
5653
5240
5255
5398
5756
5250
5527
5746
5759
5357
5679
5695
5484
5584
5497
5344
18183
13346
9877
10907
21911
20439
11730
26981
17143
22735
6474
21694
25320
6353
27679
6035
22448
11614
12272
31819
23084
31293
31647
26282
23583
11544
29736
9462
9418
13571
16879
23641
7101
31512
26663
25603
13804
6816
7308
9888
14597
31331
17746
13246
18689
15176
6700
22418
29690
6780
14557
31961
12348
29412
6950
32160
24335
21620
29543
8204
13075
19855
26645
27775
28028
24905
32072
28680
31936
15386
20538
21827
6687
18197
10051
14534
6851
6281
15879
10721
15768
23170
8686
27168
31129
31379
13012
15457
31997
30789
7170
17229
23576
23590
22877
28147
17991
9700
7390
14440
22587
20276
10306
30484
13561
20460
28419
14444
18262
31640
28666
24204
24629
8572
6806
10721
15291
16595
21521
23725
11747
7808
28641
10498
28930
20798
12334
8745
13982
29212
8658
31981
14980
22908
26638
25052
23623
28144
28795
21366
15067
27389
9027
28049
6687
30916
25488
13308
21882
10539
29765
13411
29688
18653
9476
32626
12827
16787
27376
15677
18946
29073
7160
24800
22980
7283
14084
16226
24129
22825
9107
9076
16780
8513
23204
30028
29446
25956
5796
22305
12485
19236
27864
16692
13285
30709
21772
20163
30499
12179
27660
23943
19367
15104
31606
7049
12322
27126
8334
15279
7705
15776
9268
13297
16769
15751
27093
22869
20107
24676
19996
29728
27073
29252
31539
7408
22098
32490
7719
7079
24234
14728
31208
20428
11078
23250
14836
30767
31687
10527
25802
7628
30277
15196
12868
9714
10132
20611
30967
20389
22958
22218
32124
8256
24728
7702
16572
23204
18406
28783
30903
8699
7862
16971
16109
13527
27095
14351
12657
22043
16090
9427
25851
27621
27069
26213
12716
22571
17123
17041
13496
14493
21526
10656
6351
13438
14706
11458
17116
32415
31050
25058
14066
6699
23663
22600
18819
10875
18689
11711
28884
10390
16260
15499
19117
28817
11830
18116
10837
21220
20003
28062
17086
13062
29067
11758
16636
24326
23670
18942
27387
21777
24358
10286
8517
13388
9807
24583
26483
32347
14286
20813
11013
30438
23295
19272
24723
31370
30541
22656
18470
12901
12103
6580
21221
12711
10583
11450
15083
27984
30157
17659
6726
14508
29217
31068
7821
15679
14726
29200
23811
18532
29745
10960
14059
23635
26172
32301
9748
22002
11094
20700
23302
9973
13310
7379
19256
31562
6016
25358
28548
19892
30110
6953
18135
12214
12003
32626
28973
18610
30516
23276
30397
20562
30376
31701
7141
18106
27802
22511
32408
30864
6992
17456
22239
29918
28653
14859
14973
10933
7054
18881
27567
16565
30595
26392
16740
18522
18925
22651
21561
27339
28463
6946
30631
23277
14536
29091
21371
15784
28974
23785
12679
11309
21220
23092
21400
29798
31294
16993
26024
11953
32331
11884
24660
26249
15697
26160
28560
13922
11359
31045
12697
23252
6814
26426
25131
30715
8138
15303
17909
21536
30331
26375
27210
8805
20409
6581
25543
16126
11798
17501
16671
18950
14332
29803
8795
24694
14722
21686
11970
24579
31336
16255
5941
14867
13994
10172
7344
12105
16734
29465
19908
14037
8602
31697
14407
29407
18977
17084
25418
19830
10912
22355
9547
14947
28943
6741
10924
25541
31307
29993
16484
8408
24048
19851
14069
12070
17531
31025
29086
9882
18194
6352
30161
25872
19906
21712
22806
31438
31840
15838
23059
15245
21249
29545
20116
30171
19424
17335
20644
14782
25436
14869
18909
29338
29785
11945
26305
22612
31719
11297
21351
31672
18089
32571
27908
29208
30912
24459
17810
25654
30284
9471
6492
15392
20068
16777
23907
12266
29762
10463
9677
16296
23893
11010
21653
19453
17809
17632
8321
26599
22127
17682
7710
5995
27073
8751
26574
14312
19645
15754
6065
15238
20830
24932
27917
25668
24964
19310
22046
21618
25722
8390
15980
26317
16096
19867
19956
27050
6440
26168
23903
9253
8216
31886
21229
13946
6658
15947
14461
22963
14305
17494
9386
17028
31909
25259
17678
11123
11978
9122
8495
19003
9641
19197
26869
13427
6182
13051
29080
30571
18032
23737
19837
26455
20619
16156
18831
27055
17686
20736
7826
16085
27731
32118
28647
19012
22214
14276
13639
15930
13854
28616
8525
19469
20234
12530
21073
16867
15694
23832
13895
29958
15894
26220
26761
8132
29834
11589
10914
18257
23714
6281
30574
6117
24636
9842
24782
5954
17004
31378
30112
19555
21779
15695
17391
26800
11443
24391
19302
15461
18049
22870
29707
13892
21692
13656
23850
20406
9534
7055
6286
29606
22097
21484
9719
23595
19907
12499
17097
29543
9789
5918
25090
15279
31762
18276
24686
23348
6353
19579
18718
25920
30209
13115
15894
25325
30818
28549
22854
16661
16334
19075
6588
11622
11208
13875
12567
5870
13073
16928
17727
23280
27873
28015
31315
21229
14127
8737
22755
20872
32007
9623
25696
8074
14759
10833
30160
30409
21935
12028
11974
9943
25955
20140
6290
19345
23218
26214
17333
26488
21069
13281
31640
10000
24503
20877
25213
14040
25412
13269
12547
24397
16477
19397
23059
11045
10218
12832
24738
16799
7500
9238
21395
28529
31525
16526
25465
23349
25781
32651
11449
6648
12704
12417
23867
26184
24901
29439
25190
14297
22603
