100
22025
24995
9376
15736
21492
6693
25746
16511
1163
21656
25809
29755
560
28262
18287
902
22812
23669
8462
5772
7844
30038
27205
3733
3514
11199
8262
13343
19638
19771
22718
2864
16471
6432
19709
16874
4100
17345
8279
28000
16216
14822
26058
2216
222
14457
10465
27186
9753
3202
32215
9047
20680
3926
23808
32309
18791
13066
19813
3515
7929
13102
8878
1024
29701
15800
21062
17113
7391
10303
9145
23210
29480
1386
16481
27516
664
11943
26177
7248
29435
5664
16945
7347
21370
29931
13628
25747
11036
10624
2374
9809
29325
23153
22769
10007
23325
12629
11970
29036
