100
222
560
664
902
1024
1163
1386
2216
2374
2864
3202
3514
3515
3733
3926
4100
5664
5772
6432
6693
7248
7347
7391
7844
7929
8262
8279
8462
8878
9047
9145
9376
9753
9809
10007
10303
10465
10624
11036
11199
11943
11970
12629
13066
13102
13343
13628
14457
14822
15736
15800
16216
16471
16481
16511
16874
16945
17113
17345
18287
18791
19638
19709
19771
19813
20680
21062
21370
21492
21656
22025
22718
22769
22812
23153
23210
23325
23669
23808
24995
25746
25747
25809
26058
26177
27186
27205
27516
28000
28262
29036
29325
29435
29480
29701
29755
29931
30038
32215
32309
