100
5557
27099
9097
12874
30743
8240
3160
26555
20080
26215
22064
19452
5777
153
15381
22547
10040
25888
11088
4919
15761
9221
23825
21986
1020
25272
13145
17193
30225
16388
23831
27721
17889
13377
1426
21122
9855
16844
4870
15144
8128
2484
14482
2551
20286
6326
24401
5543
15011
108
10952
10944
5924
4289
7296
12464
10827
17832
6899
9498
10234
15630
24493
24946
12717
18700
4267
24263
23295
29282
2311
27615
22384
32545
5335
2441
13669
20903
9298
24879
19056
13264
14900
2475
13522
25195
6500
3675
5694
27883
30164
27768
27616
15711
11433
31395
10142
23717
18333
28353
