100
108
153
1020
1426
2311
2441
2475
2484
2551
3160
3675
4267
4289
4870
4919
5335
5543
5557
5694
5777
5924
6326
6500
6899
7296
8128
8240
9097
9221
9298
9498
9855
10040
10142
10234
10827
10944
10952
11088
11433
12464
12717
12874
13145
13264
13377
13522
13669
14482
14900
15011
15144
15381
15630
15711
15761
16388
16844
17193
17832
17889
18333
18700
19056
19452
20080
20286
20903
21122
21986
22064
22384
22547
23295
23717
23825
23831
24263
24401
24493
24879
24946
25195
25272
25888
26215
26555
27099
27615
27616
27721
27768
27883
28353
29282
30164
30225
30743
31395
32545
