1000
9858
18929
32049
9077
26252
22994
28625
11794
17282
24524
19851
29477
20934
13259
3954
17672
8602
20245
2946
7251
6536
19743
16936
16208
20481
28325
9477
32175
10308
21241
15087
21627
13953
23452
17720
3661
12094
28171
18995
13248
26107
2011
10485
24612
7953
22792
6745
20087
14560
22667
17223
12945
28713
1834
15413
12958
17337
21652
12781
5329
15176
23213
913
30039
5536
25383
477
6282
8706
27474
13229
11624
18629
6709
17343
5187
1856
23773
31673
32185
25322
7413
28782
30183
6080
17815
17245
12250
1511
2658
7546
9542
8851
9421
18226
24187
28711
31674
425
30356
16798
26959
1350
12274
19753
4865
18801
11497
21017
2033
31131
8376
22016
6524
15231
3263
15635
8717
10920
24044
16851
11830
11572
32375
4077
15360
1495
12239
1630
1151
18211
16596
25818
937
3078
29766
26735
12904
6548
11133
7014
9965
19974
10587
23658
3912
259
384
24812
14901
14623
1980
14021
8761
23202
21450
2333
12014
13194
11579
11404
8347
2259
29616
13952
23048
2293
22348
9183
31889
18351
30057
21229
2680
9987
11658
21615
896
20866
17041
22545
12215
10697
7219
14341
3219
21324
15528
26605
4160
14418
16039
19195
14137
12609
28561
13654
4118
12572
23021
7360
14756
6986
21524
15479
1851
9881
26413
12376
16204
29058
8796
19274
10298
11183
11831
11482
22379
30906
13434
23075
30366
28728
28667
24049
29567
24310
30944
13350
19832
11650
8463
1116
30155
4077
29926
28619
30174
25296
13357
30317
20437
22925
22344
14177
19814
25047
29873
4238
12521
24693
6822
24968
31919
11074
28959
30135
17557
25721
14339
22966
15833
6959
30107
8185
300
21793
26951
22707
13064
26032
5744
16630
1603
13866
31677
27932
19685
25419
19082
29287
2871
21508
12950
21476
16668
11642
5627
13973
23972
18514
14692
8398
4319
2860
17530
18656
28655
20077
9887
14069
8033
11586
13279
15931
30654
26594
3619
4421
22620
15123
11944
30126
7290
20719
9136
23295
26252
12008
22136
22738
13780
17674
28009
22584
31282
640
7826
27737
6717
4954
1622
7770
8082
11149
22114
12420
32109
827
28899
7330
9590
26677
17397
20906
24285
2239
31070
29856
5032
23443
20092
10424
2124
18728
10364
8891
12667
31283
14541
2987
7230
28527
17876
30378
7235
18073
27618
28184
13432
20671
27235
23548
28121
23995
20824
20901
4229
24827
8967
29329
29464
21379
15856
1677
21557
30516
8964
30494
29282
24398
27666
15392
22041
25140
1666
31661
539
22639
1605
24896
32264
19702
9484
28698
28461
684
16824
21733
13213
29483
29714
31384
13187
10944
2237
26266
23734
9654
31081
8234
31886
4824
13640
9982
27639
7985
19910
15658
16835
12054
23413
2116
32581
10343
12102
19910
27419
12817
9215
20147
3659
3287
9193
1662
1938
26963
14025
20775
10488
24375
11282
15527
5032
27097
13657
2446
17919
3567
1289
7915
20451
3222
17752
30060
8534
18330
31610
15814
10058
15089
11028
18007
10935
12168
19955
25610
9708
2883
29694
25212
1059
25151
8041
16221
32599
11610
12588
13592
4186
18933
31156
22710
9506
9976
16856
20223
4451
17175
24590
23779
28004
24660
11743
22297
22283
4293
29080
13574
18745
152
4163
19168
32094
8532
7125
28435
2884
6753
4521
3812
15151
8907
23853
30292
15912
10307
29404
20295
16534
26471
5996
7141
2830
22851
10056
12353
9580
6679
29248
28472
12323
11610
32639
20125
26577
17152
19902
26259
1815
25081
25528
4153
31399
7162
17630
22413
7070
11903
7755
17546
25621
13585
16378
16276
20978
20676
13879
5398
27652
26885
5971
23658
7504
27026
22940
17913
23205
8650
17804
5283
18039
10535
22593
18017
18154
27913
10797
12328
16940
19381
11791
4369
29960
24733
23586
24760
6072
26082
7572
23777
17659
20247
3129
6754
22376
328
23169
7485
12546
19514
30632
15372
8460
2293
17452
21154
23583
384
27268
2031
14969
1516
12303
11044
12440
21139
21067
27672
13832
11170
17479
29418
3705
20949
24667
6889
10516
13442
25110
21680
2575
1241
15480
29589
29311
3690
8289
27205
14958
30952
18250
15016
4398
22316
22067
7435
6124
10108
27868
8829
2696
10510
13624
22137
27301
10952
1823
9158
24828
14154
29763
156
18677
16942
20581
9736
6776
14990
2505
22161
9728
9927
26087
30748
22258
11645
30307
1293
28718
12256
23103
6319
30435
22829
8016
6870
16295
18295
22510
20163
20935
12711
14576
18759
5339
11970
21464
4652
31902
618
16714
29904
9981
4776
20419
17427
8302
27368
2695
5491
17027
28741
11483
14198
24767
11015
21877
26441
14248
18794
3633
2470
21021
16290
31749
27386
22762
10523
19255
19144
154
20229
11213
13896
2445
30736
29254
30293
1610
25972
12423
5254
23573
8501
23320
15258
12741
421
20112
30489
16592
1578
18766
5688
15528
28993
11626
13821
17482
17347
7915
13989
4627
32104
21051
8259
24022
18057
7896
15017
9517
26410
10827
23691
19980
12087
16222
13794
22428
13326
9610
6543
3398
1854
3247
2625
28685
19086
24840
3736
18978
17730
7005
4235
8370
24217
24954
19463
30723
8602
2785
4312
7615
11792
23996
23501
28048
15060
6165
2839
17388
3402
6473
12787
4915
2606
16314
20361
20215
17297
20165
27923
8602
10270
28916
26433
8223
14242
10868
26332
28730
24780
20425
19627
5289
27697
21696
5267
21447
6290
1957
29697
27743
19554
3255
14221
3262
131
11737
9175
16396
18513
21130
23989
17884
6881
13335
7569
2049
16778
8719
12812
8867
4005
27384
5607
12947
18322
15680
7460
24028
20732
5239
32104
19099
9309
1723
13732
30736
4036
1651
6388
11764
14550
27712
200
30221
18
23856
27201
21505
10586
24885
734
12136
28079
15830
26711
9252
23101
26917
8137
11509
8343
10481
2068
23624
15427
12860
19329
5968
4473
23791
5289
1880
26920
16333
2706
13656
28218
18598
22554
966
4121
9421
17049
31406
28274
3532
5058
6661
12857
20053
23242
9787
30701
4988
18637
8975
12061
24100
11373
28839
4907
10423
20668
16096
8528
5403
17244
19171
12256
14049
17892
6905
2767
19903
28294
11424
14709
1088
15343
18654
20878
1722
8303
29397
31621
1665
18522
9368
3058
32090
8110
20029
22113
17714
23285
19251
7509
22544
1901
16854
17292
19529
26215
8513
8837
24819
