1000
20978
1578
22136
17027
12812
8033
6319
24667
5403
22925
3263
16396
17427
9193
25528
827
11497
21508
539
20215
11213
17244
32264
24187
24840
22851
27026
4398
11373
8528
17630
18677
1289
12423
22428
23548
1293
1723
11610
13326
17347
20866
31610
10423
4521
24310
31621
24612
28121
23501
12168
2785
17892
12609
2884
20147
5289
13656
4160
14177
11183
7509
27737
8501
29904
3247
15360
21379
13866
20029
29589
2033
11509
7014
11830
20247
7290
7569
12328
6080
32104
17720
30293
7572
10935
6524
23972
18
16039
25140
14242
28782
11074
23452
22283
9368
16668
13640
19168
3954
20087
16630
9708
12323
2830
1854
3262
10424
4907
19554
27097
2706
18654
16378
1495
19902
9927
9881
24044
6388
1651
7330
15343
18154
14990
28625
11424
29282
3661
21733
19753
7460
11572
7915
2068
3398
4077
19329
14901
13732
21154
28561
4988
4293
8967
31384
30489
29766
19627
10056
29873
29960
16942
17388
29464
18995
1350
30736
4319
9484
16295
26252
8534
15814
29329
15856
17876
8303
28009
11903
17041
11792
12239
7219
23048
8347
1151
15231
25721
1957
18514
25151
27205
1241
9421
30906
24968
26471
30060
17752
13654
19955
28728
26711
11170
20676
17175
4824
1511
384
26266
17152
8289
22344
13279
10481
6709
14248
1622
2606
3567
13432
22114
25972
20451
9887
16835
8851
2695
6822
9158
14021
13434
20425
21139
26433
7251
30057
22829
3129
15480
14137
10920
15635
16854
21051
10944
1815
22545
26963
19514
1722
14623
20719
28655
29697
23773
6473
7125
16940
11944
9728
32175
200
23205
15528
6290
20053
8602
15176
12787
1610
17049
15087
28184
24028
22348
2011
13624
7435
2116
16856
2031
1116
966
14049
28718
6889
30723
10298
2767
4229
30155
4865
13657
32109
6072
17557
28959
20092
31677
25419
14025
5032
18766
18933
22940
18929
18656
3912
32185
30292
28048
28741
16798
1059
7413
9590
31399
11482
26605
23791
6754
20163
22707
32094
8302
4312
11133
6745
8602
21324
23213
21696
5032
10308
10364
4652
7896
14198
22584
2696
2680
17815
19529
3619
5688
13229
25047
21476
27652
18039
14069
8041
23624
10797
12274
11483
10827
6282
6881
1823
7770
12817
734
9982
1901
11282
2987
7005
30494
9175
22554
15931
3058
11645
28461
9517
16534
23443
12054
425
9787
15089
19702
24812
6753
9981
18226
8719
11149
8867
7953
11737
17482
384
18978
1938
2946
27368
11743
28435
27639
23101
1088
3255
6717
23856
6543
19195
12136
23075
30632
11028
10586
9136
15017
16824
11791
4153
21524
19381
15680
20481
2505
29254
11626
12860
24022
27712
31283
24660
25110
3532
2658
11794
14969
28993
29287
12440
6986
20732
28685
23285
24398
23586
4369
20112
23320
8796
4186
12958
14418
10523
24827
10535
12014
15151
6679
12667
2883
2124
11624
6548
9858
31070
6165
14709
23573
24285
22639
12303
30366
17397
13879
8110
1603
8907
12741
25610
14692
22297
19851
14221
14154
15658
5744
10307
8082
25621
30126
18801
16222
25818
17884
14958
2333
8513
22161
8223
22762
5187
8343
4121
18728
27743
15060
30221
29483
7985
28294
30039
15527
7485
12087
11831
10343
19086
12215
13973
15427
16096
13248
32375
15258
23995
3812
5996
13574
12950
15016
20906
9077
22067
8706
16596
23853
18295
14576
6661
22113
11404
25081
4118
27932
9506
28839
27268
28916
26959
29616
17223
5329
8964
17292
17297
19903
7230
17343
12521
31661
32090
24217
11642
26252
19251
3690
23583
5968
26032
17546
12250
14341
28899
16276
1851
15123
22620
913
19171
8602
2239
4036
20165
32049
15830
28667
6905
7504
31902
8185
4451
9309
12353
30516
21067
9421
29404
21557
27474
26735
9542
18073
17919
10516
10697
21680
22710
18351
26577
23169
13194
30174
11044
14541
29926
30378
28004
31081
11015
8370
30356
13585
9183
20935
28698
18637
30435
17479
23103
17282
19832
16778
19144
30736
29397
5289
22376
23779
14756
1605
32599
6870
6536
23996
19980
19974
4473
10058
4627
28527
27672
18057
23658
5267
31889
13213
20125
12094
2575
20668
18250
27618
19743
4077
3659
20245
16221
20223
20361
20671
5398
684
8016
22966
6776
13989
26107
20901
20878
21447
20581
18598
19685
1834
18759
12420
13357
9215
20949
21017
12572
13350
15392
31156
26677
156
26215
14550
10270
21021
16592
20077
24767
10108
9477
8376
3402
16333
10952
28713
16314
2625
24780
5627
11586
4005
29311
7235
7615
12857
3219
21615
23734
12256
19099
27386
31406
21877
24693
12546
2860
8975
18522
16936
1677
21464
18513
20229
26410
8829
4238
15528
618
17659
2871
13780
30748
21793
19255
7755
8137
12061
29567
6124
1516
8234
28325
18629
18745
10587
13953
22137
19910
5536
9580
27868
9252
30107
2049
5339
30944
12256
18794
2446
23021
23202
3222
9736
13335
26885
28274
8717
21627
15413
30701
1662
14560
21652
23413
28711
31282
17804
14339
10488
1880
12711
30654
19082
2470
21505
3287
20437
3078
23658
27913
896
26332
4235
18017
23691
17452
27384
22379
18211
4954
19274
22994
22667
20934
7070
15479
7162
13832
21450
11658
152
23777
29080
16851
28730
12945
421
8259
24590
24760
27201
24733
9965
1980
26920
23295
24524
9610
20824
12008
17714
17245
8460
22792
17337
17672
29477
25296
25212
29856
2293
16208
26082
25383
13064
31673
28218
26594
29714
31749
24375
4776
28472
13821
16204
24819
13952
328
20295
11970
2839
20419
19910
5239
7141
29694
26917
27666
26951
477
640
13259
21229
937
23242
5058
8891
12904
21241
5254
13794
5971
11650
17674
1665
1666
19814
8398
23989
2237
131
15372
22544
13187
259
18322
28079
27923
8463
11579
13442
31919
22016
22041
24954
22510
5491
4915
7546
3705
12781
22738
22258
15912
28171
30307
7915
7360
8761
10485
2445
27235
17730
11764
16714
22316
22593
10868
18007
32581
11610
21130
12102
27697
20775
1856
19463
5607
15833
2293
22413
1630
8837
9654
6959
24885
5283
2259
13592
28619
26441
3633
13896
7826
29418
30183
32104
24896
26087
29763
24828
26413
27301
30135
29058
29248
4163
16290
27419
25322
30317
12588
300
9987
8532
17913
18330
9976
24100
3736
26259
4421
17530
12376
31674
30952
32639
31131
24049
8650
12947
154
10510
31886
