10000
16894
16895
16893
16896
16892
16897
16891
16898
16890
16899
16889
16900
16888
16901
16887
16902
16886
16903
16885
16904
16884
16905
16883
16906
16882
16907
16881
16908
16880
16909
16879
16910
16878
16911
16877
16912
16876
16913
16875
16914
16874
16915
16873
16916
16872
16917
16871
16918
16870
16919
16869
16920
16868
16921
16867
16922
16866
16923
16865
16924
16864
16925
16863
16926
16862
16927
16861
16928
16860
16929
16859
16930
16858
16931
16857
16932
16856
16933
16855
16934
16854
16935
16853
16936
16852
16937
16851
16938
16850
16939
16849
16940
16848
16941
16847
16942
16846
16943
16845
16944
16844
16945
16843
16946
16842
16947
16841
16948
16840
16949
16839
16950
16838
16951
16837
16952
16836
16953
16835
16954
16834
16955
16833
16956
16832
16957
16831
16958
16830
16959
16829
16960
16828
16961
16827
16962
16826
16963
16825
16964
16824
16965
16823
16966
16822
16967
16821
16968
16820
16969
16819
16970
16818
16971
16817
16972
16816
16973
16815
16974
16814
16975
16813
16976
16812
16977
16811
16978
16810
16979
16809
16980
16808
16981
16807
16982
16806
16983
16805
16984
16804
16985
16803
16986
16802
16987
16801
16988
16800
16989
16799
16990
16798
16991
16797
16992
16796
16993
16795
16994
16794
16995
16793
16996
16792
16997
16791
16998
16790
16999
16789
17000
16788
17001
16787
17002
16786
17003
16785
17004
16784
17005
16783
17006
16782
17007
16781
17008
16780
17009
16779
17010
16778
17011
16777
17012
16776
17013
16775
17014
16774
17015
16773
17016
16772
17017
16771
17018
16770
17019
16769
17020
16768
17021
16767
17022
16766
17023
16765
17024
16764
17025
16763
17026
16762
17027
16761
17028
16760
17029
16759
17030
16758
17031
16757
17032
16756
17033
16755
17034
16754
17035
16753
17036
16752
17037
16751
17038
16750
17039
16749
17040
16748
17041
16747
17042
16746
17043
16745
17044
16744
17045
16743
17046
16742
17047
16741
17048
16740
17049
16739
17050
16738
17051
16737
17052
16736
17053
16735
17054
16734
17055
16733
17056
16732
17057
16731
17058
16730
17059
16729
17060
16728
17061
16727
17062
16726
17063
16725
17064
16724
17065
16723
17066
16722
17067
16721
17068
16720
17069
16719
17070
16718
17071
16717
17072
16716
17073
16715
17074
16714
17075
16713
17076
16712
17077
16711
17078
16710
17079
16709
17080
16708
17081
16707
17082
16706
17083
16705
17084
16704
17085
16703
17086
16702
17087
16701
17088
16700
17089
16699
17090
16698
17091
16697
17092
16696
17093
16695
17094
16694
17095
16693
17096
16692
17097
16691
17098
16690
17099
16689
17100
16688
17101
16687
17102
16686
17103
16685
17104
16684
17105
16683
17106
16682
17107
16681
17108
16680
17109
16679
17110
16678
17111
16677
17112
16676
17113
16675
17114
16674
17115
16673
17116
16672
17117
16671
17118
16670
17119
16669
17120
16668
17121
16667
17122
16666
17123
16665
17124
16664
17125
16663
17126
16662
17127
16661
17128
16660
17129
16659
17130
16658
17131
16657
17132
16656
17133
16655
17134
16654
17135
16653
17136
16652
17137
16651
17138
16650
17139
16649
17140
16648
17141
16647
17142
16646
17143
16645
17144
16644
17145
16643
17146
16642
17147
16641
17148
16640
17149
16639
17150
16638
17151
16637
17152
16636
17153
16635
17154
16634
17155
16633
17156
16632
17157
16631
17158
16630
17159
16629
17160
16628
17161
16627
17162
16626
17163
16625
17164
16624
17165
16623
17166
16622
17167
16621
17168
16620
17169
16619
17170
16618
17171
16617
17172
16616
17173
16615
17174
16614
17175
16613
17176
16612
17177
16611
17178
16610
17179
16609
17180
16608
17181
16607
17182
16606
17183
16605
17184
16604
17185
16603
17186
16602
17187
16601
17188
16600
17189
16599
17190
16598
17191
16597
17192
16596
17193
16595
17194
16594
17195
16593
17196
16592
17197
16591
17198
16590
17199
16589
17200
16588
17201
16587
17202
16586
17203
16585
17204
16584
17205
16583
17206
16582
17207
16581
17208
16580
17209
16579
17210
16578
17211
16577
17212
16576
17213
16575
17214
16574
17215
16573
17216
16572
17217
16571
17218
16570
17219
16569
17220
16568
17221
16567
17222
16566
17223
16565
17224
16564
17225
16563
17226
16562
17227
16561
17228
16560
17229
16559
17230
16558
17231
16557
17232
16556
17233
16555
17234
16554
17235
16553
17236
16552
17237
16551
17238
16550
17239
16549
17240
16548
17241
16547
17242
16546
17243
16545
17244
16544
17245
16543
17246
16542
17247
16541
17248
16540
17249
16539
17250
16538
17251
16537
17252
16536
17253
16535
17254
16534
17255
16533
17256
16532
17257
16531
17258
16530
17259
16529
17260
16528
17261
16527
17262
16526
17263
16525
17264
16524
17265
16523
17266
16522
17267
16521
17268
16520
17269
16519
17270
16518
17271
16517
17272
16516
17273
16515
17274
16514
17275
16513
17276
16512
17277
16511
17278
16510
17279
16509
17280
16508
17281
16507
17282
16506
17283
16505
17284
16504
17285
16503
17286
16502
17287
16501
17288
16500
17289
16499
17290
16498
17291
16497
17292
16496
17293
16495
17294
16494
17295
16493
17296
16492
17297
16491
17298
16490
17299
16489
17300
16488
17301
16487
17302
16486
17303
16485
17304
16484
17305
16483
17306
16482
17307
16481
17308
16480
17309
16479
17310
16478
17311
16477
17312
16476
17313
16475
17314
16474
17315
16473
17316
16472
17317
16471
17318
16470
17319
16469
17320
16468
17321
16467
17322
16466
17323
16465
17324
16464
17325
16463
17326
16462
17327
16461
17328
16460
17329
16459
17330
16458
17331
16457
17332
16456
17333
16455
17334
16454
17335
16453
17336
16452
17337
16451
17338
16450
17339
16449
17340
16448
17341
16447
17342
16446
17343
16445
17344
16444
17345
16443
17346
16442
17347
16441
17348
16440
17349
16439
17350
16438
17351
16437
17352
16436
17353
16435
17354
16434
17355
16433
17356
16432
17357
16431
17358
16430
17359
16429
17360
16428
17361
16427
17362
16426
17363
16425
17364
16424
17365
16423
17366
16422
17367
16421
17368
16420
17369
16419
17370
16418
17371
16417
17372
16416
17373
16415
17374
16414
17375
16413
17376
16412
17377
16411
17378
16410
17379
16409
17380
16408
17381
16407
17382
16406
17383
16405
17384
16404
17385
16403
17386
16402
17387
16401
17388
16400
17389
16399
17390
16398
17391
16397
17392
16396
17393
16395
17394
16394
17395
16393
17396
16392
17397
16391
17398
16390
17399
16389
17400
16388
17401
16387
17402
16386
17403
16385
17404
16384
17405
16383
17406
16382
17407
16381
17408
16380
17409
16379
17410
16378
17411
16377
17412
16376
17413
16375
17414
16374
17415
16373
17416
16372
17417
16371
17418
16370
17419
16369
17420
16368
17421
16367
17422
16366
17423
16365
17424
16364
17425
16363
17426
16362
17427
16361
17428
16360
17429
16359
17430
16358
17431
16357
17432
16356
17433
16355
17434
16354
17435
16353
17436
16352
17437
16351
17438
16350
17439
16349
17440
16348
17441
16347
17442
16346
17443
16345
17444
16344
17445
16343
17446
16342
17447
16341
17448
16340
17449
16339
17450
16338
17451
16337
17452
16336
17453
16335
17454
16334
17455
16333
17456
16332
17457
16331
17458
16330
17459
16329
17460
16328
17461
16327
17462
16326
17463
16325
17464
16324
17465
16323
17466
16322
17467
16321
17468
16320
17469
16319
17470
16318
17471
16317
17472
16316
17473
16315
17474
16314
17475
16313
17476
16312
17477
16311
17478
16310
17479
16309
17480
16308
17481
16307
17482
16306
17483
16305
17484
16304
17485
16303
17486
16302
17487
16301
17488
16300
17489
16299
17490
16298
17491
16297
17492
16296
17493
16295
17494
16294
17495
16293
17496
16292
17497
16291
17498
16290
17499
16289
17500
16288
17501
16287
17502
16286
17503
16285
17504
16284
17505
16283
17506
16282
17507
16281
17508
16280
17509
16279
17510
16278
17511
16277
17512
16276
17513
16275
17514
16274
17515
16273
17516
16272
17517
16271
17518
16270
17519
16269
17520
16268
17521
16267
17522
16266
17523
16265
17524
16264
17525
16263
17526
16262
17527
16261
17528
16260
17529
16259
17530
16258
17531
16257
17532
16256
17533
16255
17534
16254
17535
16253
17536
16252
17537
16251
17538
16250
17539
16249
17540
16248
17541
16247
17542
16246
17543
16245
17544
16244
17545
16243
17546
16242
17547
16241
17548
16240
17549
16239
17550
16238
17551
16237
17552
16236
17553
16235
17554
16234
17555
16233
17556
16232
17557
16231
17558
16230
17559
16229
17560
16228
17561
16227
17562
16226
17563
16225
17564
16224
17565
16223
17566
16222
17567
16221
17568
16220
17569
16219
17570
16218
17571
16217
17572
16216
17573
16215
17574
16214
17575
16213
17576
16212
17577
16211
17578
16210
17579
16209
17580
16208
17581
16207
17582
16206
17583
16205
17584
16204
17585
16203
17586
16202
17587
16201
17588
16200
17589
16199
17590
16198
17591
16197
17592
16196
17593
16195
17594
16194
17595
16193
17596
16192
17597
16191
17598
16190
17599
16189
17600
16188
17601
16187
17602
16186
17603
16185
17604
16184
17605
16183
17606
16182
17607
16181
17608
16180
17609
16179
17610
16178
17611
16177
17612
16176
17613
16175
17614
16174
17615
16173
17616
16172
17617
16171
17618
16170
17619
16169
17620
16168
17621
16167
17622
16166
17623
16165
17624
16164
17625
16163
17626
16162
17627
16161
17628
16160
17629
16159
17630
16158
17631
16157
17632
16156
17633
16155
17634
16154
17635
16153
17636
16152
17637
16151
17638
16150
17639
16149
17640
16148
17641
16147
17642
16146
17643
16145
17644
16144
17645
16143
17646
16142
17647
16141
17648
16140
17649
16139
17650
16138
17651
16137
17652
16136
17653
16135
17654
16134
17655
16133
17656
16132
17657
16131
17658
16130
17659
16129
17660
16128
17661
16127
17662
16126
17663
16125
17664
16124
17665
16123
17666
16122
17667
16121
17668
16120
17669
16119
17670
16118
17671
16117
17672
16116
17673
16115
17674
16114
17675
16113
17676
16112
17677
16111
17678
16110
17679
16109
17680
16108
17681
16107
17682
16106
17683
16105
17684
16104
17685
16103
17686
16102
17687
16101
17688
16100
17689
16099
17690
16098
17691
16097
17692
16096
17693
16095
17694
16094
17695
16093
17696
16092
17697
16091
17698
16090
17699
16089
17700
16088
17701
16087
17702
16086
17703
16085
17704
16084
17705
16083
17706
16082
17707
16081
17708
16080
17709
16079
17710
16078
17711
16077
17712
16076
17713
16075
17714
16074
17715
16073
17716
16072
17717
16071
17718
16070
17719
16069
17720
16068
17721
16067
17722
16066
17723
16065
17724
16064
17725
16063
17726
16062
17727
16061
17728
16060
17729
16059
17730
16058
17731
16057
17732
16056
17733
16055
17734
16054
17735
16053
17736
16052
17737
16051
17738
16050
17739
16049
17740
16048
17741
16047
17742
16046
17743
16045
17744
16044
17745
16043
17746
16042
17747
16041
17748
16040
17749
16039
17750
16038
17751
16037
17752
16036
17753
16035
17754
16034
17755
16033
17756
16032
17757
16031
17758
16030
17759
16029
17760
16028
17761
16027
17762
16026
17763
16025
17764
16024
17765
16023
17766
16022
17767
16021
17768
16020
17769
16019
17770
16018
17771
16017
17772
16016
17773
16015
17774
16014
17775
16013
17776
16012
17777
16011
17778
16010
17779
16009
17780
16008
17781
16007
17782
16006
17783
16005
17784
16004
17785
16003
17786
16002
17787
16001
17788
16000
17789
15999
17790
15998
17791
15997
17792
15996
17793
15995
17794
15994
17795
15993
17796
15992
17797
15991
17798
15990
17799
15989
17800
15988
17801
15987
17802
15986
17803
15985
17804
15984
17805
15983
17806
15982
17807
15981
17808
15980
17809
15979
17810
15978
17811
15977
17812
15976
17813
15975
17814
15974
17815
15973
17816
15972
17817
15971
17818
15970
17819
15969
17820
15968
17821
15967
17822
15966
17823
15965
17824
15964
17825
15963
17826
15962
17827
15961
17828
15960
17829
15959
17830
15958
17831
15957
17832
15956
17833
15955
17834
15954
17835
15953
17836
15952
17837
15951
17838
15950
17839
15949
17840
15948
17841
15947
17842
15946
17843
15945
17844
15944
17845
15943
17846
15942
17847
15941
17848
15940
17849
15939
17850
15938
17851
15937
17852
15936
17853
15935
17854
15934
17855
15933
17856
15932
17857
15931
17858
15930
17859
15929
17860
15928
17861
15927
17862
15926
17863
15925
17864
15924
17865
15923
17866
15922
17867
15921
17868
15920
17869
15919
17870
15918
17871
15917
17872
15916
17873
15915
17874
15914
17875
15913
17876
15912
17877
15911
17878
15910
17879
15909
17880
15908
17881
15907
17882
15906
17883
15905
17884
15904
17885
15903
17886
15902
17887
15901
17888
15900
17889
15899
17890
15898
17891
15897
17892
15896
17893
15895
17894
15894
17895
15893
17896
15892
17897
15891
17898
15890
17899
15889
17900
15888
17901
15887
17902
15886
17903
15885
17904
15884
17905
15883
17906
15882
17907
15881
17908
15880
17909
15879
17910
15878
17911
15877
17912
15876
17913
15875
17914
15874
17915
15873
17916
15872
17917
15871
17918
15870
17919
15869
17920
15868
17921
15867
17922
15866
17923
15865
17924
15864
17925
15863
17926
15862
17927
15861
17928
15860
17929
15859
17930
15858
17931
15857
17932
15856
17933
15855
17934
15854
17935
15853
17936
15852
17937
15851
17938
15850
17939
15849
17940
15848
17941
15847
17942
15846
17943
15845
17944
15844
17945
15843
17946
15842
17947
15841
17948
15840
17949
15839
17950
15838
17951
15837
17952
15836
17953
15835
17954
15834
17955
15833
17956
15832
17957
15831
17958
15830
17959
15829
17960
15828
17961
15827
17962
15826
17963
15825
17964
15824
17965
15823
17966
15822
17967
15821
17968
15820
17969
15819
17970
15818
17971
15817
17972
15816
17973
15815
17974
15814
17975
15813
17976
15812
17977
15811
17978
15810
17979
15809
17980
15808
17981
15807
17982
15806
17983
15805
17984
15804
17985
15803
17986
15802
17987
15801
17988
15800
17989
15799
17990
15798
17991
15797
17992
15796
17993
15795
17994
15794
17995
15793
17996
15792
17997
15791
17998
15790
17999
15789
18000
15788
18001
15787
18002
15786
18003
15785
18004
15784
18005
15783
18006
15782
18007
15781
18008
15780
18009
15779
18010
15778
18011
15777
18012
15776
18013
15775
18014
15774
18015
15773
18016
15772
18017
15771
18018
15770
18019
15769
18020
15768
18021
15767
18022
15766
18023
15765
18024
15764
18025
15763
18026
15762
18027
15761
18028
15760
18029
15759
18030
15758
18031
15757
18032
15756
18033
15755
18034
15754
18035
15753
18036
15752
18037
15751
18038
15750
18039
15749
18040
15748
18041
15747
18042
15746
18043
15745
18044
15744
18045
15743
18046
15742
18047
15741
18048
15740
18049
15739
18050
15738
18051
15737
18052
15736
18053
15735
18054
15734
18055
15733
18056
15732
18057
15731
18058
15730
18059
15729
18060
15728
18061
15727
18062
15726
18063
15725
18064
15724
18065
15723
18066
15722
18067
15721
18068
15720
18069
15719
18070
15718
18071
15717
18072
15716
18073
15715
18074
15714
18075
15713
18076
15712
18077
15711
18078
15710
18079
15709
18080
15708
18081
15707
18082
15706
18083
15705
18084
15704
18085
15703
18086
15702
18087
15701
18088
15700
18089
15699
18090
15698
18091
15697
18092
15696
18093
15695
18094
15694
18095
15693
18096
15692
18097
15691
18098
15690
18099
15689
18100
15688
18101
15687
18102
15686
18103
15685
18104
15684
18105
15683
18106
15682
18107
15681
18108
15680
18109
15679
18110
15678
18111
15677
18112
15676
18113
15675
18114
15674
18115
15673
18116
15672
18117
15671
18118
15670
18119
15669
18120
15668
18121
15667
18122
15666
18123
15665
18124
15664
18125
15663
18126
15662
18127
15661
18128
15660
18129
15659
18130
15658
18131
15657
18132
15656
18133
15655
18134
15654
18135
15653
18136
15652
18137
15651
18138
15650
18139
15649
18140
15648
18141
15647
18142
15646
18143
15645
18144
15644
18145
15643
18146
15642
18147
15641
18148
15640
18149
15639
18150
15638
18151
15637
18152
15636
18153
15635
18154
15634
18155
15633
18156
15632
18157
15631
18158
15630
18159
15629
18160
15628
18161
15627
18162
15626
18163
15625
18164
15624
18165
15623
18166
15622
18167
15621
18168
15620
18169
15619
18170
15618
18171
15617
18172
15616
18173
15615
18174
15614
18175
15613
18176
15612
18177
15611
18178
15610
18179
15609
18180
15608
18181
15607
18182
15606
18183
15605
18184
15604
18185
15603
18186
15602
18187
15601
18188
15600
18189
15599
18190
15598
18191
15597
18192
15596
18193
15595
18194
15594
18195
15593
18196
15592
18197
15591
18198
15590
18199
15589
18200
15588
18201
15587
18202
15586
18203
15585
18204
15584
18205
15583
18206
15582
18207
15581
18208
15580
18209
15579
18210
15578
18211
15577
18212
15576
18213
15575
18214
15574
18215
15573
18216
15572
18217
15571
18218
15570
18219
15569
18220
15568
18221
15567
18222
15566
18223
15565
18224
15564
18225
15563
18226
15562
18227
15561
18228
15560
18229
15559
18230
15558
18231
15557
18232
15556
18233
15555
18234
15554
18235
15553
18236
15552
18237
15551
18238
15550
18239
15549
18240
15548
18241
15547
18242
15546
18243
15545
18244
15544
18245
15543
18246
15542
18247
15541
18248
15540
18249
15539
18250
15538
18251
15537
18252
15536
18253
15535
18254
15534
18255
15533
18256
15532
18257
15531
18258
15530
18259
15529
18260
15528
18261
15527
18262
15526
18263
15525
18264
15524
18265
15523
18266
15522
18267
15521
18268
15520
18269
15519
18270
15518
18271
15517
18272
15516
18273
15515
18274
15514
18275
15513
18276
15512
18277
15511
18278
15510
18279
15509
18280
15508
18281
15507
18282
15506
18283
15505
18284
15504
18285
15503
18286
15502
18287
15501
18288
15500
18289
15499
18290
15498
18291
15497
18292
15496
18293
15495
18294
15494
18295
15493
18296
15492
18297
15491
18298
15490
18299
15489
18300
15488
18301
15487
18302
15486
18303
15485
18304
15484
18305
15483
18306
15482
18307
15481
18308
15480
18309
15479
18310
15478
18311
15477
18312
15476
18313
15475
18314
15474
18315
15473
18316
15472
18317
15471
18318
15470
18319
15469
18320
15468
18321
15467
18322
15466
18323
15465
18324
15464
18325
15463
18326
15462
18327
15461
18328
15460
18329
15459
18330
15458
18331
15457
18332
15456
18333
15455
18334
15454
18335
15453
18336
15452
18337
15451
18338
15450
18339
15449
18340
15448
18341
15447
18342
15446
18343
15445
18344
15444
18345
15443
18346
15442
18347
15441
18348
15440
18349
15439
18350
15438
18351
15437
18352
15436
18353
15435
18354
15434
18355
15433
18356
15432
18357
15431
18358
15430
18359
15429
18360
15428
18361
15427
18362
15426
18363
15425
18364
15424
18365
15423
18366
15422
18367
15421
18368
15420
18369
15419
18370
15418
18371
15417
18372
15416
18373
15415
18374
15414
18375
15413
18376
15412
18377
15411
18378
15410
18379
15409
18380
15408
18381
15407
18382
15406
18383
15405
18384
15404
18385
15403
18386
15402
18387
15401
18388
15400
18389
15399
18390
15398
18391
15397
18392
15396
18393
15395
18394
15394
18395
15393
18396
15392
18397
15391
18398
15390
18399
15389
18400
15388
18401
15387
18402
15386
18403
15385
18404
15384
18405
15383
18406
15382
18407
15381
18408
15380
18409
15379
18410
15378
18411
15377
18412
15376
18413
15375
18414
15374
18415
15373
18416
15372
18417
15371
18418
15370
18419
15369
18420
15368
18421
15367
18422
15366
18423
15365
18424
15364
18425
15363
18426
15362
18427
15361
18428
15360
18429
15359
18430
15358
18431
15357
18432
15356
18433
15355
18434
15354
18435
15353
18436
15352
18437
15351
18438
15350
18439
15349
18440
15348
18441
15347
18442
15346
18443
15345
18444
15344
18445
15343
18446
15342
18447
15341
18448
15340
18449
15339
18450
15338
18451
15337
18452
15336
18453
15335
18454
15334
18455
15333
18456
15332
18457
15331
18458
15330
18459
15329
18460
15328
18461
15327
18462
15326
18463
15325
18464
15324
18465
15323
18466
15322
18467
15321
18468
15320
18469
15319
18470
15318
18471
15317
18472
15316
18473
15315
18474
15314
18475
15313
18476
15312
18477
15311
18478
15310
18479
15309
18480
15308
18481
15307
18482
15306
18483
15305
18484
15304
18485
15303
18486
15302
18487
15301
18488
15300
18489
15299
18490
15298
18491
15297
18492
15296
18493
15295
18494
15294
18495
15293
18496
15292
18497
15291
18498
15290
18499
15289
18500
15288
18501
15287
18502
15286
18503
15285
18504
15284
18505
15283
18506
15282
18507
15281
18508
15280
18509
15279
18510
15278
18511
15277
18512
15276
18513
15275
18514
15274
18515
15273
18516
15272
18517
15271
18518
15270
18519
15269
18520
15268
18521
15267
18522
15266
18523
15265
18524
15264
18525
15263
18526
15262
18527
15261
18528
15260
18529
15259
18530
15258
18531
15257
18532
15256
18533
15255
18534
15254
18535
15253
18536
15252
18537
15251
18538
15250
18539
15249
18540
15248
18541
15247
18542
15246
18543
15245
18544
15244
18545
15243
18546
15242
18547
15241
18548
15240
18549
15239
18550
15238
18551
15237
18552
15236
18553
15235
18554
15234
18555
15233
18556
15232
18557
15231
18558
15230
18559
15229
18560
15228
18561
15227
18562
15226
18563
15225
18564
15224
18565
15223
18566
15222
18567
15221
18568
15220
18569
15219
18570
15218
18571
15217
18572
15216
18573
15215
18574
15214
18575
15213
18576
15212
18577
15211
18578
15210
18579
15209
18580
15208
18581
15207
18582
15206
18583
15205
18584
15204
18585
15203
18586
15202
18587
15201
18588
15200
18589
15199
18590
15198
18591
15197
18592
15196
18593
15195
18594
15194
18595
15193
18596
15192
18597
15191
18598
15190
18599
15189
18600
15188
18601
15187
18602
15186
18603
15185
18604
15184
18605
15183
18606
15182
18607
15181
18608
15180
18609
15179
18610
15178
18611
15177
18612
15176
18613
15175
18614
15174
18615
15173
18616
15172
18617
15171
18618
15170
18619
15169
18620
15168
18621
15167
18622
15166
18623
15165
18624
15164
18625
15163
18626
15162
18627
15161
18628
15160
18629
15159
18630
15158
18631
15157
18632
15156
18633
15155
18634
15154
18635
15153
18636
15152
18637
15151
18638
15150
18639
15149
18640
15148
18641
15147
18642
15146
18643
15145
18644
15144
18645
15143
18646
15142
18647
15141
18648
15140
18649
15139
18650
15138
18651
15137
18652
15136
18653
15135
18654
15134
18655
15133
18656
15132
18657
15131
18658
15130
18659
15129
18660
15128
18661
15127
18662
15126
18663
15125
18664
15124
18665
15123
18666
15122
18667
15121
18668
15120
18669
15119
18670
15118
18671
15117
18672
15116
18673
15115
18674
15114
18675
15113
18676
15112
18677
15111
18678
15110
18679
15109
18680
15108
18681
15107
18682
15106
18683
15105
18684
15104
18685
15103
18686
15102
18687
15101
18688
15100
18689
15099
18690
15098
18691
15097
18692
15096
18693
15095
18694
15094
18695
15093
18696
15092
18697
15091
18698
15090
18699
15089
18700
15088
18701
15087
18702
15086
18703
15085
18704
15084
18705
15083
18706
15082
18707
15081
18708
15080
18709
15079
18710
15078
18711
15077
18712
15076
18713
15075
18714
15074
18715
15073
18716
15072
18717
15071
18718
15070
18719
15069
18720
15068
18721
15067
18722
15066
18723
15065
18724
15064
18725
15063
18726
15062
18727
15061
18728
15060
18729
15059
18730
15058
18731
15057
18732
15056
18733
15055
18734
15054
18735
15053
18736
15052
18737
15051
18738
15050
18739
15049
18740
15048
18741
15047
18742
15046
18743
15045
18744
15044
18745
15043
18746
15042
18747
15041
18748
15040
18749
15039
18750
15038
18751
15037
18752
15036
18753
15035
18754
15034
18755
15033
18756
15032
18757
15031
18758
15030
18759
15029
18760
15028
18761
15027
18762
15026
18763
15025
18764
15024
18765
15023
18766
15022
18767
15021
18768
15020
18769
15019
18770
15018
18771
15017
18772
15016
18773
15015
18774
15014
18775
15013
18776
15012
18777
15011
18778
15010
18779
15009
18780
15008
18781
15007
18782
15006
18783
15005
18784
15004
18785
15003
18786
15002
18787
15001
18788
15000
18789
14999
18790
14998
18791
14997
18792
14996
18793
14995
18794
14994
18795
14993
18796
14992
18797
14991
18798
14990
18799
14989
18800
14988
18801
14987
18802
14986
18803
14985
18804
14984
18805
14983
18806
14982
18807
14981
18808
14980
18809
14979
18810
14978
18811
14977
18812
14976
18813
14975
18814
14974
18815
14973
18816
14972
18817
14971
18818
14970
18819
14969
18820
14968
18821
14967
18822
14966
18823
14965
18824
14964
18825
14963
18826
14962
18827
14961
18828
14960
18829
14959
18830
14958
18831
14957
18832
14956
18833
14955
18834
14954
18835
14953
18836
14952
18837
14951
18838
14950
18839
14949
18840
14948
18841
14947
18842
14946
18843
14945
18844
14944
18845
14943
18846
14942
18847
14941
18848
14940
18849
14939
18850
14938
18851
14937
18852
14936
18853
14935
18854
14934
18855
14933
18856
14932
18857
14931
18858
14930
18859
14929
18860
14928
18861
14927
18862
14926
18863
14925
18864
14924
18865
14923
18866
14922
18867
14921
18868
14920
18869
14919
18870
14918
18871
14917
18872
14916
18873
14915
18874
14914
18875
14913
18876
14912
18877
14911
18878
14910
18879
14909
18880
14908
18881
14907
18882
14906
18883
14905
18884
14904
18885
14903
18886
14902
18887
14901
18888
14900
18889
14899
18890
14898
18891
14897
18892
14896
18893
14895
18894
14894
18895
14893
18896
14892
18897
14891
18898
14890
18899
14889
18900
14888
18901
14887
18902
14886
18903
14885
18904
14884
18905
14883
18906
14882
18907
14881
18908
14880
18909
14879
18910
14878
18911
14877
18912
14876
18913
14875
18914
14874
18915
14873
18916
14872
18917
14871
18918
14870
18919
14869
18920
14868
18921
14867
18922
14866
18923
14865
18924
14864
18925
14863
18926
14862
18927
14861
18928
14860
18929
14859
18930
14858
18931
14857
18932
14856
18933
14855
18934
14854
18935
14853
18936
14852
18937
14851
18938
14850
18939
14849
18940
14848
18941
14847
18942
14846
18943
14845
18944
14844
18945
14843
18946
14842
18947
14841
18948
14840
18949
14839
18950
14838
18951
14837
18952
14836
18953
14835
18954
14834
18955
14833
18956
14832
18957
14831
18958
14830
18959
14829
18960
14828
18961
14827
18962
14826
18963
14825
18964
14824
18965
14823
18966
14822
18967
14821
18968
14820
18969
14819
18970
14818
18971
14817
18972
14816
18973
14815
18974
14814
18975
14813
18976
14812
18977
14811
18978
14810
18979
14809
18980
14808
18981
14807
18982
14806
18983
14805
18984
14804
18985
14803
18986
14802
18987
14801
18988
14800
18989
14799
18990
14798
18991
14797
18992
14796
18993
14795
18994
14794
18995
14793
18996
14792
18997
14791
18998
14790
18999
14789
19000
14788
19001
14787
19002
14786
19003
14785
19004
14784
19005
14783
19006
14782
19007
14781
19008
14780
19009
14779
19010
14778
19011
14777
19012
14776
19013
14775
19014
14774
19015
14773
19016
14772
19017
14771
19018
14770
19019
14769
19020
14768
19021
14767
19022
14766
19023
14765
19024
14764
19025
14763
19026
14762
19027
14761
19028
14760
19029
14759
19030
14758
19031
14757
19032
14756
19033
14755
19034
14754
19035
14753
19036
14752
19037
14751
19038
14750
19039
14749
19040
14748
19041
14747
19042
14746
19043
14745
19044
14744
19045
14743
19046
14742
19047
14741
19048
14740
19049
14739
19050
14738
19051
14737
19052
14736
19053
14735
19054
14734
19055
14733
19056
14732
19057
14731
19058
14730
19059
14729
19060
14728
19061
14727
19062
14726
19063
14725
19064
14724
19065
14723
19066
14722
19067
14721
19068
14720
19069
14719
19070
14718
19071
14717
19072
14716
19073
14715
19074
14714
19075
14713
19076
14712
19077
14711
19078
14710
19079
14709
19080
14708
19081
14707
19082
14706
19083
14705
19084
14704
19085
14703
19086
14702
19087
14701
19088
14700
19089
14699
19090
14698
19091
14697
19092
14696
19093
14695
19094
14694
19095
14693
19096
14692
19097
14691
19098
14690
19099
14689
19100
14688
19101
14687
19102
14686
19103
14685
19104
14684
19105
14683
19106
14682
19107
14681
19108
14680
19109
14679
19110
14678
19111
14677
19112
14676
19113
14675
19114
14674
19115
14673
19116
14672
19117
14671
19118
14670
19119
14669
19120
14668
19121
14667
19122
14666
19123
14665
19124
14664
19125
14663
19126
14662
19127
14661
19128
14660
19129
14659
19130
14658
19131
14657
19132
14656
19133
14655
19134
14654
19135
14653
19136
14652
19137
14651
19138
14650
19139
14649
19140
14648
19141
14647
19142
14646
19143
14645
19144
14644
19145
14643
19146
14642
19147
14641
19148
14640
19149
14639
19150
14638
19151
14637
19152
14636
19153
14635
19154
14634
19155
14633
19156
14632
19157
14631
19158
14630
19159
14629
19160
14628
19161
14627
19162
14626
19163
14625
19164
14624
19165
14623
19166
14622
19167
14621
19168
14620
19169
14619
19170
14618
19171
14617
19172
14616
19173
14615
19174
14614
19175
14613
19176
14612
19177
14611
19178
14610
19179
14609
19180
14608
19181
14607
19182
14606
19183
14605
19184
14604
19185
14603
19186
14602
19187
14601
19188
14600
19189
14599
19190
14598
19191
14597
19192
14596
19193
14595
19194
14594
19195
14593
19196
14592
19197
14591
19198
14590
19199
14589
19200
14588
19201
14587
19202
14586
19203
14585
19204
14584
19205
14583
19206
14582
19207
14581
19208
14580
19209
14579
19210
14578
19211
14577
19212
14576
19213
14575
19214
14574
19215
14573
19216
14572
19217
14571
19218
14570
19219
14569
19220
14568
19221
14567
19222
14566
19223
14565
19224
14564
19225
14563
19226
14562
19227
14561
19228
14560
19229
14559
19230
14558
19231
14557
19232
14556
19233
14555
19234
14554
19235
14553
19236
14552
19237
14551
19238
14550
19239
14549
19240
14548
19241
14547
19242
14546
19243
14545
19244
14544
19245
14543
19246
14542
19247
14541
19248
14540
19249
14539
19250
14538
19251
14537
19252
14536
19253
14535
19254
14534
19255
14533
19256
14532
19257
14531
19258
14530
19259
14529
19260
14528
19261
14527
19262
14526
19263
14525
19264
14524
19265
14523
19266
14522
19267
14521
19268
14520
19269
14519
19270
14518
19271
14517
19272
14516
19273
14515
19274
14514
19275
14513
19276
14512
19277
14511
19278
14510
19279
14509
19280
14508
19281
14507
19282
14506
19283
14505
19284
14504
19285
14503
19286
14502
19287
14501
19288
14500
19289
14499
19290
14498
19291
14497
19292
14496
19293
14495
19294
14494
19295
14493
19296
14492
19297
14491
19298
14490
19299
14489
19300
14488
19301
14487
19302
14486
19303
14485
19304
14484
19305
14483
19306
14482
19307
14481
19308
14480
19309
14479
19310
14478
19311
14477
19312
14476
19313
14475
19314
14474
19315
14473
19316
14472
19317
14471
19318
14470
19319
14469
19320
14468
19321
14467
19322
14466
19323
14465
19324
14464
19325
14463
19326
14462
19327
14461
19328
14460
19329
14459
19330
14458
19331
14457
19332
14456
19333
14455
19334
14454
19335
14453
19336
14452
19337
14451
19338
14450
19339
14449
19340
14448
19341
14447
19342
14446
19343
14445
19344
14444
19345
14443
19346
14442
19347
14441
19348
14440
19349
14439
19350
14438
19351
14437
19352
14436
19353
14435
19354
14434
19355
14433
19356
14432
19357
14431
19358
14430
19359
14429
19360
14428
19361
14427
19362
14426
19363
14425
19364
14424
19365
14423
19366
14422
19367
14421
19368
14420
19369
14419
19370
14418
19371
14417
19372
14416
19373
14415
19374
14414
19375
14413
19376
14412
19377
14411
19378
14410
19379
14409
19380
14408
19381
14407
19382
14406
19383
14405
19384
14404
19385
14403
19386
14402
19387
14401
19388
14400
19389
14399
19390
14398
19391
14397
19392
14396
19393
14395
19394
14394
19395
14393
19396
14392
19397
14391
19398
14390
19399
14389
19400
14388
19401
14387
19402
14386
19403
14385
19404
14384
19405
14383
19406
14382
19407
14381
19408
14380
19409
14379
19410
14378
19411
14377
19412
14376
19413
14375
19414
14374
19415
14373
19416
14372
19417
14371
19418
14370
19419
14369
19420
14368
19421
14367
19422
14366
19423
14365
19424
14364
19425
14363
19426
14362
19427
14361
19428
14360
19429
14359
19430
14358
19431
14357
19432
14356
19433
14355
19434
14354
19435
14353
19436
14352
19437
14351
19438
14350
19439
14349
19440
14348
19441
14347
19442
14346
19443
14345
19444
14344
19445
14343
19446
14342
19447
14341
19448
14340
19449
14339
19450
14338
19451
14337
19452
14336
19453
14335
19454
14334
19455
14333
19456
14332
19457
14331
19458
14330
19459
14329
19460
14328
19461
14327
19462
14326
19463
14325
19464
14324
19465
14323
19466
14322
19467
14321
19468
14320
19469
14319
19470
14318
19471
14317
19472
14316
19473
14315
19474
14314
19475
14313
19476
14312
19477
14311
19478
14310
19479
14309
19480
14308
19481
14307
19482
14306
19483
14305
19484
14304
19485
14303
19486
14302
19487
14301
19488
14300
19489
14299
19490
14298
19491
14297
19492
14296
19493
14295
19494
14294
19495
14293
19496
14292
19497
14291
19498
14290
19499
14289
19500
14288
19501
14287
19502
14286
19503
14285
19504
14284
19505
14283
19506
14282
19507
14281
19508
14280
19509
14279
19510
14278
19511
14277
19512
14276
19513
14275
19514
14274
19515
14273
19516
14272
19517
14271
19518
14270
19519
14269
19520
14268
19521
14267
19522
14266
19523
14265
19524
14264
19525
14263
19526
14262
19527
14261
19528
14260
19529
14259
19530
14258
19531
14257
19532
14256
19533
14255
19534
14254
19535
14253
19536
14252
19537
14251
19538
14250
19539
14249
19540
14248
19541
14247
19542
14246
19543
14245
19544
14244
19545
14243
19546
14242
19547
14241
19548
14240
19549
14239
19550
14238
19551
14237
19552
14236
19553
14235
19554
14234
19555
14233
19556
14232
19557
14231
19558
14230
19559
14229
19560
14228
19561
14227
19562
14226
19563
14225
19564
14224
19565
14223
19566
14222
19567
14221
19568
14220
19569
14219
19570
14218
19571
14217
19572
14216
19573
14215
19574
14214
19575
14213
19576
14212
19577
14211
19578
14210
19579
14209
19580
14208
19581
14207
19582
14206
19583
14205
19584
14204
19585
14203
19586
14202
19587
14201
19588
14200
19589
14199
19590
14198
19591
14197
19592
14196
19593
14195
19594
14194
19595
14193
19596
14192
19597
14191
19598
14190
19599
14189
19600
14188
19601
14187
19602
14186
19603
14185
19604
14184
19605
14183
19606
14182
19607
14181
19608
14180
19609
14179
19610
14178
19611
14177
19612
14176
19613
14175
19614
14174
19615
14173
19616
14172
19617
14171
19618
14170
19619
14169
19620
14168
19621
14167
19622
14166
19623
14165
19624
14164
19625
14163
19626
14162
19627
14161
19628
14160
19629
14159
19630
14158
19631
14157
19632
14156
19633
14155
19634
14154
19635
14153
19636
14152
19637
14151
19638
14150
19639
14149
19640
14148
19641
14147
19642
14146
19643
14145
19644
14144
19645
14143
19646
14142
19647
14141
19648
14140
19649
14139
19650
14138
19651
14137
19652
14136
19653
14135
19654
14134
19655
14133
19656
14132
19657
14131
19658
14130
19659
14129
19660
14128
19661
14127
19662
14126
19663
14125
19664
14124
19665
14123
19666
14122
19667
14121
19668
14120
19669
14119
19670
14118
19671
14117
19672
14116
19673
14115
19674
14114
19675
14113
19676
14112
19677
14111
19678
14110
19679
14109
19680
14108
19681
14107
19682
14106
19683
14105
19684
14104
19685
14103
19686
14102
19687
14101
19688
14100
19689
14099
19690
14098
19691
14097
19692
14096
19693
14095
19694
14094
19695
14093
19696
14092
19697
14091
19698
14090
19699
14089
19700
14088
19701
14087
19702
14086
19703
14085
19704
14084
19705
14083
19706
14082
19707
14081
19708
14080
19709
14079
19710
14078
19711
14077
19712
14076
19713
14075
19714
14074
19715
14073
19716
14072
19717
14071
19718
14070
19719
14069
19720
14068
19721
14067
19722
14066
19723
14065
19724
14064
19725
14063
19726
14062
19727
14061
19728
14060
19729
14059
19730
14058
19731
14057
19732
14056
19733
14055
19734
14054
19735
14053
19736
14052
19737
14051
19738
14050
19739
14049
19740
14048
19741
14047
19742
14046
19743
14045
19744
14044
19745
14043
19746
14042
19747
14041
19748
14040
19749
14039
19750
14038
19751
14037
19752
14036
19753
14035
19754
14034
19755
14033
19756
14032
19757
14031
19758
14030
19759
14029
19760
14028
19761
14027
19762
14026
19763
14025
19764
14024
19765
14023
19766
14022
19767
14021
19768
14020
19769
14019
19770
14018
19771
14017
19772
14016
19773
14015
19774
14014
19775
14013
19776
14012
19777
14011
19778
14010
19779
14009
19780
14008
19781
14007
19782
14006
19783
14005
19784
14004
19785
14003
19786
14002
19787
14001
19788
14000
19789
13999
19790
13998
19791
13997
19792
13996
19793
13995
19794
13994
19795
13993
19796
13992
19797
13991
19798
13990
19799
13989
19800
13988
19801
13987
19802
13986
19803
13985
19804
13984
19805
13983
19806
13982
19807
13981
19808
13980
19809
13979
19810
13978
19811
13977
19812
13976
19813
13975
19814
13974
19815
13973
19816
13972
19817
13971
19818
13970
19819
13969
19820
13968
19821
13967
19822
13966
19823
13965
19824
13964
19825
13963
19826
13962
19827
13961
19828
13960
19829
13959
19830
13958
19831
13957
19832
13956
19833
13955
19834
13954
19835
13953
19836
13952
19837
13951
19838
13950
19839
13949
19840
13948
19841
13947
19842
13946
19843
13945
19844
13944
19845
13943
19846
13942
19847
13941
19848
13940
19849
13939
19850
13938
19851
13937
19852
13936
19853
13935
19854
13934
19855
13933
19856
13932
19857
13931
19858
13930
19859
13929
19860
13928
19861
13927
19862
13926
19863
13925
19864
13924
19865
13923
19866
13922
19867
13921
19868
13920
19869
13919
19870
13918
19871
13917
19872
13916
19873
13915
19874
13914
19875
13913
19876
13912
19877
13911
19878
13910
19879
13909
19880
13908
19881
13907
19882
13906
19883
13905
19884
13904
19885
13903
19886
13902
19887
13901
19888
13900
19889
13899
19890
13898
19891
13897
19892
13896
19893
13895
19894
13894
19895
13893
19896
13892
19897
13891
19898
13890
19899
13889
19900
13888
19901
13887
19902
13886
19903
13885
19904
13884
19905
13883
19906
13882
19907
13881
19908
13880
19909
13879
19910
13878
19911
13877
19912
13876
19913
13875
19914
13874
19915
13873
19916
13872
19917
13871
19918
13870
19919
13869
19920
13868
19921
13867
19922
13866
19923
13865
19924
13864
19925
13863
19926
13862
19927
13861
19928
13860
19929
13859
19930
13858
19931
13857
19932
13856
19933
13855
19934
13854
19935
13853
19936
13852
19937
13851
19938
13850
19939
13849
19940
13848
19941
13847
19942
13846
19943
13845
19944
13844
19945
13843
19946
13842
19947
13841
19948
13840
19949
13839
19950
13838
19951
13837
19952
13836
19953
13835
19954
13834
19955
13833
19956
13832
19957
13831
19958
13830
19959
13829
19960
13828
19961
13827
19962
13826
19963
13825
19964
13824
19965
13823
19966
13822
19967
13821
19968
13820
19969
13819
19970
13818
19971
13817
19972
13816
19973
13815
19974
13814
19975
13813
19976
13812
19977
13811
19978
13810
19979
13809
19980
13808
19981
13807
19982
13806
19983
13805
19984
13804
19985
13803
19986
13802
19987
13801
19988
13800
19989
13799
19990
13798
19991
13797
19992
13796
19993
13795
19994
13794
19995
13793
19996
13792
19997
13791
19998
13790
19999
13789
20000
13788
20001
13787
20002
13786
20003
13785
20004
13784
20005
13783
20006
13782
20007
13781
20008
13780
20009
13779
20010
13778
20011
13777
20012
13776
20013
13775
20014
13774
20015
13773
20016
13772
20017
13771
20018
13770
20019
13769
20020
13768
20021
13767
20022
13766
20023
13765
20024
13764
20025
13763
20026
13762
20027
13761
20028
13760
20029
13759
20030
13758
20031
13757
20032
13756
20033
13755
20034
13754
20035
13753
20036
13752
20037
13751
20038
13750
20039
13749
20040
13748
20041
13747
20042
13746
20043
13745
20044
13744
20045
13743
20046
13742
20047
13741
20048
13740
20049
13739
20050
13738
20051
13737
20052
13736
20053
13735
20054
13734
20055
13733
20056
13732
20057
13731
20058
13730
20059
13729
20060
13728
20061
13727
20062
13726
20063
13725
20064
13724
20065
13723
20066
13722
20067
13721
20068
13720
20069
13719
20070
13718
20071
13717
20072
13716
20073
13715
20074
13714
20075
13713
20076
13712
20077
13711
20078
13710
20079
13709
20080
13708
20081
13707
20082
13706
20083
13705
20084
13704
20085
13703
20086
13702
20087
13701
20088
13700
20089
13699
20090
13698
20091
13697
20092
13696
20093
13695
20094
13694
20095
13693
20096
13692
20097
13691
20098
13690
20099
13689
20100
13688
20101
13687
20102
13686
20103
13685
20104
13684
20105
13683
20106
13682
20107
13681
20108
13680
20109
13679
20110
13678
20111
13677
20112
13676
20113
13675
20114
13674
20115
13673
20116
13672
20117
13671
20118
13670
20119
13669
20120
13668
20121
13667
20122
13666
20123
13665
20124
13664
20125
13663
20126
13662
20127
13661
20128
13660
20129
13659
20130
13658
20131
13657
20132
13656
20133
13655
20134
13654
20135
13653
20136
13652
20137
13651
20138
13650
20139
13649
20140
13648
20141
13647
20142
13646
20143
13645
20144
13644
20145
13643
20146
13642
20147
13641
20148
13640
20149
13639
20150
13638
20151
13637
20152
13636
20153
13635
20154
13634
20155
13633
20156
13632
20157
13631
20158
13630
20159
13629
20160
13628
20161
13627
20162
13626
20163
13625
20164
13624
20165
13623
20166
13622
20167
13621
20168
13620
20169
13619
20170
13618
20171
13617
20172
13616
20173
13615
20174
13614
20175
13613
20176
13612
20177
13611
20178
13610
20179
13609
20180
13608
20181
13607
20182
13606
20183
13605
20184
13604
20185
13603
20186
13602
20187
13601
20188
13600
20189
13599
20190
13598
20191
13597
20192
13596
20193
13595
20194
13594
20195
13593
20196
13592
20197
13591
20198
13590
20199
13589
20200
13588
20201
13587
20202
13586
20203
13585
20204
13584
20205
13583
20206
13582
20207
13581
20208
13580
20209
13579
20210
13578
20211
13577
20212
13576
20213
13575
20214
13574
20215
13573
20216
13572
20217
13571
20218
13570
20219
13569
20220
13568
20221
13567
20222
13566
20223
13565
20224
13564
20225
13563
20226
13562
20227
13561
20228
13560
20229
13559
20230
13558
20231
13557
20232
13556
20233
13555
20234
13554
20235
13553
20236
13552
20237
13551
20238
13550
20239
13549
20240
13548
20241
13547
20242
13546
20243
13545
20244
13544
20245
13543
20246
13542
20247
13541
20248
13540
20249
13539
20250
13538
20251
13537
20252
13536
20253
13535
20254
13534
20255
13533
20256
13532
20257
13531
20258
13530
20259
13529
20260
13528
20261
13527
20262
13526
20263
13525
20264
13524
20265
13523
20266
13522
20267
13521
20268
13520
20269
13519
20270
13518
20271
13517
20272
13516
20273
13515
20274
13514
20275
13513
20276
13512
20277
13511
20278
13510
20279
13509
20280
13508
20281
13507
20282
13506
20283
13505
20284
13504
20285
13503
20286
13502
20287
13501
20288
13500
20289
13499
20290
13498
20291
13497
20292
13496
20293
13495
20294
13494
20295
13493
20296
13492
20297
13491
20298
13490
20299
13489
20300
13488
20301
13487
20302
13486
20303
13485
20304
13484
20305
13483
20306
13482
20307
13481
20308
13480
20309
13479
20310
13478
20311
13477
20312
13476
20313
13475
20314
13474
20315
13473
20316
13472
20317
13471
20318
13470
20319
13469
20320
13468
20321
13467
20322
13466
20323
13465
20324
13464
20325
13463
20326
13462
20327
13461
20328
13460
20329
13459
20330
13458
20331
13457
20332
13456
20333
13455
20334
13454
20335
13453
20336
13452
20337
13451
20338
13450
20339
13449
20340
13448
20341
13447
20342
13446
20343
13445
20344
13444
20345
13443
20346
13442
20347
13441
20348
13440
20349
13439
20350
13438
20351
13437
20352
13436
20353
13435
20354
13434
20355
13433
20356
13432
20357
13431
20358
13430
20359
13429
20360
13428
20361
13427
20362
13426
20363
13425
20364
13424
20365
13423
20366
13422
20367
13421
20368
13420
20369
13419
20370
13418
20371
13417
20372
13416
20373
13415
20374
13414
20375
13413
20376
13412
20377
13411
20378
13410
20379
13409
20380
13408
20381
13407
20382
13406
20383
13405
20384
13404
20385
13403
20386
13402
20387
13401
20388
13400
20389
13399
20390
13398
20391
13397
20392
13396
20393
13395
20394
13394
20395
13393
20396
13392
20397
13391
20398
13390
20399
13389
20400
13388
20401
13387
20402
13386
20403
13385
20404
13384
20405
13383
20406
13382
20407
13381
20408
13380
20409
13379
20410
13378
20411
13377
20412
13376
20413
13375
20414
13374
20415
13373
20416
13372
20417
13371
20418
13370
20419
13369
20420
13368
20421
13367
20422
13366
20423
13365
20424
13364
20425
13363
20426
13362
20427
13361
20428
13360
20429
13359
20430
13358
20431
13357
20432
13356
20433
13355
20434
13354
20435
13353
20436
13352
20437
13351
20438
13350
20439
13349
20440
13348
20441
13347
20442
13346
20443
13345
20444
13344
20445
13343
20446
13342
20447
13341
20448
13340
20449
13339
20450
13338
20451
13337
20452
13336
20453
13335
20454
13334
20455
13333
20456
13332
20457
13331
20458
13330
20459
13329
20460
13328
20461
13327
20462
13326
20463
13325
20464
13324
20465
13323
20466
13322
20467
13321
20468
13320
20469
13319
20470
13318
20471
13317
20472
13316
20473
13315
20474
13314
20475
13313
20476
13312
20477
13311
20478
13310
20479
13309
20480
13308
20481
13307
20482
13306
20483
13305
20484
13304
20485
13303
20486
13302
20487
13301
20488
13300
20489
13299
20490
13298
20491
13297
20492
13296
20493
13295
20494
13294
20495
13293
20496
13292
20497
13291
20498
13290
20499
13289
20500
13288
20501
13287
20502
13286
20503
13285
20504
13284
20505
13283
20506
13282
20507
13281
20508
13280
20509
13279
20510
13278
20511
13277
20512
13276
20513
13275
20514
13274
20515
13273
20516
13272
20517
13271
20518
13270
20519
13269
20520
13268
20521
13267
20522
13266
20523
13265
20524
13264
20525
13263
20526
13262
20527
13261
20528
13260
20529
13259
20530
13258
20531
13257
20532
13256
20533
13255
20534
13254
20535
13253
20536
13252
20537
13251
20538
13250
20539
13249
20540
13248
20541
13247
20542
13246
20543
13245
20544
13244
20545
13243
20546
13242
20547
13241
20548
13240
20549
13239
20550
13238
20551
13237
20552
13236
20553
13235
20554
13234
20555
13233
20556
13232
20557
13231
20558
13230
20559
13229
20560
13228
20561
13227
20562
13226
20563
13225
20564
13224
20565
13223
20566
13222
20567
13221
20568
13220
20569
13219
20570
13218
20571
13217
20572
13216
20573
13215
20574
13214
20575
13213
20576
13212
20577
13211
20578
13210
20579
13209
20580
13208
20581
13207
20582
13206
20583
13205
20584
13204
20585
13203
20586
13202
20587
13201
20588
13200
20589
13199
20590
13198
20591
13197
20592
13196
20593
13195
20594
13194
20595
13193
20596
13192
20597
13191
20598
13190
20599
13189
20600
13188
20601
13187
20602
13186
20603
13185
20604
13184
20605
13183
20606
13182
20607
13181
20608
13180
20609
13179
20610
13178
20611
13177
20612
13176
20613
13175
20614
13174
20615
13173
20616
13172
20617
13171
20618
13170
20619
13169
20620
13168
20621
13167
20622
13166
20623
13165
20624
13164
20625
13163
20626
13162
20627
13161
20628
13160
20629
13159
20630
13158
20631
13157
20632
13156
20633
13155
20634
13154
20635
13153
20636
13152
20637
13151
20638
13150
20639
13149
20640
13148
20641
13147
20642
13146
20643
13145
20644
13144
20645
13143
20646
13142
20647
13141
20648
13140
20649
13139
20650
13138
20651
13137
20652
13136
20653
13135
20654
13134
20655
13133
20656
13132
20657
13131
20658
13130
20659
13129
20660
13128
20661
13127
20662
13126
20663
13125
20664
13124
20665
13123
20666
13122
20667
13121
20668
13120
20669
13119
20670
13118
20671
13117
20672
13116
20673
13115
20674
13114
20675
13113
20676
13112
20677
13111
20678
13110
20679
13109
20680
13108
20681
13107
20682
13106
20683
13105
20684
13104
20685
13103
20686
13102
20687
13101
20688
13100
20689
13099
20690
13098
20691
13097
20692
13096
20693
13095
20694
13094
20695
13093
20696
13092
20697
13091
20698
13090
20699
13089
20700
13088
20701
13087
20702
13086
20703
13085
20704
13084
20705
13083
20706
13082
20707
13081
20708
13080
20709
13079
20710
13078
20711
13077
20712
13076
20713
13075
20714
13074
20715
13073
20716
13072
20717
13071
20718
13070
20719
13069
20720
13068
20721
13067
20722
13066
20723
13065
20724
13064
20725
13063
20726
13062
20727
13061
20728
13060
20729
13059
20730
13058
20731
13057
20732
13056
20733
13055
20734
13054
20735
13053
20736
13052
20737
13051
20738
13050
20739
13049
20740
13048
20741
13047
20742
13046
20743
13045
20744
13044
20745
13043
20746
13042
20747
13041
20748
13040
20749
13039
20750
13038
20751
13037
20752
13036
20753
13035
20754
13034
20755
13033
20756
13032
20757
13031
20758
13030
20759
13029
20760
13028
20761
13027
20762
13026
20763
13025
20764
13024
20765
13023
20766
13022
20767
13021
20768
13020
20769
13019
20770
13018
20771
13017
20772
13016
20773
13015
20774
13014
20775
13013
20776
13012
20777
13011
20778
13010
20779
13009
20780
13008
20781
13007
20782
13006
20783
13005
20784
13004
20785
13003
20786
13002
20787
13001
20788
13000
20789
12999
20790
12998
20791
12997
20792
12996
20793
12995
20794
12994
20795
12993
20796
12992
20797
12991
20798
12990
20799
12989
20800
12988
20801
12987
20802
12986
20803
12985
20804
12984
20805
12983
20806
12982
20807
12981
20808
12980
20809
12979
20810
12978
20811
12977
20812
12976
20813
12975
20814
12974
20815
12973
20816
12972
20817
12971
20818
12970
20819
12969
20820
12968
20821
12967
20822
12966
20823
12965
20824
12964
20825
12963
20826
12962
20827
12961
20828
12960
20829
12959
20830
12958
20831
12957
20832
12956
20833
12955
20834
12954
20835
12953
20836
12952
20837
12951
20838
12950
20839
12949
20840
12948
20841
12947
20842
12946
20843
12945
20844
12944
20845
12943
20846
12942
20847
12941
20848
12940
20849
12939
20850
12938
20851
12937
20852
12936
20853
12935
20854
12934
20855
12933
20856
12932
20857
12931
20858
12930
20859
12929
20860
12928
20861
12927
20862
12926
20863
12925
20864
12924
20865
12923
20866
12922
20867
12921
20868
12920
20869
12919
20870
12918
20871
12917
20872
12916
20873
12915
20874
12914
20875
12913
20876
12912
20877
12911
20878
12910
20879
12909
20880
12908
20881
12907
20882
12906
20883
12905
20884
12904
20885
12903
20886
12902
20887
12901
20888
12900
20889
12899
20890
12898
20891
12897
20892
12896
20893
12895
20894
12894
20895
12893
20896
12892
20897
12891
20898
12890
20899
12889
20900
12888
20901
12887
20902
12886
20903
12885
20904
12884
20905
12883
20906
12882
20907
12881
20908
12880
20909
12879
20910
12878
20911
12877
20912
12876
20913
12875
20914
12874
20915
12873
20916
12872
20917
12871
20918
12870
20919
12869
20920
12868
20921
12867
20922
12866
20923
12865
20924
12864
20925
12863
20926
12862
20927
12861
20928
12860
20929
12859
20930
12858
20931
12857
20932
12856
20933
12855
20934
12854
20935
12853
20936
12852
20937
12851
20938
12850
20939
12849
20940
12848
20941
12847
20942
12846
20943
12845
20944
12844
20945
12843
20946
12842
20947
12841
20948
12840
20949
12839
20950
12838
20951
12837
20952
12836
20953
12835
20954
12834
20955
12833
20956
12832
20957
12831
20958
12830
20959
12829
20960
12828
20961
12827
20962
12826
20963
12825
20964
12824
20965
12823
20966
12822
20967
12821
20968
12820
20969
12819
20970
12818
20971
12817
20972
12816
20973
12815
20974
12814
20975
12813
20976
12812
20977
12811
20978
12810
20979
12809
20980
12808
20981
12807
20982
12806
20983
12805
20984
12804
20985
12803
20986
12802
20987
12801
20988
12800
20989
12799
20990
12798
20991
12797
20992
12796
20993
12795
20994
12794
20995
12793
20996
12792
20997
12791
20998
12790
20999
12789
21000
12788
21001
12787
21002
12786
21003
12785
21004
12784
21005
12783
21006
12782
21007
12781
21008
12780
21009
12779
21010
12778
21011
12777
21012
12776
21013
12775
21014
12774
21015
12773
21016
12772
21017
12771
21018
12770
21019
12769
21020
12768
21021
12767
21022
12766
21023
12765
21024
12764
21025
12763
21026
12762
21027
12761
21028
12760
21029
12759
21030
12758
21031
12757
21032
12756
21033
12755
21034
12754
21035
12753
21036
12752
21037
12751
21038
12750
21039
12749
21040
12748
21041
12747
21042
12746
21043
12745
21044
12744
21045
12743
21046
12742
21047
12741
21048
12740
21049
12739
21050
12738
21051
12737
21052
12736
21053
12735
21054
12734
21055
12733
21056
12732
21057
12731
21058
12730
21059
12729
21060
12728
21061
12727
21062
12726
21063
12725
21064
12724
21065
12723
21066
12722
21067
12721
21068
12720
21069
12719
21070
12718
21071
12717
21072
12716
21073
12715
21074
12714
21075
12713
21076
12712
21077
12711
21078
12710
21079
12709
21080
12708
21081
12707
21082
12706
21083
12705
21084
12704
21085
12703
21086
12702
21087
12701
21088
12700
21089
12699
21090
12698
21091
12697
21092
12696
21093
12695
21094
12694
21095
12693
21096
12692
21097
12691
21098
12690
21099
12689
21100
12688
21101
12687
21102
12686
21103
12685
21104
12684
21105
12683
21106
12682
21107
12681
21108
12680
21109
12679
21110
12678
21111
12677
21112
12676
21113
12675
21114
12674
21115
12673
21116
12672
21117
12671
21118
12670
21119
12669
21120
12668
21121
12667
21122
12666
21123
12665
21124
12664
21125
12663
21126
12662
21127
12661
21128
12660
21129
12659
21130
12658
21131
12657
21132
12656
21133
12655
21134
12654
21135
12653
21136
12652
21137
12651
21138
12650
21139
12649
21140
12648
21141
12647
21142
12646
21143
12645
21144
12644
21145
12643
21146
12642
21147
12641
21148
12640
21149
12639
21150
12638
21151
12637
21152
12636
21153
12635
21154
12634
21155
12633
21156
12632
21157
12631
21158
12630
21159
12629
21160
12628
21161
12627
21162
12626
21163
12625
21164
12624
21165
12623
21166
12622
21167
12621
21168
12620
21169
12619
21170
12618
21171
12617
21172
12616
21173
12615
21174
12614
21175
12613
21176
12612
21177
12611
21178
12610
21179
12609
21180
12608
21181
12607
21182
12606
21183
12605
21184
12604
21185
12603
21186
12602
21187
12601
21188
12600
21189
12599
21190
12598
21191
12597
21192
12596
21193
12595
21194
12594
21195
12593
21196
12592
21197
12591
21198
12590
21199
12589
21200
12588
21201
12587
21202
12586
21203
12585
21204
12584
21205
12583
21206
12582
21207
12581
21208
12580
21209
12579
21210
12578
21211
12577
21212
12576
21213
12575
21214
12574
21215
12573
21216
12572
21217
12571
21218
12570
21219
12569
21220
12568
21221
12567
21222
12566
21223
12565
21224
12564
21225
12563
21226
12562
21227
12561
21228
12560
21229
12559
21230
12558
21231
12557
21232
12556
21233
12555
21234
12554
21235
12553
21236
12552
21237
12551
21238
12550
21239
12549
21240
12548
21241
12547
21242
12546
21243
12545
21244
12544
21245
12543
21246
12542
21247
12541
21248
12540
21249
12539
21250
12538
21251
12537
21252
12536
21253
12535
21254
12534
21255
12533
21256
12532
21257
12531
21258
12530
21259
12529
21260
12528
21261
12527
21262
12526
21263
12525
21264
12524
21265
12523
21266
12522
21267
12521
21268
12520
21269
12519
21270
12518
21271
12517
21272
12516
21273
12515
21274
12514
21275
12513
21276
12512
21277
12511
21278
12510
21279
12509
21280
12508
21281
12507
21282
12506
21283
12505
21284
12504
21285
12503
21286
12502
21287
12501
21288
12500
21289
12499
21290
12498
21291
12497
21292
12496
21293
12495
21294
12494
21295
12493
21296
12492
21297
12491
21298
12490
21299
12489
21300
12488
21301
12487
21302
12486
21303
12485
21304
12484
21305
12483
21306
12482
21307
12481
21308
12480
21309
12479
21310
12478
21311
12477
21312
12476
21313
12475
21314
12474
21315
12473
21316
12472
21317
12471
21318
12470
21319
12469
21320
12468
21321
12467
21322
12466
21323
12465
21324
12464
21325
12463
21326
12462
21327
12461
21328
12460
21329
12459
21330
12458
21331
12457
21332
12456
21333
12455
21334
12454
21335
12453
21336
12452
21337
12451
21338
12450
21339
12449
21340
12448
21341
12447
21342
12446
21343
12445
21344
12444
21345
12443
21346
12442
21347
12441
21348
12440
21349
12439
21350
12438
21351
12437
21352
12436
21353
12435
21354
12434
21355
12433
21356
12432
21357
12431
21358
12430
21359
12429
21360
12428
21361
12427
21362
12426
21363
12425
21364
12424
21365
12423
21366
12422
21367
12421
21368
12420
21369
12419
21370
12418
21371
12417
21372
12416
21373
12415
21374
12414
21375
12413
21376
12412
21377
12411
21378
12410
21379
12409
21380
12408
21381
12407
21382
12406
21383
12405
21384
12404
21385
12403
21386
12402
21387
12401
21388
12400
21389
12399
21390
12398
21391
12397
21392
12396
21393
12395
21394
12394
21395
12393
21396
12392
21397
12391
21398
12390
21399
12389
21400
12388
21401
12387
21402
12386
21403
12385
21404
12384
21405
12383
21406
12382
21407
12381
21408
12380
21409
12379
21410
12378
21411
12377
21412
12376
21413
12375
21414
12374
21415
12373
21416
12372
21417
12371
21418
12370
21419
12369
21420
12368
21421
12367
21422
12366
21423
12365
21424
12364
21425
12363
21426
12362
21427
12361
21428
12360
21429
12359
21430
12358
21431
12357
21432
12356
21433
12355
21434
12354
21435
12353
21436
12352
21437
12351
21438
12350
21439
12349
21440
12348
21441
12347
21442
12346
21443
12345
21444
12344
21445
12343
21446
12342
21447
12341
21448
12340
21449
12339
21450
12338
21451
12337
21452
12336
21453
12335
21454
12334
21455
12333
21456
12332
21457
12331
21458
12330
21459
12329
21460
12328
21461
12327
21462
12326
21463
12325
21464
12324
21465
12323
21466
12322
21467
12321
21468
12320
21469
12319
21470
12318
21471
12317
21472
12316
21473
12315
21474
12314
21475
12313
21476
12312
21477
12311
21478
12310
21479
12309
21480
12308
21481
12307
21482
12306
21483
12305
21484
12304
21485
12303
21486
12302
21487
12301
21488
12300
21489
12299
21490
12298
21491
12297
21492
12296
21493
12295
21494
12294
21495
12293
21496
12292
21497
12291
21498
12290
21499
12289
21500
12288
21501
12287
21502
12286
21503
12285
21504
12284
21505
12283
21506
12282
21507
12281
21508
12280
21509
12279
21510
12278
21511
12277
21512
12276
21513
12275
21514
12274
21515
12273
21516
12272
21517
12271
21518
12270
21519
12269
21520
12268
21521
12267
21522
12266
21523
12265
21524
12264
21525
12263
21526
12262
21527
12261
21528
12260
21529
12259
21530
12258
21531
12257
21532
12256
21533
12255
21534
12254
21535
12253
21536
12252
21537
12251
21538
12250
21539
12249
21540
12248
21541
12247
21542
12246
21543
12245
21544
12244
21545
12243
21546
12242
21547
12241
21548
12240
21549
12239
21550
12238
21551
12237
21552
12236
21553
12235
21554
12234
21555
12233
21556
12232
21557
12231
21558
12230
21559
12229
21560
12228
21561
12227
21562
12226
21563
12225
21564
12224
21565
12223
21566
12222
21567
12221
21568
12220
21569
12219
21570
12218
21571
12217
21572
12216
21573
12215
21574
12214
21575
12213
21576
12212
21577
12211
21578
12210
21579
12209
21580
12208
21581
12207
21582
12206
21583
12205
21584
12204
21585
12203
21586
12202
21587
12201
21588
12200
21589
12199
21590
12198
21591
12197
21592
12196
21593
12195
21594
12194
21595
12193
21596
12192
21597
12191
21598
12190
21599
12189
21600
12188
21601
12187
21602
12186
21603
12185
21604
12184
21605
12183
21606
12182
21607
12181
21608
12180
21609
12179
21610
12178
21611
12177
21612
12176
21613
12175
21614
12174
21615
12173
21616
12172
21617
12171
21618
12170
21619
12169
21620
12168
21621
12167
21622
12166
21623
12165
21624
12164
21625
12163
21626
12162
21627
12161
21628
12160
21629
12159
21630
12158
21631
12157
21632
12156
21633
12155
21634
12154
21635
12153
21636
12152
21637
12151
21638
12150
21639
12149
21640
12148
21641
12147
21642
12146
21643
12145
21644
12144
21645
12143
21646
12142
21647
12141
21648
12140
21649
12139
21650
12138
21651
12137
21652
12136
21653
12135
21654
12134
21655
12133
21656
12132
21657
12131
21658
12130
21659
12129
21660
12128
21661
12127
21662
12126
21663
12125
21664
12124
21665
12123
21666
12122
21667
12121
21668
12120
21669
12119
21670
12118
21671
12117
21672
12116
21673
12115
21674
12114
21675
12113
21676
12112
21677
12111
21678
12110
21679
12109
21680
12108
21681
12107
21682
12106
21683
12105
21684
12104
21685
12103
21686
12102
21687
12101
21688
12100
21689
12099
21690
12098
21691
12097
21692
12096
21693
12095
21694
12094
21695
12093
21696
12092
21697
12091
21698
12090
21699
12089
21700
12088
21701
12087
21702
12086
21703
12085
21704
12084
21705
12083
21706
12082
21707
12081
21708
12080
21709
12079
21710
12078
21711
12077
21712
12076
21713
12075
21714
12074
21715
12073
21716
12072
21717
12071
21718
12070
21719
12069
21720
12068
21721
12067
21722
12066
21723
12065
21724
12064
21725
12063
21726
12062
21727
12061
21728
12060
21729
12059
21730
12058
21731
12057
21732
12056
21733
12055
21734
12054
21735
12053
21736
12052
21737
12051
21738
12050
21739
12049
21740
12048
21741
12047
21742
12046
21743
12045
21744
12044
21745
12043
21746
12042
21747
12041
21748
12040
21749
12039
21750
12038
21751
12037
21752
12036
21753
12035
21754
12034
21755
12033
21756
12032
21757
12031
21758
12030
21759
12029
21760
12028
21761
12027
21762
12026
21763
12025
21764
12024
21765
12023
21766
12022
21767
12021
21768
12020
21769
12019
21770
12018
21771
12017
21772
12016
21773
12015
21774
12014
21775
12013
21776
12012
21777
12011
21778
12010
21779
12009
21780
12008
21781
12007
21782
12006
21783
12005
21784
12004
21785
12003
21786
12002
21787
12001
21788
12000
21789
11999
21790
11998
21791
11997
21792
11996
21793
11995
21794
11994
21795
11993
21796
11992
21797
11991
21798
11990
21799
11989
21800
11988
21801
11987
21802
11986
21803
11985
21804
11984
21805
11983
21806
11982
21807
11981
21808
11980
21809
11979
21810
11978
21811
11977
21812
11976
21813
11975
21814
11974
21815
11973
21816
11972
21817
11971
21818
11970
21819
11969
21820
11968
21821
11967
21822
11966
21823
11965
21824
11964
21825
11963
21826
11962
21827
11961
21828
11960
21829
11959
21830
11958
21831
11957
21832
11956
21833
11955
21834
11954
21835
11953
21836
11952
21837
11951
21838
11950
21839
11949
21840
11948
21841
11947
21842
11946
21843
11945
21844
11944
21845
11943
21846
11942
21847
11941
21848
11940
21849
11939
21850
11938
21851
11937
21852
11936
21853
11935
21854
11934
21855
11933
21856
11932
21857
11931
21858
11930
21859
11929
21860
11928
21861
11927
21862
11926
21863
11925
21864
11924
21865
11923
21866
11922
21867
11921
21868
11920
21869
11919
21870
11918
21871
11917
21872
11916
21873
11915
21874
11914
21875
11913
21876
11912
21877
11911
21878
11910
21879
11909
21880
11908
21881
11907
21882
11906
21883
11905
21884
11904
21885
11903
21886
11902
21887
11901
21888
11900
21889
11899
21890
11898
21891
11897
21892
11896
21893
11895
21894
