10000
-2042
-8706
-8704
-8702
-8700
-8698
-8696
-8694
-8692
-8690
-8688
-8686
-8684
-8682
-8680
-8678
-8676
-8674
-8672
-8670
-8668
-8666
-8664
-8662
-8660
-8658
-8656
-8654
-8652
-8650
-8648
-8646
-8644
-8642
-8640
-8638
-8636
-8634
-8632
-8630
-8628
-8626
-8624
-8622
-8620
-8618
-8616
-8614
-8612
-8610
-8608
-8606
-8604
-8602
-8600
-8598
-8596
-8594
-8592
-8590
-8588
-8586
-8584
-8582
-8580
-8578
-8576
-8574
-8572
-8570
-8568
-8566
-8564
-8562
-8560
-8558
-8556
-8554
-8552
-8550
-8548
-8546
-8544
-8542
-8540
-8538
-8536
-8534
-8532
-8530
-8528
-8526
-8524
-8522
-8520
-8518
-8516
-8514
-8512
-8510
-8508
-8506
-8504
-8502
-8500
-8498
-8496
-8494
-8492
-8490
-8488
-8486
-8484
-8482
-8480
-8478
-8476
-8474
-8472
-8470
-8468
-8466
-8464
-8462
-8460
-8458
-8456
-8454
-8452
-8450
-8448
-8446
-8444
-8442
-8440
-8438
-8436
-8434
-8432
-8430
-8428
-8426
-8424
-8422
-8420
-8418
-8416
-8414
-8412
-8410
-8408
-8406
-8404
-8402
-8400
-8398
-8396
-8394
-8392
-8390
-8388
-8386
-8384
-8382
-8380
-8378
-8376
-8374
-8372
-8370
-8368
-8366
-8364
-8362
-8360
-8358
-8356
-8354
-8352
-8350
-8348
-8346
-8344
-8342
-8340
-8338
-8336
-8334
-8332
-8330
-8328
-8326
-8324
-8322
-8320
-8318
-8316
-8314
-8312
-8310
-8308
-8306
-8304
-8302
-8300
-8298
-8296
-8294
-8292
-8290
-8288
-8286
-8284
-8282
-8280
-8278
-8276
-8274
-8272
-8270
-8268
-8266
-8264
-8262
-8260
-8258
-8256
-8254
-8252
-8250
-8248
-8246
-8244
-8242
-8240
-8238
-8236
-8234
-8232
-8230
-8228
-8226
-8224
-8222
-8220
-8218
-8216
-8214
-8212
-8210
-8208
-8206
-8204
-8202
-8200
-8198
-8196
-8194
-8192
-8190
-8188
-8186
-8184
-8182
-8180
-8178
-8176
-8174
-8172
-8170
-8168
-8166
-8164
-8162
-8160
-8158
-8156
-8154
-8152
-8150
-8148
-8146
-8144
-8142
-8140
-8138
-8136
-8134
-8132
-8130
-8128
-8126
-8124
-8122
-8120
-8118
-8116
-8114
-8112
-8110
-8108
-8106
-8104
-8102
-8100
-8098
-8096
-8094
-8092
-8090
-8088
-8086
-8084
-8082
-8080
-8078
-8076
-8074
-8072
-8070
-8068
-8066
-8064
-8062
-8060
-8058
-8056
-8054
-8052
-8050
-8048
-8046
-8044
-8042
-8040
-8038
-8036
-8034
-8032
-8030
-8028
-8026
-8024
-8022
-8020
-8018
-8016
-8014
-8012
-8010
-8008
-8006
-8004
-8002
-8000
-7998
-7996
-7994
-7992
-7990
-7988
-7986
-7984
-7982
-7980
-7978
-7976
-7974
-7972
-7970
-7968
-7966
-7964
-7962
-7960
-7958
-7956
-7954
-7952
-7950
-7948
-7946
-7944
-7942
-7940
-7938
-7936
-7934
-7932
-7930
-7928
-7926
-7924
-7922
-7920
-7918
-7916
-7914
-7912
-7910
-7908
-7906
-7904
-7902
-7900
-7898
-7896
-7894
-7892
-7890
-7888
-7886
-7884
-7882
-7880
-7878
-7876
-7874
-7872
-7870
-7868
-7866
-7864
-7862
-7860
-7858
-7856
-7854
-7852
-7850
-7848
-7846
-7844
-7842
-7840
-7838
-7836
-7834
-7832
-7830
-7828
-7826
-7824
-7822
-7820
-7818
-7816
-7814
-7812
-7810
-7808
-7806
-7804
-7802
-7800
-7798
-7796
-7794
-7792
-7790
-7788
-7786
-7784
-7782
-7780
-7778
-7776
-7774
-7772
-7770
-7768
-7766
-7764
-7762
-7760
-7758
-7756
-7754
-7752
-7750
-7748
-7746
-7744
-7742
-7740
-7738
-7736
-7734
-7732
-7730
-7728
-7726
-7724
-7722
-7720
-7718
-7716
-7714
-7712
-7710
-7708
-7706
-7704
-7702
-7700
-7698
-7696
-7694
-7692
-7690
-7688
-7686
-7684
-7682
-7680
-7678
-7676
-7674
-7672
-7670
-7668
-7666
-7664
-7662
-7660
-7658
-7656
-7654
-7652
-7650
-7648
-7646
-7644
-7642
-7640
-7638
-7636
-7634
-7632
-7630
-7628
-7626
-7624
-7622
-7620
-7618
-7616
-7614
-7612
-7610
-7608
-7606
-7604
-7602
-7600
-7598
-7596
-7594
-7592
-7590
-7588
-7586
-7584
-7582
-7580
-7578
-7576
-7574
-7572
-7570
-7568
-7566
-7564
-7562
-7560
-7558
-7556
-7554
-7552
-7550
-7548
-7546
-7544
-7542
-7540
-7538
-7536
-7534
-7532
-7530
-7528
-7526
-7524
-7522
-7520
-7518
-7516
-7514
-7512
-7510
-7508
-7506
-7504
-7502
-7500
-7498
-7496
-7494
-7492
-7490
-7488
-7486
-7484
-7482
-7480
-7478
-7476
-7474
-7472
-7470
-7468
-7466
-7464
-7462
-7460
-7458
-7456
-7454
-7452
-7450
-7448
-7446
-7444
-7442
-7440
-7438
-7436
-7434
-7432
-7430
-7428
-7426
-7424
-7422
-7420
-7418
-7416
-7414
-7412
-7410
-7408
-7406
-7404
-7402
-7400
-7398
-7396
-7394
-7392
-7390
-7388
-7386
-7384
-7382
-7380
-7378
-7376
-7374
-7372
-7370
-7368
-7366
-7364
-7362
-7360
-7358
-7356
-7354
-7352
-7350
-7348
-7346
-7344
-7342
-7340
-7338
-7336
-7334
-7332
-7330
-7328
-7326
-7324
-7322
-7320
-7318
-7316
-7314
-7312
-7310
-7308
-7306
-7304
-7302
-7300
-7298
-7296
-7294
-7292
-7290
-7288
-7286
-7284
-7282
-7280
-7278
-7276
-7274
-7272
-7270
-7268
-7266
-7264
-7262
-7260
-7258
-7256
-7254
-7252
-7250
-7248
-7246
-7244
-7242
-7240
-7238
-7236
-7234
-7232
-7230
-7228
-7226
-7224
-7222
-7220
-7218
-7216
-7214
-7212
-7210
-7208
-7206
-7204
-7202
-7200
-7198
-7196
-7194
-7192
-7190
-7188
-7186
-7184
-7182
-7180
-7178
-7176
-7174
-7172
-7170
-7168
-7166
-7164
-7162
-7160
-7158
-7156
-7154
-7152
-7150
-7148
-7146
-7144
-7142
-7140
-7138
-7136
-7134
-7132
-7130
-7128
-7126
-7124
-7122
-7120
-7118
-7116
-7114
-7112
-7110
-7108
-7106
-7104
-7102
-7100
-7098
-7096
-7094
-7092
-7090
-7088
-7086
-7084
-7082
-7080
-7078
-7076
-7074
-7072
-7070
-7068
-7066
-7064
-7062
-7060
-7058
-7056
-7054
-7052
-7050
-7048
-7046
-7044
-7042
-7040
-7038
-7036
-7034
-7032
-7030
-7028
-7026
-7024
-7022
-7020
-7018
-7016
-7014
-7012
-7010
-7008
-7006
-7004
-7002
-7000
-6998
-6996
-6994
-6992
-6990
-6988
-6986
-6984
-6982
-6980
-6978
-6976
-6974
-6972
-6970
-6968
-6966
-6964
-6962
-6960
-6958
-6956
-6954
-6952
-6950
-6948
-6946
-6944
-6942
-6940
-6938
-6936
-6934
-6932
-6930
-6928
-6926
-6924
-6922
-6920
-6918
-6916
-6914
-6912
-6910
-6908
-6906
-6904
-6902
-6900
-6898
-6896
-6894
-6892
-6890
-6888
-6886
-6884
-6882
-6880
-6878
-6876
-6874
-6872
-6870
-6868
-6866
-6864
-6862
-6860
-6858
-6856
-6854
-6852
-6850
-6848
-6846
-6844
-6842
-6840
-6838
-6836
-6834
-6832
-6830
-6828
-6826
-6824
-6822
-6820
-6818
-6816
-6814
-6812
-6810
-6808
-6806
-6804
-6802
-6800
-6798
-6796
-6794
-6792
-6790
-6788
-6786
-6784
-6782
-6780
-6778
-6776
-6774
-6772
-6770
-6768
-6766
-6764
-6762
-6760
-6758
-6756
-6754
-6752
-6750
-6748
-6746
-6744
-6742
-6740
-6738
-6736
-6734
-6732
-6730
-6728
-6726
-6724
-6722
-6720
-6718
-6716
-6714
-6712
-6710
-6708
-6706
-6704
-6702
-6700
-6698
-6696
-6694
-6692
-6690
-6688
-6686
-6684
-6682
-6680
-6678
-6676
-6674
-6672
-6670
-6668
-6666
-6664
-6662
-6660
-6658
-6656
-6654
-6652
-6650
-6648
-6646
-6644
-6642
-6640
-6638
-6636
-6634
-6632
-6630
-6628
-6626
-6624
-6622
-6620
-6618
-6616
-6614
-6612
-6610
-6608
-6606
-6604
-6602
-6600
-6598
-6596
-6594
-6592
-6590
-6588
-6586
-6584
-6582
-6580
-6578
-6576
-6574
-6572
-6570
-6568
-6566
-6564
-6562
-6560
-6558
-6556
-6554
-6552
-6550
-6548
-6546
-6544
-6542
-6540
-6538
-6536
-6534
-6532
-6530
-6528
-6526
-6524
-6522
-6520
-6518
-6516
-6514
-6512
-6510
-6508
-6506
-6504
-6502
-6500
-6498
-6496
-6494
-6492
-6490
-6488
-6486
-6484
-6482
-6480
-6478
-6476
-6474
-6472
-6470
-6468
-6466
-6464
-6462
-6460
-6458
-6456
-6454
-6452
-6450
-6448
-6446
-6444
-6442
-6440
-6438
-6436
-6434
-6432
-6430
-6428
-6426
-6424
-6422
-6420
-6418
-6416
-6414
-6412
-6410
-6408
-6406
-6404
-6402
-6400
-6398
-6396
-6394
-6392
-6390
-6388
-6386
-6384
-6382
-6380
-6378
-6376
-6374
-6372
-6370
-6368
-6366
-6364
-6362
-6360
-6358
-6356
-6354
-6352
-6350
-6348
-6346
-6344
-6342
-6340
-6338
-6336
-6334
-6332
-6330
-6328
-6326
-6324
-6322
-6320
-6318
-6316
-6314
-6312
-6310
-6308
-6306
-6304
-6302
-6300
-6298
-6296
-6294
-6292
-6290
-6288
-6286
-6284
-6282
-6280
-6278
-6276
-6274
-6272
-6270
-6268
-6266
-6264
-6262
-6260
-6258
-6256
-6254
-6252
-6250
-6248
-6246
-6244
-6242
-6240
-6238
-6236
-6234
-6232
-6230
-6228
-6226
-6224
-6222
-6220
-6218
-6216
-6214
-6212
-6210
-6208
-6206
-6204
-6202
-6200
-6198
-6196
-6194
-6192
-6190
-6188
-6186
-6184
-6182
-6180
-6178
-6176
-6174
-6172
-6170
-6168
-6166
-6164
-6162
-6160
-6158
-6156
-6154
-6152
-6150
-6148
-6146
-6144
-6142
-6140
-6138
-6136
-6134
-6132
-6130
-6128
-6126
-6124
-6122
-6120
-6118
-6116
-6114
-6112
-6110
-6108
-6106
-6104
-6102
-6100
-6098
-6096
-6094
-6092
-6090
-6088
-6086
-6084
-6082
-6080
-6078
-6076
-6074
-6072
-6070
-6068
-6066
-6064
-6062
-6060
-6058
-6056
-6054
-6052
-6050
-6048
-6046
-6044
-6042
-6040
-6038
-6036
-6034
-6032
-6030
-6028
-6026
-6024
-6022
-6020
-6018
-6016
-6014
-6012
-6010
-6008
-6006
-6004
-6002
-6000
-5998
-5996
-5994
-5992
-5990
-5988
-5986
-5984
-5982
-5980
-5978
-5976
-5974
-5972
-5970
-5968
-5966
-5964
-5962
-5960
-5958
-5956
-5954
-5952
-5950
-5948
-5946
-5944
-5942
-5940
-5938
-5936
-5934
-5932
-5930
-5928
-5926
-5924
-5922
-5920
-5918
-5916
-5914
-5912
-5910
-5908
-5906
-5904
-5902
-5900
-5898
-5896
-5894
-5892
-5890
-5888
-5886
-5884
-5882
-5880
-5878
-5876
-5874
-5872
-5870
-5868
-5866
-5864
-5862
-5860
-5858
-5856
-5854
-5852
-5850
-5848
-5846
-5844
-5842
-5840
-5838
-5836
-5834
-5832
-5830
-5828
-5826
-5824
-5822
-5820
-5818
-5816
-5814
-5812
-5810
-5808
-5806
-5804
-5802
-5800
-5798
-5796
-5794
-5792
-5790
-5788
-5786
-5784
-5782
-5780
-5778
-5776
-5774
-5772
-5770
-5768
-5766
-5764
-5762
-5760
-5758
-5756
-5754
-5752
-5750
-5748
-5746
-5744
-5742
-5740
-5738
-5736
-5734
-5732
-5730
-5728
-5726
-5724
-5722
-5720
-5718
-5716
-5714
-5712
-5710
-5708
-5706
-5704
-5702
-5700
-5698
-5696
-5694
-5692
-5690
-5688
-5686
-5684
-5682
-5680
-5678
-5676
-5674
-5672
-5670
-5668
-5666
-5664
-5662
-5660
-5658
-5656
-5654
-5652
-5650
-5648
-5646
-5644
-5642
-5640
-5638
-5636
-5634
-5632
-5630
-5628
-5626
-5624
-5622
-5620
-5618
-5616
-5614
-5612
-5610
-5608
-5606
-5604
-5602
-5600
-5598
-5596
-5594
-5592
-5590
-5588
-5586
-5584
-5582
-5580
-5578
-5576
-5574
-5572
-5570
-5568
-5566
-5564
-5562
-5560
-5558
-5556
-5554
-5552
-5550
-5548
-5546
-5544
-5542
-5540
-5538
-5536
-5534
-5532
-5530
-5528
-5526
-5524
-5522
-5520
-5518
-5516
-5514
-5512
-5510
-5508
-5506
-5504
-5502
-5500
-5498
-5496
-5494
-5492
-5490
-5488
-5486
-5484
-5482
-5480
-5478
-5476
-5474
-5472
-5470
-5468
-5466
-5464
-5462
-5460
-5458
-5456
-5454
-5452
-5450
-5448
-5446
-5444
-5442
-5440
-5438
-5436
-5434
-5432
-5430
-5428
-5426
-5424
-5422
-5420
-5418
-5416
-5414
-5412
-5410
-5408
-5406
-5404
-5402
-5400
-5398
-5396
-5394
-5392
-5390
-5388
-5386
-5384
-5382
-5380
-5378
-5376
-5374
-5372
-5370
-5368
-5366
-5364
-5362
-5360
-5358
-5356
-5354
-5352
-5350
-5348
-5346
-5344
-5342
-5340
-5338
-5336
-5334
-5332
-5330
-5328
-5326
-5324
-5322
-5320
-5318
-5316
-5314
-5312
-5310
-5308
-5306
-5304
-5302
-5300
-5298
-5296
-5294
-5292
-5290
-5288
-5286
-5284
-5282
-5280
-5278
-5276
-5274
-5272
-5270
-5268
-5266
-5264
-5262
-5260
-5258
-5256
-5254
-5252
-5250
-5248
-5246
-5244
-5242
-5240
-5238
-5236
-5234
-5232
-5230
-5228
-5226
-5224
-5222
-5220
-5218
-5216
-5214
-5212
-5210
-5208
-5206
-5204
-5202
-5200
-5198
-5196
-5194
-5192
-5190
-5188
-5186
-5184
-5182
-5180
-5178
-5176
-5174
-5172
-5170
-5168
-5166
-5164
-5162
-5160
-5158
-5156
-5154
-5152
-5150
-5148
-5146
-5144
-5142
-5140
-5138
-5136
-5134
-5132
-5130
-5128
-5126
-5124
-5122
-5120
-5118
-5116
-5114
-5112
-5110
-5108
-5106
-5104
-5102
-5100
-5098
-5096
-5094
-5092
-5090
-5088
-5086
-5084
-5082
-5080
-5078
-5076
-5074
-5072
-5070
-5068
-5066
-5064
-5062
-5060
-5058
-5056
-5054
-5052
-5050
-5048
-5046
-5044
-5042
-5040
-5038
-5036
-5034
-5032
-5030
-5028
-5026
-5024
-5022
-5020
-5018
-5016
-5014
-5012
-5010
-5008
-5006
-5004
-5002
-5000
-4998
-4996
-4994
-4992
-4990
-4988
-4986
-4984
-4982
-4980
-4978
-4976
-4974
-4972
-4970
-4968
-4966
-4964
-4962
-4960
-4958
-4956
-4954
-4952
-4950
-4948
-4946
-4944
-4942
-4940
-4938
-4936
-4934
-4932
-4930
-4928
-4926
-4924
-4922
-4920
-4918
-4916
-4914
-4912
-4910
-4908
-4906
-4904
-4902
-4900
-4898
-4896
-4894
-4892
-4890
-4888
-4886
-4884
-4882
-4880
-4878
-4876
-4874
-4872
-4870
-4868
-4866
-4864
-4862
-4860
-4858
-4856
-4854
-4852
-4850
-4848
-4846
-4844
-4842
-4840
-4838
-4836
-4834
-4832
-4830
-4828
-4826
-4824
-4822
-4820
-4818
-4816
-4814
-4812
-4810
-4808
-4806
-4804
-4802
-4800
-4798
-4796
-4794
-4792
-4790
-4788
-4786
-4784
-4782
-4780
-4778
-4776
-4774
-4772
-4770
-4768
-4766
-4764
-4762
-4760
-4758
-4756
-4754
-4752
-4750
-4748
-4746
-4744
-4742
-4740
-4738
-4736
-4734
-4732
-4730
-4728
-4726
-4724
-4722
-4720
-4718
-4716
-4714
-4712
-4710
-4708
-4706
-4704
-4702
-4700
-4698
-4696
-4694
-4692
-4690
-4688
-4686
-4684
-4682
-4680
-4678
-4676
-4674
-4672
-4670
-4668
-4666
-4664
-4662
-4660
-4658
-4656
-4654
-4652
-4650
-4648
-4646
-4644
-4642
-4640
-4638
-4636
-4634
-4632
-4630
-4628
-4626
-4624
-4622
-4620
-4618
-4616
-4614
-4612
-4610
-4608
-4606
-4604
-4602
-4600
-4598
-4596
-4594
-4592
-4590
-4588
-4586
-4584
-4582
-4580
-4578
-4576
-4574
-4572
-4570
-4568
-4566
-4564
-4562
-4560
-4558
-4556
-4554
-4552
-4550
-4548
-4546
-4544
-4542
-4540
-4538
-4536
-4534
-4532
-4530
-4528
-4526
-4524
-4522
-4520
-4518
-4516
-4514
-4512
-4510
-4508
-4506
-4504
-4502
-4500
-4498
-4496
-4494
-4492
-4490
-4488
-4486
-4484
-4482
-4480
-4478
-4476
-4474
-4472
-4470
-4468
-4466
-4464
-4462
-4460
-4458
-4456
-4454
-4452
-4450
-4448
-4446
-4444
-4442
-4440
-4438
-4436
-4434
-4432
-4430
-4428
-4426
-4424
-4422
-4420
-4418
-4416
-4414
-4412
-4410
-4408
-4406
-4404
-4402
-4400
-4398
-4396
-4394
-4392
-4390
-4388
-4386
-4384
-4382
-4380
-4378
-4376
-4374
-4372
-4370
-4368
-4366
-4364
-4362
-4360
-4358
-4356
-4354
-4352
-4350
-4348
-4346
-4344
-4342
-4340
-4338
-4336
-4334
-4332
-4330
-4328
-4326
-4324
-4322
-4320
-4318
-4316
-4314
-4312
-4310
-4308
-4306
-4304
-4302
-4300
-4298
-4296
-4294
-4292
-4290
-4288
-4286
-4284
-4282
-4280
-4278
-4276
-4274
-4272
-4270
-4268
-4266
-4264
-4262
-4260
-4258
-4256
-4254
-4252
-4250
-4248
-4246
-4244
-4242
-4240
-4238
-4236
-4234
-4232
-4230
-4228
-4226
-4224
-4222
-4220
-4218
-4216
-4214
-4212
-4210
-4208
-4206
-4204
-4202
-4200
-4198
-4196
-4194
-4192
-4190
-4188
-4186
-4184
-4182
-4180
-4178
-4176
-4174
-4172
-4170
-4168
-4166
-4164
-4162
-4160
-4158
-4156
-4154
-4152
-4150
-4148
-4146
-4144
-4142
-4140
-4138
-4136
-4134
-4132
-4130
-4128
-4126
-4124
-4122
-4120
-4118
-4116
-4114
-4112
-4110
-4108
-4106
-4104
-4102
-4100
-4098
-4096
-4094
-4092
-4090
-4088
-4086
-4084
-4082
-4080
-4078
-4076
-4074
-4072
-4070
-4068
-4066
-4064
-4062
-4060
-4058
-4056
-4054
-4052
-4050
-4048
-4046
-4044
-4042
-4040
-4038
-4036
-4034
-4032
-4030
-4028
-4026
-4024
-4022
-4020
-4018
-4016
-4014
-4012
-4010
-4008
-4006
-4004
-4002
-4000
-3998
-3996
-3994
-3992
-3990
-3988
-3986
-3984
-3982
-3980
-3978
-3976
-3974
-3972
-3970
-3968
-3966
-3964
-3962
-3960
-3958
-3956
-3954
-3952
-3950
-3948
-3946
-3944
-3942
-3940
-3938
-3936
-3934
-3932
-3930
-3928
-3926
-3924
-3922
-3920
-3918
-3916
-3914
-3912
-3910
-3908
-3906
-3904
-3902
-3900
-3898
-3896
-3894
-3892
-3890
-3888
-3886
-3884
-3882
-3880
-3878
-3876
-3874
-3872
-3870
-3868
-3866
-3864
-3862
-3860
-3858
-3856
-3854
-3852
-3850
-3848
-3846
-3844
-3842
-3840
-3838
-3836
-3834
-3832
-3830
-3828
-3826
-3824
-3822
-3820
-3818
-3816
-3814
-3812
-3810
-3808
-3806
-3804
-3802
-3800
-3798
-3796
-3794
-3792
-3790
-3788
-3786
-3784
-3782
-3780
-3778
-3776
-3774
-3772
-3770
-3768
-3766
-3764
-3762
-3760
-3758
-3756
-3754
-3752
-3750
-3748
-3746
-3744
-3742
-3740
-3738
-3736
-3734
-3732
-3730
-3728
-3726
-3724
-3722
-3720
-3718
-3716
-3714
-3712
-3710
-3708
-3706
-3704
-3702
-3700
-3698
-3696
-3694
-3692
-3690
-3688
-3686
-3684
-3682
-3680
-3678
-3676
-3674
-3672
-3670
-3668
-3666
-3664
-3662
-3660
-3658
-3656
-3654
-3652
-3650
-3648
-3646
-3644
-3642
-3640
-3638
-3636
-3634
-3632
-3630
-3628
-3626
-3624
-3622
-3620
-3618
-3616
-3614
-3612
-3610
-3608
-3606
-3604
-3602
-3600
-3598
-3596
-3594
-3592
-3590
-3588
-3586
-3584
-3582
-3580
-3578
-3576
-3574
-3572
-3570
-3568
-3566
-3564
-3562
-3560
-3558
-3556
-3554
-3552
-3550
-3548
-3546
-3544
-3542
-3540
-3538
-3536
-3534
-3532
-3530
-3528
-3526
-3524
-3522
-3520
-3518
-3516
-3514
-3512
-3510
-3508
-3506
-3504
-3502
-3500
-3498
-3496
-3494
-3492
-3490
-3488
-3486
-3484
-3482
-3480
-3478
-3476
-3474
-3472
-3470
-3468
-3466
-3464
-3462
-3460
-3458
-3456
-3454
-3452
-3450
-3448
-3446
-3444
-3442
-3440
-3438
-3436
-3434
-3432
-3430
-3428
-3426
-3424
-3422
-3420
-3418
-3416
-3414
-3412
-3410
-3408
-3406
-3404
-3402
-3400
-3398
-3396
-3394
-3392
-3390
-3388
-3386
-3384
-3382
-3380
-3378
-3376
-3374
-3372
-3370
-3368
-3366
-3364
-3362
-3360
-3358
-3356
-3354
-3352
-3350
-3348
-3346
-3344
-3342
-3340
-3338
-3336
-3334
-3332
-3330
-3328
-3326
-3324
-3322
-3320
-3318
-3316
-3314
-3312
-3310
-3308
-3306
-3304
-3302
-3300
-3298
-3296
-3294
-3292
-3290
-3288
-3286
-3284
-3282
-3280
-3278
-3276
-3274
-3272
-3270
-3268
-3266
-3264
-3262
-3260
-3258
-3256
-3254
-3252
-3250
-3248
-3246
-3244
-3242
-3240
-3238
-3236
-3234
-3232
-3230
-3228
-3226
-3224
-3222
-3220
-3218
-3216
-3214
-3212
-3210
-3208
-3206
-3204
-3202
-3200
-3198
-3196
-3194
-3192
-3190
-3188
-3186
-3184
-3182
-3180
-3178
-3176
-3174
-3172
-3170
-3168
-3166
-3164
-3162
-3160
-3158
-3156
-3154
-3152
-3150
-3148
-3146
-3144
-3142
-3140
-3138
-3136
-3134
-3132
-3130
-3128
-3126
-3124
-3122
-3120
-3118
-3116
-3114
-3112
-3110
-3108
-3106
-3104
-3102
-3100
-3098
-3096
-3094
-3092
-3090
-3088
-3086
-3084
-3082
-3080
-3078
-3076
-3074
-3072
-3070
-3068
-3066
-3064
-3062
-3060
-3058
-3056
-3054
-3052
-3050
-3048
-3046
-3044
-3042
-3040
-3038
-3036
-3034
-3032
-3030
-3028
-3026
-3024
-3022
-3020
-3018
-3016
-3014
-3012
-3010
-3008
-3006
-3004
-3002
-3000
-2998
-2996
-2994
-2992
-2990
-2988
-2986
-2984
-2982
-2980
-2978
-2976
-2974
-2972
-2970
-2968
-2966
-2964
-2962
-2960
-2958
-2956
-2954
-2952
-2950
-2948
-2946
-2944
-2942
-2940
-2938
-2936
-2934
-2932
-2930
-2928
-2926
-2924
-2922
-2920
-2918
-2916
-2914
-2912
-2910
-2908
-2906
-2904
-2902
-2900
-2898
-2896
-2894
-2892
-2890
-2888
-2886
-2884
-2882
-2880
-2878
-2876
-2874
-2872
-2870
-2868
-2866
-2864
-2862
-2860
-2858
-2856
-2854
-2852
-2850
-2848
-2846
-2844
-2842
-2840
-2838
-2836
-2834
-2832
-2830
-2828
-2826
-2824
-2822
-2820
-2818
-2816
-2814
-2812
-2810
-2808
-2806
-2804
-2802
-2800
-2798
-2796
-2794
-2792
-2790
-2788
-2786
-2784
-2782
-2780
-2778
-2776
-2774
-2772
-2770
-2768
-2766
-2764
-2762
-2760
-2758
-2756
-2754
-2752
-2750
-2748
-2746
-2744
-2742
-2740
-2738
-2736
-2734
-2732
-2730
-2728
-2726
-2724
-2722
-2720
-2718
-2716
-2714
-2712
-2710
-2708
-2706
-2704
-2702
-2700
-2698
-2696
-2694
-2692
-2690
-2688
-2686
-2684
-2682
-2680
-2678
-2676
-2674
-2672
-2670
-2668
-2666
-2664
-2662
-2660
-2658
-2656
-2654
-2652
-2650
-2648
-2646
-2644
-2642
-2640
-2638
-2636
-2634
-2632
-2630
-2628
-2626
-2624
-2622
-2620
-2618
-2616
-2614
-2612
-2610
-2608
-2606
-2604
-2602
-2600
-2598
-2596
-2594
-2592
-2590
-2588
-2586
-2584
-2582
-2580
-2578
-2576
-2574
-2572
-2570
-2568
-2566
-2564
-2562
-2560
-2558
-2556
-2554
-2552
-2550
-2548
-2546
-2544
-2542
-2540
-2538
-2536
-2534
-2532
-2530
-2528
-2526
-2524
-2522
-2520
-2518
-2516
-2514
-2512
-2510
-2508
-2506
-2504
-2502
-2500
-2498
-2496
-2494
-2492
-2490
-2488
-2486
-2484
-2482
-2480
-2478
-2476
-2474
-2472
-2470
-2468
-2466
-2464
-2462
-2460
-2458
-2456
-2454
-2452
-2450
-2448
-2446
-2444
-2442
-2440
-2438
-2436
-2434
-2432
-2430
-2428
-2426
-2424
-2422
-2420
-2418
-2416
-2414
-2412
-2410
-2408
-2406
-2404
-2402
-2400
-2398
-2396
-2394
-2392
-2390
-2388
-2386
-2384
-2382
-2380
-2378
-2376
-2374
-2372
-2370
-2368
-2366
-2364
-2362
-2360
-2358
-2356
-2354
-2352
-2350
-2348
-2346
-2344
-2342
-2340
-2338
-2336
-2334
-2332
-2330
-2328
-2326
-2324
-2322
-2320
-2318
-2316
-2314
-2312
-2310
-2308
-2306
-2304
-2302
-2300
-2298
-2296
-2294
-2292
-2290
-2288
-2286
-2284
-2282
-2280
-2278
-2276
-2274
-2272
-2270
-2268
-2266
-2264
-2262
-2260
-2258
-2256
-2254
-2252
-2250
-2248
-2246
-2244
-2242
-2240
-2238
-2236
-2234
-2232
-2230
-2228
-2226
-2224
-2222
-2220
-2218
-2216
-2214
-2212
-2210
-2208
-2206
-2204
-2202
-2200
-2198
-2196
-2194
-2192
-2190
-2188
-2186
-2184
-2182
-2180
-2178
-2176
-2174
-2172
-2170
-2168
-2166
-2164
-2162
-2160
-2158
-2156
-2154
-2152
-2150
-2148
-2146
-2144
-2142
-2140
-2138
-2136
-2134
-2132
-2130
-2128
-2126
-2124
-2122
-2120
-2118
-2116
-2114
-2112
-2110
-2108
-2106
-2104
-2102
-2100
-2098
-2096
-2094
-2092
-2090
-2088
-2086
-2084
-2082
-2080
-2078
-2076
-2074
-2072
-2070
-2068
-2066
-2064
-2062
-2060
-2058
-2056
-2054
-2052
-2050
-2048
-2046
-2044
-2040
-2041
-2039
-2043
-2038
-2045
-2037
-2047
-2036
-2049
-2035
-2051
-2034
-2053
-2033
-2055
-2032
-2057
-2031
-2059
-2030
-2061
-2029
-2063
-2028
-2065
-2027
-2067
-2026
-2069
-2025
-2071
-2024
-2073
-2023
-2075
-2022
-2077
-2021
-2079
-2020
-2081
-2019
-2083
-2018
-2085
-2017
-2087
-2016
-2089
-2015
-2091
-2014
-2093
-2013
-2095
-2012
-2097
-2011
-2099
-2010
-2101
-2009
-2103
-2008
-2105
-2007
-2107
-2006
-2109
-2005
-2111
-2004
-2113
-2003
-2115
-2002
-2117
-2001
-2119
-2000
-2121
-1999
-2123
-1998
-2125
-1997
-2127
-1996
-2129
-1995
-2131
-1994
-2133
-1993
-2135
-1992
-2137
-1991
-2139
-1990
-2141
-1989
-2143
-1988
-2145
-1987
-2147
-1986
-2149
-1985
-2151
-1984
-2153
-1983
-2155
-1982
-2157
-1981
-2159
-1980
-2161
-1979
-2163
-1978
-2165
-1977
-2167
-1976
-2169
-1975
-2171
-1974
-2173
-1973
-2175
-1972
-2177
-1971
-2179
-1970
-2181
-1969
-2183
-1968
-2185
-1967
-2187
-1966
-2189
-1965
-2191
-1964
-2193
-1963
-2195
-1962
-2197
-1961
-2199
-1960
-2201
-1959
-2203
-1958
-2205
-1957
-2207
-1956
-2209
-1955
-2211
-1954
-2213
-1953
-2215
-1952
-2217
-1951
-2219
-1950
-2221
-1949
-2223
-1948
-2225
-1947
-2227
-1946
-2229
-1945
-2231
-1944
-2233
-1943
-2235
-1942
-2237
-1941
-2239
-1940
-2241
-1939
-2243
-1938
-2245
-1937
-2247
-1936
-2249
-1935
-2251
-1934
-2253
-1933
-2255
-1932
-2257
-1931
-2259
-1930
-2261
-1929
-2263
-1928
-2265
-1927
-2267
-1926
-2269
-1925
-2271
-1924
-2273
-1923
-2275
-1922
-2277
-1921
-2279
-1920
-2281
-1919
-2283
-1918
-2285
-1917
-2287
-1916
-2289
-1915
-2291
-1914
-2293
-1913
-2295
-1912
-2297
-1911
-2299
-1910
-2301
-1909
-2303
-1908
-2305
-1907
-2307
-1906
-2309
-1905
-2311
-1904
-2313
-1903
-2315
-1902
-2317
-1901
-2319
-1900
-2321
-1899
-2323
-1898
-2325
-1897
-2327
-1896
-2329
-1895
-2331
-1894
-2333
-1893
-2335
-1892
-2337
-1891
-2339
-1890
-2341
-1889
-2343
-1888
-2345
-1887
-2347
-1886
-2349
-1885
-2351
-1884
-2353
-1883
-2355
-1882
-2357
-1881
-2359
-1880
-2361
-1879
-2363
-1878
-2365
-1877
-2367
-1876
-2369
-1875
-2371
-1874
-2373
-1873
-2375
-1872
-2377
-1871
-2379
-1870
-2381
-1869
-2383
-1868
-2385
-1867
-2387
-1866
-2389
-1865
-2391
-1864
-2393
-1863
-2395
-1862
-2397
-1861
-2399
-1860
-2401
-1859
-2403
-1858
-2405
-1857
-2407
-1856
-2409
-1855
-2411
-1854
-2413
-1853
-2415
-1852
-2417
-1851
-2419
-1850
-2421
-1849
-2423
-1848
-2425
-1847
-2427
-1846
-2429
-1845
-2431
-1844
-2433
-1843
-2435
-1842
-2437
-1841
-2439
-1840
-2441
-1839
-2443
-1838
-2445
-1837
-2447
-1836
-2449
-1835
-2451
-1834
-2453
-1833
-2455
-1832
-2457
-1831
-2459
-1830
-2461
-1829
-2463
-1828
-2465
-1827
-2467
-1826
-2469
-1825
-2471
-1824
-2473
-1823
-2475
-1822
-2477
-1821
-2479
-1820
-2481
-1819
-2483
-1818
-2485
-1817
-2487
-1816
-2489
-1815
-2491
-1814
-2493
-1813
-2495
-1812
-2497
-1811
-2499
-1810
-2501
-1809
-2503
-1808
-2505
-1807
-2507
-1806
-2509
-1805
-2511
-1804
-2513
-1803
-2515
-1802
-2517
-1801
-2519
-1800
-2521
-1799
-2523
-1798
-2525
-1797
-2527
-1796
-2529
-1795
-2531
-1794
-2533
-1793
-2535
-1792
-2537
-1791
-2539
-1790
-2541
-1789
-2543
-1788
-2545
-1787
-2547
-1786
-2549
-1785
-2551
-1784
-2553
-1783
-2555
-1782
-2557
-1781
-2559
-1780
-2561
-1779
-2563
-1778
-2565
-1777
-2567
-1776
-2569
-1775
-2571
-1774
-2573
-1773
-2575
-1772
-2577
-1771
-2579
-1770
-2581
-1769
-2583
-1768
-2585
-1767
-2587
-1766
-2589
-1765
-2591
-1764
-2593
-1763
-2595
-1762
-2597
-1761
-2599
-1760
-2601
-1759
-2603
-1758
-2605
-1757
-2607
-1756
-2609
-1755
-2611
-1754
-2613
-1753
-2615
-1752
-2617
-1751
-2619
-1750
-2621
-1749
-2623
-1748
-2625
-1747
-2627
-1746
-2629
-1745
-2631
-1744
-2633
-1743
-2635
-1742
-2637
-1741
-2639
-1740
-2641
-1739
-2643
-1738
-2645
-1737
-2647
-1736
-2649
-1735
-2651
-1734
-2653
-1733
-2655
-1732
-2657
-1731
-2659
-1730
-2661
-1729
-2663
-1728
-2665
-1727
-2667
-1726
-2669
-1725
-2671
-1724
-2673
-1723
-2675
-1722
-2677
-1721
-2679
-1720
-2681
-1719
-2683
-1718
-2685
-1717
-2687
-1716
-2689
-1715
-2691
-1714
-2693
-1713
-2695
-1712
-2697
-1711
-2699
-1710
-2701
-1709
-2703
-1708
-2705
-1707
-2707
-1706
-2709
-1705
-2711
-1704
-2713
-1703
-2715
-1702
-2717
-1701
-2719
-1700
-2721
-1699
-2723
-1698
-2725
-1697
-2727
-1696
-2729
-1695
-2731
-1694
-2733
-1693
-2735
-1692
-2737
-1691
-2739
-1690
-2741
-1689
-2743
-1688
-2745
-1687
-2747
-1686
-2749
-1685
-2751
-1684
-2753
-1683
-2755
-1682
-2757
-1681
-2759
-1680
-2761
-1679
-2763
-1678
-2765
-1677
-2767
-1676
-2769
-1675
-2771
-1674
-2773
-1673
-2775
-1672
-2777
-1671
-2779
-1670
-2781
-1669
-2783
-1668
-2785
-1667
-2787
-1666
-2789
-1665
-2791
-1664
-2793
-1663
-2795
-1662
-2797
-1661
-2799
-1660
-2801
-1659
-2803
-1658
-2805
-1657
-2807
-1656
-2809
-1655
-2811
-1654
-2813
-1653
-2815
-1652
-2817
-1651
-2819
-1650
-2821
-1649
-2823
-1648
-2825
-1647
-2827
-1646
-2829
-1645
-2831
-1644
-2833
-1643
-2835
-1642
-2837
-1641
-2839
-1640
-2841
-1639
-2843
-1638
-2845
-1637
-2847
-1636
-2849
-1635
-2851
-1634
-2853
-1633
-2855
-1632
-2857
-1631
-2859
-1630
-2861
-1629
-2863
-1628
-2865
-1627
-2867
-1626
-2869
-1625
-2871
-1624
-2873
-1623
-2875
-1622
-2877
-1621
-2879
-1620
-2881
-1619
-2883
-1618
-2885
-1617
-2887
-1616
-2889
-1615
-2891
-1614
-2893
-1613
-2895
-1612
-2897
-1611
-2899
-1610
-2901
-1609
-2903
-1608
-2905
-1607
-2907
-1606
-2909
-1605
-2911
-1604
-2913
-1603
-2915
-1602
-2917
-1601
-2919
-1600
-2921
-1599
-2923
-1598
-2925
-1597
-2927
-1596
-2929
-1595
-2931
-1594
-2933
-1593
-2935
-1592
-2937
-1591
-2939
-1590
-2941
-1589
-2943
-1588
-2945
-1587
-2947
-1586
-2949
-1585
-2951
-1584
-2953
-1583
-2955
-1582
-2957
-1581
-2959
-1580
-2961
-1579
-2963
-1578
-2965
-1577
-2967
-1576
-2969
-1575
-2971
-1574
-2973
-1573
-2975
-1572
-2977
-1571
-2979
-1570
-2981
-1569
-2983
-1568
-2985
-1567
-2987
-1566
-2989
-1565
-2991
-1564
-2993
-1563
-2995
-1562
-2997
-1561
-2999
-1560
-3001
-1559
-3003
-1558
-3005
-1557
-3007
-1556
-3009
-1555
-3011
-1554
-3013
-1553
-3015
-1552
-3017
-1551
-3019
-1550
-3021
-1549
-3023
-1548
-3025
-1547
-3027
-1546
-3029
-1545
-3031
-1544
-3033
-1543
-3035
-1542
-3037
-1541
-3039
-1540
-3041
-1539
-3043
-1538
-3045
-1537
-3047
-1536
-3049
-1535
-3051
-1534
-3053
-1533
-3055
-1532
-3057
-1531
-3059
-1530
-3061
-1529
-3063
-1528
-3065
-1527
-3067
-1526
-3069
-1525
-3071
-1524
-3073
-1523
-3075
-1522
-3077
-1521
-3079
-1520
-3081
-1519
-3083
-1518
-3085
-1517
-3087
-1516
-3089
-1515
-3091
-1514
-3093
-1513
-3095
-1512
-3097
-1511
-3099
-1510
-3101
-1509
-3103
-1508
-3105
-1507
-3107
-1506
-3109
-1505
-3111
-1504
-3113
-1503
-3115
-1502
-3117
-1501
-3119
-1500
-3121
-1499
-3123
-1498
-3125
-1497
-3127
-1496
-3129
-1495
-3131
-1494
-3133
-1493
-3135
-1492
-3137
-1491
-3139
-1490
-3141
-1489
-3143
-1488
-3145
-1487
-3147
-1486
-3149
-1485
-3151
-1484
-3153
-1483
-3155
-1482
-3157
-1481
-3159
-1480
-3161
-1479
-3163
-1478
-3165
-1477
-3167
-1476
-3169
-1475
-3171
-1474
-3173
-1473
-3175
-1472
-3177
-1471
-3179
-1470
-3181
-1469
-3183
-1468
-3185
-1467
-3187
-1466
-3189
-1465
-3191
-1464
-3193
-1463
-3195
-1462
-3197
-1461
-3199
-1460
-3201
-1459
-3203
-1458
-3205
-1457
-3207
-1456
-3209
-1455
-3211
-1454
-3213
-1453
-3215
-1452
-3217
-1451
-3219
-1450
-3221
-1449
-3223
-1448
-3225
-1447
-3227
-1446
-3229
-1445
-3231
-1444
-3233
-1443
-3235
-1442
-3237
-1441
-3239
-1440
-3241
-1439
-3243
-1438
-3245
-1437
-3247
-1436
-3249
-1435
-3251
-1434
-3253
-1433
-3255
-1432
-3257
-1431
-3259
-1430
-3261
-1429
-3263
-1428
-3265
-1427
-3267
-1426
-3269
-1425
-3271
-1424
-3273
-1423
-3275
-1422
-3277
-1421
-3279
-1420
-3281
-1419
-3283
-1418
-3285
-1417
-3287
-1416
-3289
-1415
-3291
-1414
-3293
-1413
-3295
-1412
-3297
-1411
-3299
-1410
-3301
-1409
-3303
-1408
-3305
-1407
-3307
-1406
-3309
-1405
-3311
-1404
-3313
-1403
-3315
-1402
-3317
-1401
-3319
-1400
-3321
-1399
-3323
-1398
-3325
-1397
-3327
-1396
-3329
-1395
-3331
-1394
-3333
-1393
-3335
-1392
-3337
-1391
-3339
-1390
-3341
-1389
-3343
-1388
-3345
-1387
-3347
-1386
-3349
-1385
-3351
-1384
-3353
-1383
-3355
-1382
-3357
-1381
-3359
-1380
-3361
-1379
-3363
-1378
-3365
-1377
-3367
-1376
-3369
-1375
-3371
-1374
-3373
-1373
-3375
-1372
-3377
-1371
-3379
-1370
-3381
-1369
-3383
-1368
-3385
-1367
-3387
-1366
-3389
-1365
-3391
-1364
-3393
-1363
-3395
-1362
-3397
-1361
-3399
-1360
-3401
-1359
-3403
-1358
-3405
-1357
-3407
-1356
-3409
-1355
-3411
-1354
-3413
-1353
-3415
-1352
-3417
-1351
-3419
-1350
-3421
-1349
-3423
-1348
-3425
-1347
-3427
-1346
-3429
-1345
-3431
-1344
-3433
-1343
-3435
-1342
-3437
-1341
-3439
-1340
-3441
-1339
-3443
-1338
-3445
-1337
-3447
-1336
-3449
-1335
-3451
-1334
-3453
-1333
-3455
-1332
-3457
-1331
-3459
-1330
-3461
-1329
-3463
-1328
-3465
-1327
-3467
-1326
-3469
-1325
-3471
-1324
-3473
-1323
-3475
-1322
-3477
-1321
-3479
-1320
-3481
-1319
-3483
-1318
-3485
-1317
-3487
-1316
-3489
-1315
-3491
-1314
-3493
-1313
-3495
-1312
-3497
-1311
-3499
-1310
-3501
-1309
-3503
-1308
-3505
-1307
-3507
-1306
-3509
-1305
-3511
-1304
-3513
-1303
-3515
-1302
-3517
-1301
-3519
-1300
-3521
-1299
-3523
-1298
-3525
-1297
-3527
-1296
-3529
-1295
-3531
-1294
-3533
-1293
-3535
-1292
-3537
-1291
-3539
-1290
-3541
-1289
-3543
-1288
-3545
-1287
-3547
-1286
-3549
-1285
-3551
-1284
-3553
-1283
-3555
-1282
-3557
-1281
-3559
-1280
-3561
-1279
-3563
-1278
-3565
-1277
-3567
-1276
-3569
-1275
-3571
-1274
-3573
-1273
-3575
-1272
-3577
-1271
-3579
-1270
-3581
-1269
-3583
-1268
-3585
-1267
-3587
-1266
-3589
-1265
-3591
-1264
-3593
-1263
-3595
-1262
-3597
-1261
-3599
-1260
-3601
-1259
-3603
-1258
-3605
-1257
-3607
-1256
-3609
-1255
-3611
-1254
-3613
-1253
-3615
-1252
-3617
-1251
-3619
-1250
-3621
-1249
-3623
-1248
-3625
-1247
-3627
-1246
-3629
-1245
-3631
-1244
-3633
-1243
-3635
-1242
-3637
-1241
-3639
-1240
-3641
-1239
-3643
-1238
-3645
-1237
-3647
-1236
-3649
-1235
-3651
-1234
-3653
-1233
-3655
-1232
-3657
-1231
-3659
-1230
-3661
-1229
-3663
-1228
-3665
-1227
-3667
-1226
-3669
-1225
-3671
-1224
-3673
-1223
-3675
-1222
-3677
-1221
-3679
-1220
-3681
-1219
-3683
-1218
-3685
-1217
-3687
-1216
-3689
-1215
-3691
-1214
-3693
-1213
-3695
-1212
-3697
-1211
-3699
-1210
-3701
-1209
-3703
-1208
-3705
-1207
-3707
-1206
-3709
-1205
-3711
-1204
-3713
-1203
-3715
-1202
-3717
-1201
-3719
-1200
-3721
-1199
-3723
-1198
-3725
-1197
-3727
-1196
-3729
-1195
-3731
-1194
-3733
-1193
-3735
-1192
-3737
-1191
-3739
-1190
-3741
-1189
-3743
-1188
-3745
-1187
-3747
-1186
-3749
-1185
-3751
-1184
-3753
-1183
-3755
-1182
-3757
-1181
-3759
-1180
-3761
-1179
-3763
-1178
-3765
-1177
-3767
-1176
-3769
-1175
-3771
-1174
-3773
-1173
-3775
-1172
-3777
-1171
-3779
-1170
-3781
-1169
-3783
-1168
-3785
-1167
-3787
-1166
-3789
-1165
-3791
-1164
-3793
-1163
-3795
-1162
-3797
-1161
-3799
-1160
-3801
-1159
-3803
-1158
-3805
-1157
-3807
-1156
-3809
-1155
-3811
-1154
-3813
-1153
-3815
-1152
-3817
-1151
-3819
-1150
-3821
-1149
-3823
-1148
-3825
-1147
-3827
-1146
-3829
-1145
-3831
-1144
-3833
-1143
-3835
-1142
-3837
-1141
-3839
-1140
-3841
-1139
-3843
-1138
-3845
-1137
-3847
-1136
-3849
-1135
-3851
-1134
-3853
-1133
-3855
-1132
-3857
-1131
-3859
-1130
-3861
-1129
-3863
-1128
-3865
-1127
-3867
-1126
-3869
-1125
-3871
-1124
-3873
-1123
-3875
-1122
-3877
-1121
-3879
-1120
-3881
-1119
-3883
-1118
-3885
-1117
-3887
-1116
-3889
-1115
-3891
-1114
-3893
-1113
-3895
-1112
-3897
-1111
-3899
-1110
-3901
-1109
-3903
-1108
-3905
-1107
-3907
-1106
-3909
-1105
-3911
-1104
-3913
-1103
-3915
-1102
-3917
-1101
-3919
-1100
-3921
-1099
-3923
-1098
-3925
-1097
-3927
-1096
-3929
-1095
-3931
-1094
-3933
-1093
-3935
-1092
-3937
-1091
-3939
-1090
-3941
-1089
-3943
-1088
-3945
-1087
-3947
-1086
-3949
-1085
-3951
-1084
-3953
-1083
-3955
-1082
-3957
-1081
-3959
-1080
-3961
-1079
-3963
-1078
-3965
-1077
-3967
-1076
-3969
-1075
-3971
-1074
-3973
-1073
-3975
-1072
-3977
-1071
-3979
-1070
-3981
-1069
-3983
-1068
-3985
-1067
-3987
-1066
-3989
-1065
-3991
-1064
-3993
-1063
-3995
-1062
-3997
-1061
-3999
-1060
-4001
-1059
-4003
-1058
-4005
-1057
-4007
-1056
-4009
-1055
-4011
-1054
-4013
-1053
-4015
-1052
-4017
-1051
-4019
-1050
-4021
-1049
-4023
-1048
-4025
-1047
-4027
-1046
-4029
-1045
-4031
-1044
-4033
-1043
-4035
-1042
-4037
-1041
-4039
-1040
-4041
-1039
-4043
-1038
-4045
-1037
-4047
-1036
-4049
-1035
-4051
-1034
-4053
-1033
-4055
-1032
-4057
-1031
-4059
-1030
-4061
-1029
-4063
-1028
-4065
-1027
-4067
-1026
-4069
-1025
-4071
-1024
-4073
-1023
-4075
-1022
-4077
-1021
-4079
-1020
-4081
-1019
-4083
-1018
-4085
-1017
-4087
-1016
-4089
-1015
-4091
-1014
-4093
-1013
-4095
-1012
-4097
-1011
-4099
-1010
-4101
-1009
-4103
-1008
-4105
-1007
-4107
-1006
-4109
-1005
-4111
-1004
-4113
-1003
-4115
-1002
-4117
-1001
-4119
-1000
-4121
-999
-4123
-998
-4125
-997
-4127
-996
-4129
-995
-4131
-994
-4133
-993
-4135
-992
-4137
-991
-4139
-990
-4141
-989
-4143
-988
-4145
-987
-4147
-986
-4149
-985
-4151
-984
-4153
-983
-4155
-982
-4157
-981
-4159
-980
-4161
-979
-4163
-978
-4165
-977
-4167
-976
-4169
-975
-4171
-974
-4173
-973
-4175
-972
-4177
-971
-4179
-970
-4181
-969
-4183
-968
-4185
-967
-4187
-966
-4189
-965
-4191
-964
-4193
-963
-4195
-962
-4197
-961
-4199
-960
-4201
-959
-4203
-958
-4205
-957
-4207
-956
-4209
-955
-4211
-954
-4213
-953
-4215
-952
-4217
-951
-4219
-950
-4221
-949
-4223
-948
-4225
-947
-4227
-946
-4229
-945
-4231
-944
-4233
-943
-4235
-942
-4237
-941
-4239
-940
-4241
-939
-4243
-938
-4245
-937
-4247
-936
-4249
-935
-4251
-934
-4253
-933
-4255
-932
-4257
-931
-4259
-930
-4261
-929
-4263
-928
-4265
-927
-4267
-926
-4269
-925
-4271
-924
-4273
-923
-4275
-922
-4277
-921
-4279
-920
-4281
-919
-4283
-918
-4285
-917
-4287
-916
-4289
-915
-4291
-914
-4293
-913
-4295
-912
-4297
-911
-4299
-910
-4301
-909
-4303
-908
-4305
-907
-4307
-906
-4309
-905
-4311
-904
-4313
-903
-4315
-902
-4317
-901
-4319
-900
-4321
-899
-4323
-898
-4325
-897
-4327
-896
-4329
-895
-4331
-894
-4333
-893
-4335
-892
-4337
-891
-4339
-890
-4341
-889
-4343
-888
-4345
-887
-4347
-886
-4349
-885
-4351
-884
-4353
-883
-4355
-882
-4357
-881
-4359
-880
-4361
-879
-4363
-878
-4365
-877
-4367
-876
-4369
-875
-4371
-874
-4373
-873
-4375
-872
-4377
-871
-4379
-870
-4381
-869
-4383
-868
-4385
-867
-4387
-866
-4389
-865
-4391
-864
-4393
-863
-4395
-862
-4397
-861
-4399
-860
-4401
-859
-4403
-858
-4405
-857
-4407
-856
-4409
-855
-4411
-854
-4413
-853
-4415
-852
-4417
-851
-4419
-850
-4421
-849
-4423
-848
-4425
-847
-4427
-846
-4429
-845
-4431
-844
-4433
-843
-4435
-842
-4437
-841
-4439
-840
-4441
-839
-4443
-838
-4445
-837
-4447
-836
-4449
-835
-4451
-834
-4453
-833
-4455
-832
-4457
-831
-4459
-830
-4461
-829
-4463
-828
-4465
-827
-4467
-826
-4469
-825
-4471
-824
-4473
-823
-4475
-822
-4477
-821
-4479
-820
-4481
-819
-4483
-818
-4485
-817
-4487
-816
-4489
-815
-4491
-814
-4493
-813
-4495
-812
-4497
-811
-4499
-810
-4501
-809
-4503
-808
-4505
-807
-4507
-806
-4509
-805
-4511
-804
-4513
-803
-4515
-802
-4517
-801
-4519
-800
-4521
-799
-4523
-798
-4525
-797
-4527
-796
-4529
-795
-4531
-794
-4533
-793
-4535
-792
-4537
-791
-4539
-790
-4541
-789
-4543
-788
-4545
-787
-4547
-786
-4549
-785
-4551
-784
-4553
-783
-4555
-782
-4557
-781
-4559
-780
-4561
-779
-4563
-778
-4565
-777
-4567
-776
-4569
-775
-4571
-774
-4573
-773
-4575
-772
-4577
-771
-4579
-770
-4581
-769
-4583
-768
-4585
-767
-4587
-766
-4589
-765
-4591
-764
-4593
-763
-4595
-762
-4597
-761
-4599
-760
-4601
-759
-4603
-758
-4605
-757
-4607
-756
-4609
-755
-4611
-754
-4613
-753
-4615
-752
-4617
-751
-4619
-750
-4621
-749
-4623
-748
-4625
-747
-4627
-746
-4629
-745
-4631
-744
-4633
-743
-4635
-742
-4637
-741
-4639
-740
-4641
-739
-4643
-738
-4645
-737
-4647
-736
-4649
-735
-4651
-734
-4653
-733
-4655
-732
-4657
-731
-4659
-730
-4661
-729
-4663
-728
-4665
-727
-4667
-726
-4669
-725
-4671
-724
-4673
-723
-4675
-722
-4677
-721
-4679
-720
-4681
-719
-4683
-718
-4685
-717
-4687
-716
-4689
-715
-4691
-714
-4693
-713
-4695
-712
-4697
-711
-4699
-710
-4701
-709
-4703
-708
-4705
-707
-4707
-706
-4709
-705
-4711
-704
-4713
-703
-4715
-702
-4717
-701
-4719
-700
-4721
-699
-4723
-698
-4725
-697
-4727
-696
-4729
-695
-4731
-694
-4733
-693
-4735
-692
-4737
-691
-4739
-690
-4741
-689
-4743
-688
-4745
-687
-4747
-686
-4749
-685
-4751
-684
-4753
-683
-4755
-682
-4757
-681
-4759
-680
-4761
-679
-4763
-678
-4765
-677
-4767
-676
-4769
-675
-4771
-674
-4773
-673
-4775
-672
-4777
-671
-4779
-670
-4781
-669
-4783
-668
-4785
-667
-4787
-666
-4789
-665
-4791
-664
-4793
-663
-4795
-662
-4797
-661
-4799
-660
-4801
-659
-4803
-658
-4805
-657
-4807
-656
-4809
-655
-4811
-654
-4813
-653
-4815
-652
-4817
-651
-4819
-650
-4821
-649
-4823
-648
-4825
-647
-4827
-646
-4829
-645
-4831
-644
-4833
-643
-4835
-642
-4837
-641
-4839
-640
-4841
-639
-4843
-638
-4845
-637
-4847
-636
-4849
-635
-4851
-634
-4853
-633
-4855
-632
-4857
-631
-4859
-630
-4861
-629
-4863
-628
-4865
-627
-4867
-626
-4869
-625
-4871
-624
-4873
-623
-4875
-622
-4877
-621
-4879
-620
-4881
-619
-4883
-618
-4885
-617
-4887
-616
-4889
-615
-4891
-614
-4893
-613
-4895
-612
-4897
-611
-4899
-610
-4901
-609
-4903
-608
-4905
-607
-4907
-606
-4909
-605
-4911
-604
-4913
-603
-4915
-602
-4917
-601
-4919
-600
-4921
-599
-4923
-598
-4925
-597
-4927
-596
-4929
-595
-4931
-594
-4933
-593
-4935
-592
-4937
-591
-4939
-590
-4941
-589
-4943
-588
-4945
-587
-4947
-586
-4949
-585
-4951
-584
-4953
-583
-4955
-582
-4957
-581
-4959
-580
-4961
-579
-4963
-578
-4965
-577
-4967
-576
-4969
-575
-4971
-574
-4973
-573
-4975
-572
-4977
-571
-4979
-570
-4981
-569
-4983
-568
-4985
-567
-4987
-566
-4989
-565
-4991
-564
-4993
-563
-4995
-562
-4997
-561
-4999
-560
-5001
-559
-5003
-558
-5005
-557
-5007
-556
-5009
-555
-5011
-554
-5013
-553
-5015
-552
-5017
-551
-5019
-550
-5021
-549
-5023
-548
-5025
-547
-5027
-546
-5029
-545
-5031
-544
-5033
-543
-5035
-542
-5037
-541
-5039
-540
-5041
-539
-5043
-538
-5045
-537
-5047
-536
-5049
-535
-5051
-534
-5053
-533
-5055
-532
-5057
-531
-5059
-530
-5061
-529
-5063
-528
-5065
-527
-5067
-526
-5069
-525
-5071
-524
-5073
-523
-5075
-522
-5077
-521
-5079
-520
-5081
-519
-5083
-518
-5085
-517
-5087
-516
-5089
-515
-5091
-514
-5093
-513
-5095
-512
-5097
-511
-5099
-510
-5101
-509
-5103
-508
-5105
-507
-5107
-506
-5109
-505
-5111
-504
-5113
-503
-5115
-502
-5117
-501
-5119
-500
-5121
-499
-5123
-498
-5125
-497
-5127
-496
-5129
-495
-5131
-494
-5133
-493
-5135
-492
-5137
-491
-5139
-490
-5141
-489
-5143
-488
-5145
-487
-5147
-486
-5149
-485
-5151
-484
-5153
-483
-5155
-482
-5157
-481
-5159
-480
-5161
-479
-5163
-478
-5165
-477
-5167
-476
-5169
-475
-5171
-474
-5173
-473
-5175
-472
-5177
-471
-5179
-470
-5181
-469
-5183
-468
-5185
-467
-5187
-466
-5189
-465
-5191
-464
-5193
-463
-5195
-462
-5197
-461
-5199
-460
-5201
-459
-5203
-458
-5205
-457
-5207
-456
-5209
-455
-5211
-454
-5213
-453
-5215
-452
-5217
-451
-5219
-450
-5221
-449
-5223
-448
-5225
-447
-5227
-446
-5229
-445
-5231
-444
-5233
-443
-5235
-442
-5237
-441
-5239
-440
-5241
-439
-5243
-438
-5245
-437
-5247
-436
-5249
-435
-5251
-434
-5253
-433
-5255
-432
-5257
-431
-5259
-430
-5261
-429
-5263
-428
-5265
-427
-5267
-426
-5269
-425
-5271
-424
-5273
-423
-5275
-422
-5277
-421
-5279
-420
-5281
-419
-5283
-418
-5285
-417
-5287
-416
-5289
-415
-5291
-414
-5293
-413
-5295
-412
-5297
-411
-5299
-410
-5301
-409
-5303
-408
-5305
-407
-5307
-406
-5309
-405
-5311
-404
-5313
-403
-5315
-402
-5317
-401
-5319
-400
-5321
-399
-5323
-398
-5325
-397
-5327
-396
-5329
-395
-5331
-394
-5333
-393
-5335
-392
-5337
-391
-5339
-390
-5341
-389
-5343
-388
-5345
-387
-5347
-386
-5349
-385
-5351
-384
-5353
-383
-5355
-382
-5357
-381
-5359
-380
-5361
-379
-5363
-378
-5365
-377
-5367
-376
-5369
-375
-5371
-374
-5373
-373
-5375
-372
-5377
-371
-5379
-370
-5381
-369
-5383
-368
-5385
-367
-5387
-366
-5389
-365
-5391
-364
-5393
-363
-5395
-362
-5397
-361
-5399
-360
-5401
-359
-5403
-358
-5405
-357
-5407
-356
-5409
-355
-5411
-354
-5413
-353
-5415
-352
-5417
-351
-5419
-350
-5421
-349
-5423
-348
-5425
-347
-5427
-346
-5429
-345
-5431
-344
-5433
-343
-5435
-342
-5437
-341
-5439
-340
-5441
-339
-5443
-338
-5445
-337
-5447
-336
-5449
-335
-5451
-334
-5453
-333
-5455
-332
-5457
-331
-5459
-330
-5461
-329
-5463
-328
-5465
-327
-5467
-326
-5469
-325
-5471
-324
-5473
-323
-5475
-322
-5477
-321
-5479
-320
-5481
-319
-5483
-318
-5485
-317
-5487
-316
-5489
-315
-5491
-314
-5493
-313
-5495
-312
-5497
-311
-5499
-310
-5501
-309
-5503
-308
-5505
-307
-5507
-306
-5509
-305
-5511
-304
-5513
-303
-5515
-302
-5517
-301
-5519
-300
-5521
-299
-5523
-298
-5525
-297
-5527
-296
-5529
-295
-5531
-294
-5533
-293
-5535
-292
-5537
-291
-5539
-290
-5541
-289
-5543
-288
-5545
-287
-5547
-286
-5549
-285
-5551
-284
-5553
-283
-5555
-282
-5557
-281
-5559
-280
-5561
-279
-5563
-278
-5565
-277
-5567
-276
-5569
-275
-5571
-274
-5573
-273
-5575
-272
-5577
-271
-5579
-270
-5581
-269
-5583
-268
-5585
-267
-5587
-266
-5589
-265
-5591
-264
-5593
-263
-5595
-262
-5597
-261
-5599
-260
-5601
-259
-5603
-258
-5605
-257
-5607
-256
-5609
-255
-5611
-254
-5613
-253
-5615
-252
-5617
-251
-5619
-250
-5621
-249
-5623
-248
-5625
-247
-5627
-246
-5629
-245
-5631
-244
-5633
-243
-5635
-242
-5637
-241
-5639
-240
-5641
-239
-5643
-238
-5645
-237
-5647
-236
-5649
-235
-5651
-234
-5653
-233
-5655
-232
-5657
-231
-5659
-230
-5661
-229
-5663
-228
-5665
-227
-5667
-226
-5669
-225
-5671
-224
-5673
-223
-5675
-222
-5677
-221
-5679
-220
-5681
-219
-5683
-218
-5685
-217
-5687
-216
-5689
-215
-5691
-214
-5693
-213
-5695
-212
-5697
-211
-5699
-210
-5701
-209
-5703
-208
-5705
-207
-5707
-206
-5709
-205
-5711
-204
-5713
-203
-5715
-202
-5717
-201
-5719
-200
-5721
-199
-5723
-198
-5725
-197
-5727
-196
-5729
-195
-5731
-194
-5733
-193
-5735
-192
-5737
-191
-5739
-190
-5741
-189
-5743
-188
-5745
-187
-5747
-186
-5749
-185
-5751
-184
-5753
-183
-5755
-182
-5757
-181
-5759
-180
-5761
-179
-5763
-178
-5765
-177
-5767
-176
-5769
-175
-5771
-174
-5773
-173
-5775
-172
-5777
-171
-5779
-170
-5781
-169
-5783
-168
-5785
-167
-5787
-166
-5789
-165
-5791
-164
-5793
-163
-5795
-162
-5797
-161
-5799
-160
-5801
-159
-5803
-158
-5805
-157
-5807
-156
-5809
-155
-5811
-154
-5813
-153
-5815
-152
-5817
-151
-5819
-150
-5821
-149
-5823
-148
-5825
-147
-5827
-146
-5829
-145
-5831
-144
-5833
-143
-5835
-142
-5837
-141
-5839
-140
-5841
-139
-5843
-138
-5845
-137
-5847
-136
-5849
-135
-5851
-134
-5853
-133
-5855
-132
-5857
-131
-5859
-130
-5861
-129
-5863
-128
-5865
-127
-5867
-126
-5869
-125
-5871
-124
-5873
-123
-5875
-122
-5877
-121
-5879
-120
-5881
-119
-5883
-118
-5885
-117
-5887
-116
-5889
-115
-5891
-114
-5893
-113
-5895
-112
-5897
-111
-5899
-110
-5901
-109
-5903
-108
-5905
-107
-5907
-106
-5909
-105
-5911
-104
-5913
-103
-5915
-102
-5917
-101
-5919
-100
-5921
-99
-5923
-98
-5925
-97
-5927
-96
-5929
-95
-5931
-94
-5933
-93
-5935
-92
-5937
-91
-5939
-90
-5941
-89
-5943
-88
-5945
-87
-5947
-86
-5949
-85
-5951
-84
-5953
-83
-5955
-82
-5957
-81
-5959
-80
-5961
-79
-5963
-78
-5965
-77
-5967
-76
-5969
-75
-5971
-74
-5973
-73
-5975
-72
-5977
-71
-5979
-70
-5981
-69
-5983
-68
-5985
-67
-5987
-66
-5989
-65
-5991
-64
-5993
-63
-5995
-62
-5997
-61
-5999
-60
-6001
-59
-6003
-58
-6005
-57
-6007
-56
-6009
-55
-6011
-54
-6013
-53
-6015
-52
-6017
-51
-6019
-50
-6021
-49
-6023
-48
-6025
-47
-6027
-46
-6029
-45
-6031
-44
-6033
-43
-6035
-42
-6037
-41
-6039
-40
-6041
-39
-6043
-38
-6045
-37
-6047
-36
-6049
-35
-6051
-34
-6053
-33
-6055
-32
-6057
-31
-6059
-30
-6061
-29
-6063
-28
-6065
-27
-6067
-26
-6069
-25
-6071
-24
-6073
-23
-6075
-22
-6077
-21
-6079
-20
-6081
-19
-6083
-18
-6085
-17
-6087
-16
-6089
-15
-6091
-14
-6093
-13
-6095
-12
-6097
-11
-6099
-10
-6101
-9
-6103
-8
-6105
-7
-6107
-6
-6109
-5
-6111
-4
-6113
-3
-6115
-2
-6117
-1
-6119
0
-6121
1
-6123
2
-6125
3
-6127
4
-6129
5
-6131
6
-6133
7
-6135
8
-6137
9
-6139
10
-6141
11
-6143
12
-6145
13
-6147
14
-6149
15
-6151
16
-6153
17
-6155
18
-6157
19
-6159
20
-6161
21
-6163
22
-6165
23
-6167
24
-6169
25
-6171
26
-6173
27
-6175
28
-6177
29
-6179
30
-6181
31
-6183
32
-6185
33
-6187
34
-6189
35
-6191
36
-6193
37
-6195
38
-6197
39
-6199
40
-6201
41
-6203
42
-6205
43
-6207
44
-6209
45
-6211
46
-6213
47
-6215
48
-6217
49
-6219
50
-6221
51
-6223
52
-6225
53
-6227
54
-6229
55
-6231
56
-6233
57
-6235
58
-6237
59
-6239
60
-6241
61
-6243
62
-6245
63
-6247
64
-6249
65
-6251
66
-6253
67
-6255
68
-6257
69
-6259
70
-6261
71
-6263
72
-6265
73
-6267
74
-6269
75
-6271
76
-6273
77
-6275
78
-6277
79
-6279
80
-6281
81
-6283
82
-6285
83
-6287
84
-6289
85
-6291
86
-6293
87
-6295
88
-6297
89
-6299
90
-6301
91
-6303
92
-6305
93
-6307
94
-6309
95
-6311
96
-6313
97
-6315
98
-6317
99
-6319
100
-6321
101
-6323
102
-6325
103
-6327
104
-6329
105
-6331
106
-6333
107
-6335
108
-6337
109
-6339
110
-6341
111
-6343
112
-6345
113
-6347
114
-6349
115
-6351
116
-6353
117
-6355
118
-6357
119
-6359
120
-6361
121
-6363
122
-6365
123
-6367
124
-6369
125
-6371
126
-6373
127
-6375
128
-6377
129
-6379
130
-6381
131
-6383
132
-6385
133
-6387
134
-6389
135
-6391
136
-6393
137
-6395
138
-6397
139
-6399
140
-6401
141
-6403
142
-6405
143
-6407
144
-6409
145
-6411
146
-6413
147
-6415
148
-6417
149
-6419
150
-6421
151
-6423
152
-6425
153
-6427
154
-6429
155
-6431
156
-6433
157
-6435
158
-6437
159
-6439
160
-6441
161
-6443
162
-6445
163
-6447
164
-6449
165
-6451
166
-6453
167
-6455
168
-6457
169
-6459
170
-6461
171
-6463
172
-6465
173
-6467
174
-6469
175
-6471
176
-6473
177
-6475
178
-6477
179
-6479
180
-6481
181
-6483
182
-6485
183
-6487
184
-6489
185
-6491
186
-6493
187
-6495
188
-6497
189
-6499
190
-6501
191
-6503
192
-6505
193
-6507
194
-6509
195
-6511
196
-6513
197
-6515
198
-6517
199
-6519
200
-6521
201
-6523
202
-6525
203
-6527
204
-6529
205
-6531
206
-6533
207
-6535
208
-6537
209
-6539
210
-6541
211
-6543
212
-6545
213
-6547
214
-6549
215
-6551
216
-6553
217
-6555
218
-6557
219
-6559
220
-6561
221
-6563
222
-6565
223
-6567
224
-6569
225
-6571
226
-6573
227
-6575
228
-6577
229
-6579
230
-6581
231
-6583
232
-6585
233
-6587
234
-6589
235
-6591
236
-6593
237
-6595
238
-6597
239
-6599
240
-6601
241
-6603
242
-6605
243
-6607
244
-6609
245
-6611
246
-6613
247
-6615
248
-6617
249
-6619
250
-6621
251
-6623
252
-6625
253
-6627
254
-6629
255
-6631
256
-6633
257
-6635
258
-6637
259
-6639
260
-6641
261
-6643
262
-6645
263
-6647
264
-6649
265
-6651
266
-6653
267
-6655
268
-6657
269
-6659
270
-6661
271
-6663
272
-6665
273
-6667
274
-6669
275
-6671
276
-6673
277
-6675
278
-6677
279
-6679
280
-6681
281
-6683
282
-6685
283
-6687
284
-6689
285
-6691
286
-6693
287
-6695
288
-6697
289
-6699
290
-6701
291
-6703
292
-6705
293
-6707
294
-6709
295
-6711
296
-6713
297
-6715
298
-6717
299
-6719
300
-6721
301
-6723
302
-6725
303
-6727
304
-6729
305
-6731
306
-6733
307
-6735
308
-6737
309
-6739
310
-6741
311
-6743
312
-6745
313
-6747
314
-6749
315
-6751
316
-6753
317
-6755
318
-6757
319
-6759
320
-6761
321
-6763
322
-6765
323
-6767
324
-6769
325
-6771
326
-6773
327
-6775
328
-6777
329
-6779
330
-6781
331
-6783
332
-6785
333
-6787
334
-6789
335
-6791
336
-6793
337
-6795
338
-6797
339
-6799
340
-6801
341
-6803
342
-6805
343
-6807
344
-6809
345
-6811
346
-6813
347
-6815
348
-6817
349
-6819
350
-6821
351
-6823
352
-6825
353
-6827
354
-6829
355
-6831
356
-6833
357
-6835
358
-6837
359
-6839
360
-6841
361
-6843
362
-6845
363
-6847
364
-6849
365
-6851
366
-6853
367
-6855
368
-6857
369
-6859
370
-6861
371
-6863
372
-6865
373
-6867
374
-6869
375
-6871
376
-6873
377
-6875
378
-6877
379
-6879
380
-6881
381
-6883
382
-6885
383
-6887
384
-6889
385
-6891
386
-6893
387
-6895
388
-6897
389
-6899
390
-6901
391
-6903
392
-6905
393
-6907
394
-6909
395
-6911
396
-6913
397
-6915
398
-6917
399
-6919
400
-6921
401
-6923
402
-6925
403
-6927
404
-6929
405
-6931
406
-6933
407
-6935
408
-6937
409
-6939
410
-6941
411
-6943
412
-6945
413
-6947
414
-6949
415
-6951
416
-6953
417
-6955
418
-6957
419
-6959
420
-6961
421
-6963
422
-6965
423
-6967
424
-6969
425
-6971
426
-6973
427
-6975
428
-6977
429
-6979
430
-6981
431
-6983
432
-6985
433
-6987
434
-6989
435
-6991
436
-6993
437
-6995
438
-6997
439
-6999
440
-7001
441
-7003
442
-7005
443
-7007
444
-7009
445
-7011
446
-7013
447
-7015
448
-7017
449
-7019
450
-7021
451
-7023
452
-7025
453
-7027
454
-7029
455
-7031
456
-7033
457
-7035
458
-7037
459
-7039
460
-7041
461
-7043
462
-7045
463
-7047
464
-7049
465
-7051
466
-7053
467
-7055
468
-7057
469
-7059
470
-7061
471
-7063
472
-7065
473
-7067
474
-7069
475
-7071
476
-7073
477
-7075
478
-7077
479
-7079
480
-7081
481
-7083
482
-7085
483
-7087
484
-7089
485
-7091
486
-7093
487
-7095
488
-7097
489
-7099
490
-7101
491
-7103
492
-7105
493
-7107
494
-7109
495
-7111
496
-7113
497
-7115
498
-7117
499
-7119
500
-7121
501
-7123
502
-7125
503
-7127
504
-7129
505
-7131
506
-7133
507
-7135
508
-7137
509
-7139
510
-7141
511
-7143
512
-7145
513
-7147
514
-7149
515
-7151
516
-7153
517
-7155
518
-7157
519
-7159
520
-7161
521
-7163
522
-7165
523
-7167
524
-7169
525
-7171
526
-7173
527
-7175
528
-7177
529
-7179
530
-7181
531
-7183
532
-7185
533
-7187
534
-7189
535
-7191
536
-7193
537
-7195
538
-7197
539
-7199
540
-7201
541
-7203
542
-7205
543
-7207
544
-7209
545
-7211
546
-7213
547
-7215
548
-7217
549
-7219
550
-7221
551
-7223
552
-7225
553
-7227
554
-7229
555
-7231
556
-7233
557
-7235
558
-7237
559
-7239
560
-7241
561
-7243
562
-7245
563
-7247
564
-7249
565
-7251
566
-7253
567
-7255
568
-7257
569
-7259
570
-7261
571
-7263
572
-7265
573
-7267
574
-7269
575
-7271
576
-7273
577
-7275
578
-7277
579
-7279
580
-7281
581
-7283
582
-7285
583
-7287
584
-7289
585
-7291
586
-7293
587
-7295
588
-7297
589
-7299
590
-7301
591
-7303
592
-7305
593
-7307
594
-7309
595
-7311
596
-7313
597
-7315
598
-7317
599
-7319
600
-7321
601
-7323
602
-7325
603
-7327
604
-7329
605
-7331
606
-7333
607
-7335
608
-7337
609
-7339
610
-7341
611
-7343
612
-7345
613
-7347
614
-7349
615
-7351
616
-7353
617
-7355
618
-7357
619
-7359
620
-7361
621
-7363
622
-7365
623
-7367
624
-7369
625
-7371
626
-7373
627
-7375
628
-7377
629
-7379
630
-7381
631
-7383
632
-7385
633
-7387
634
-7389
635
-7391
636
-7393
637
-7395
638
-7397
639
-7399
640
-7401
641
-7403
642
-7405
643
-7407
644
-7409
645
-7411
646
-7413
647
-7415
648
-7417
649
-7419
650
-7421
651
-7423
652
-7425
653
-7427
654
-7429
655
-7431
656
-7433
657
-7435
658
-7437
659
-7439
660
-7441
661
-7443
662
-7445
663
-7447
664
-7449
665
-7451
666
-7453
667
-7455
668
-7457
669
-7459
670
-7461
671
-7463
672
-7465
673
-7467
674
-7469
675
-7471
676
-7473
677
-7475
678
-7477
679
-7479
680
-7481
681
-7483
682
-7485
683
-7487
684
-7489
685
-7491
686
-7493
687
-7495
688
-7497
689
-7499
690
-7501
691
-7503
692
-7505
693
-7507
694
-7509
695
-7511
696
-7513
697
-7515
698
-7517
699
-7519
700
-7521
701
-7523
702
-7525
703
-7527
704
-7529
705
-7531
706
-7533
707
-7535
708
-7537
709
-7539
710
-7541
711
-7543
712
-7545
713
-7547
714
-7549
715
-7551
716
-7553
717
-7555
718
-7557
719
-7559
720
-7561
721
-7563
722
-7565
723
-7567
724
-7569
725
-7571
726
-7573
727
-7575
728
-7577
729
-7579
730
-7581
731
-7583
732
-7585
733
-7587
734
-7589
735
-7591
736
-7593
737
-7595
738
-7597
739
-7599
740
-7601
741
-7603
742
-7605
743
-7607
744
-7609
745
-7611
746
-7613
747
-7615
748
-7617
749
-7619
750
-7621
751
-7623
752
-7625
753
-7627
754
-7629
755
-7631
756
-7633
757
-7635
758
-7637
759
-7639
760
-7641
761
-7643
762
-7645
763
-7647
764
-7649
765
-7651
766
-7653
767
-7655
768
-7657
769
-7659
770
-7661
771
-7663
772
-7665
773
-7667
774
-7669
775
-7671
776
-7673
777
-7675
778
-7677
779
-7679
780
-7681
781
-7683
782
-7685
783
-7687
784
-7689
785
-7691
786
-7693
787
-7695
788
-7697
789
-7699
790
-7701
791
-7703
792
-7705
793
-7707
794
-7709
795
-7711
796
-7713
797
-7715
798
-7717
799
-7719
800
-7721
801
-7723
802
-7725
803
-7727
804
-7729
805
-7731
806
-7733
807
-7735
808
-7737
809
-7739
810
-7741
811
-7743
812
-7745
813
-7747
814
-7749
815
-7751
816
-7753
817
-7755
818
-7757
819
-7759
820
-7761
821
-7763
822
-7765
823
-7767
824
-7769
825
-7771
826
-7773
827
-7775
828
-7777
829
-7779
830
-7781
831
-7783
832
-7785
833
-7787
834
-7789
835
-7791
836
-7793
837
-7795
838
-7797
839
-7799
840
-7801
841
-7803
842
-7805
843
-7807
844
-7809
845
-7811
846
-7813
847
-7815
848
-7817
849
-7819
850
-7821
851
-7823
852
-7825
853
-7827
854
-7829
855
-7831
856
-7833
857
-7835
858
-7837
859
-7839
860
-7841
861
-7843
862
-7845
863
-7847
864
-7849
865
-7851
866
-7853
867
-7855
868
-7857
869
-7859
870
-7861
871
-7863
872
-7865
873
-7867
874
-7869
875
-7871
876
-7873
877
-7875
878
-7877
879
-7879
880
-7881
881
-7883
882
-7885
883
-7887
884
-7889
885
-7891
886
-7893
887
-7895
888
-7897
889
-7899
890
-7901
891
-7903
892
-7905
893
-7907
894
-7909
895
-7911
896
-7913
897
-7915
898
-7917
899
-7919
900
-7921
901
-7923
902
-7925
903
-7927
904
-7929
905
-7931
906
-7933
907
-7935
908
-7937
909
-7939
910
-7941
911
-7943
912
-7945
913
-7947
914
-7949
915
-7951
916
-7953
917
-7955
918
-7957
919
-7959
920
-7961
921
-7963
922
-7965
923
-7967
924
-7969
925
-7971
926
-7973
927
-7975
928
-7977
929
-7979
930
-7981
931
-7983
932
-7985
933
-7987
934
-7989
935
-7991
936
-7993
937
-7995
938
-7997
939
-7999
940
-8001
941
-8003
942
-8005
943
-8007
944
-8009
945
-8011
946
-8013
947
-8015
948
-8017
949
-8019
950
-8021
951
-8023
952
-8025
953
-8027
954
-8029
955
-8031
956
-8033
957
-8035
958
-8037
959
-8039
960
-8041
961
-8043
962
-8045
963
-8047
964
-8049
965
-8051
966
-8053
967
-8055
968
-8057
969
-8059
970
-8061
971
-8063
972
-8065
973
-8067
974
-8069
975
-8071
976
-8073
977
-8075
978
-8077
979
-8079
980
-8081
981
-8083
982
-8085
983
-8087
984
-8089
985
-8091
986
-8093
987
-8095
988
-8097
989
-8099
990
-8101
991
-8103
992
-8105
993
-8107
994
-8109
995
-8111
996
-8113
997
-8115
998
-8117
999
-8119
1000
-8121
1001
-8123
1002
-8125
1003
-8127
1004
-8129
1005
-8131
1006
-8133
1007
-8135
1008
-8137
1009
-8139
1010
-8141
1011
-8143
1012
-8145
1013
-8147
1014
-8149
1015
-8151
1016
-8153
1017
-8155
1018
-8157
1019
-8159
1020
-8161
1021
-8163
1022
-8165
1023
-8167
1024
-8169
1025
-8171
1026
-8173
1027
-8175
1028
-8177
1029
-8179
1030
-8181
1031
-8183
1032
-8185
1033
-8187
1034
-8189
1035
-8191
1036
-8193
1037
-8195
1038
-8197
1039
-8199
1040
-8201
1041
-8203
1042
-8205
1043
-8207
1044
-8209
1045
-8211
1046
-8213
1047
-8215
1048
-8217
1049
-8219
1050
-8221
1051
-8223
1052
-8225
1053
-8227
1054
-8229
1055
-8231
1056
-8233
1057
-8235
1058
-8237
1059
-8239
1060
-8241
1061
-8243
1062
-8245
1063
-8247
1064
-8249
1065
-8251
1066
-8253
1067
-8255
1068
-8257
1069
-8259
1070
-8261
1071
-8263
1072
-8265
1073
-8267
1074
-8269
1075
-8271
1076
-8273
1077
-8275
1078
-8277
1079
-8279
1080
-8281
1081
-8283
1082
-8285
1083
-8287
1084
-8289
1085
-8291
1086
-8293
1087
-8295
1088
-8297
1089
-8299
1090
-8301
1091
-8303
1092
-8305
1093
-8307
1094
-8309
1095
-8311
1096
-8313
1097
-8315
1098
-8317
1099
-8319
1100
-8321
1101
-8323
1102
-8325
1103
-8327
1104
-8329
1105
-8331
1106
-8333
1107
-8335
1108
-8337
1109
-8339
1110
-8341
1111
-8343
1112
-8345
1113
-8347
1114
-8349
1115
-8351
1116
-8353
1117
-8355
1118
-8357
1119
-8359
1120
-8361
1121
-8363
1122
-8365
1123
-8367
1124
-8369
1125
-8371
1126
-8373
1127
-8375
1128
-8377
1129
-8379
1130
-8381
1131
-8383
1132
-8385
1133
-8387
1134
-8389
1135
-8391
1136
-8393
1137
-8395
1138
-8397
1139
-8399
1140
-8401
1141
-8403
1142
-8405
1143
-8407
1144
-8409
1145
-8411
1146
-8413
1147
-8415
1148
-8417
1149
-8419
1150
-8421
1151
-8423
1152
-8425
1153
-8427
1154
-8429
1155
-8431
1156
-8433
1157
-8435
1158
-8437
1159
-8439
1160
-8441
1161
-8443
1162
-8445
1163
-8447
1164
-8449
1165
-8451
1166
-8453
1167
-8455
1168
-8457
1169
-8459
1170
-8461
1171
-8463
1172
-8465
1173
-8467
1174
-8469
1175
-8471
1176
-8473
1177
-8475
1178
-8477
1179
-8479
1180
-8481
1181
-8483
1182
-8485
1183
-8487
1184
-8489
1185
-8491
1186
-8493
1187
-8495
1188
-8497
1189
-8499
1190
-8501
1191
-8503
1192
-8505
1193
-8507
1194
-8509
1195
-8511
1196
-8513
1197
-8515
1198
-8517
1199
-8519
1200
-8521
1201
-8523
1202
-8525
1203
-8527
1204
-8529
1205
-8531
1206
-8533
1207
-8535
1208
-8537
1209
-8539
1210
-8541
1211
-8543
1212
-8545
1213
-8547
1214
-8549
1215
-8551
1216
-8553
1217
-8555
1218
-8557
1219
-8559
1220
-8561
1221
-8563
1222
-8565
1223
-8567
1224
-8569
1225
-8571
1226
-8573
1227
-8575
1228
-8577
1229
-8579
1230
-8581
1231
-8583
1232
-8585
1233
-8587
1234
-8589
1235
-8591
1236
-8593
1237
-8595
1238
-8597
1239
-8599
1240
-8601
1241
-8603
1242
-8605
1243
-8607
1244
-8609
1245
-8611
1246
-8613
1247
-8615
1248
-8617
1249
-8619
1250
-8621
1251
-8623
1252
-8625
1253
-8627
1254
-8629
1255
-8631
1256
-8633
1257
-8635
1258
-8637
1259
-8639
1260
-8641
1261
-8643
1262
-8645
1263
-8647
1264
-8649
1265
-8651
1266
-8653
1267
-8655
1268
-8657
1269
-8659
1270
-8661
1271
-8663
1272
-8665
1273
-8667
1274
-8669
1275
-8671
1276
-8673
1277
-8675
1278
-8677
1279
-8679
1280
-8681
1281
-8683
1282
-8685
1283
-8687
1284
-8689
1285
-8691
1286
-8693
1287
-8695
1288
-8697
1289
-8699
1290
-8701
1291
-8703
1292
-8705
1293
