10000
31883
11368
13318
122
13920
13146
20249
14280
11815
19760
28502
14871
31081
800
23463
19194
17532
10994
16969
4364
18335
22464
30334
11478
4679
18426
13954
14067
8371
29868
3521
26993
28614
9732
10055
30843
790
12559
9336
24117
4417
17091
19457
7656
19072
23618
9486
16991
28030
25693
21182
7057
7786
29271
17363
32640
13386
13804
2735
4704
28819
8338
29052
23036
21751
13311
7850
8278
2943
6635
23966
27021
5337
26903
24488
260
12531
15246
2358
25025
13769
31275
8008
32275
18555
347
26916
10872
11426
804
6731
12221
7652
19047
6315
18535
26566
17250
29462
3410
12226
28024
7155
5528
9626
6709
15412
19892
3563
7565
12936
18920
23301
21348
4817
6108
18426
7764
14808
21383
10741
17322
18751
850
27597
18609
8120
32635
26586
13620
8565
26808
5128
24382
25824
29214
13353
9252
6027
576
1680
12997
12138
28571
7899
19217
15424
23602
25360
5832
27991
29813
24300
32644
8052
5479
24951
9722
1802
7680
6364
24189
19118
28624
8312
22212
8651
25318
13617
18668
19351
12528
1033
24512
29253
7076
18162
12345
20093
21086
9189
27713
7945
23306
558
12988
18641
580
18954
8393
13065
5822
17011
2117
13225
29666
315
28562
8221
8121
8536
16022
22078
12
13183
15622
20866
27337
7412
17892
8303
5543
22688
21574
20054
10509
20068
19802
5437
31281
13485
11175
27677
12413
12360
28565
17742
23094
9848
31024
4415
13407
30022
12073
22890
10715
1561
5917
1927
19923
28294
17178
11520
21847
4969
14432
24230
21576
565
13156
30882
16757
29832
27931
24238
1540
12803
17780
3205
7188
17496
30503
2711
160
12708
14509
6914
31910
12544
28303
12990
2441
3410
21220
4887
21685
10858
13845
5985
9857
24650
15588
2791
12377
8388
16301
6948
1564
6987
12011
14902
18115
21251
8445
1423
14404
23322
27947
1262
23221
11611
30692
21901
14005
20224
5193
5532
27400
14280
7920
9199
15745
12106
13793
2036
13093
5257
12773
5607
29581
17352
17665
9033
31628
3744
25149
24462
25362
31311
21161
9494
14928
14419
7074
22110
16925
3384
6738
7032
921
6574
30838
5048
2832
14814
24164
20401
18977
28414
1612
10079
25887
1827
5310
16550
28599
30551
23148
23035
23763
7148
25394
11618
9663
21264
30291
32664
27786
9633
27654
12177
7600
29250
31793
23077
21749
20142
27252
26118
2452
4940
13161
3061
17817
17668
7978
12085
27788
20818
23828
6720
21839
20632
3275
29626
15177
17081
22654
32675
19141
31203
1133
208
19604
10156
6056
20124
13562
16481
537
29403
6600
10394
25540
25615
21445
24850
22862
12255
20306
9398
29116
10692
20558
11516
12670
29190
11576
4214
18092
26855
17811
28583
21135
25117
14223
25621
27747
11398
6373
26015
16731
16920
14083
6673
30182
13335
8809
17142
11313
10122
2387
15790
21485
30191
9624
18880
10066
17966
16850
2417
31076
12748
6591
28821
14709
19041
6631
5541
20459
4940
17023
6418
14403
17317
12686
5849
31830
25715
6222
22104
29915
7967
8149
11359
29486
20521
244
17291
14416
12826
21344
16079
23854
13498
22543
27220
4134
21634
17125
28291
19399
1620
18320
14688
27352
2922
28081
4633
15772
16781
28732
2782
1109
17287
11297
17652
29447
28122
25132
15109
8830
7090
20521
1467
4754
12313
25933
20109
8618
16234
5585
25816
7551
27912
4576
10545
20771
20815
25523
17146
13377
31691
14587
21555
8102
26024
23423
8083
11008
26730
7430
21719
6118
3295
14967
30555
28185
18001
31295
4839
11530
28159
2547
13003
13980
4815
24374
20270
22314
28989
8158
9379
3788
10135
21842
10749
32726
31340
28470
6245
9890
15682
22859
14761
16016
13191
10384
28887
30794
32202
9134
12555
25933
26411
10898
22149
15525
10000
16732
5630
23799
27418
17016
30268
12229
15704
31754
2021
20974
6842
15504
20369
9588
19912
4803
5666
12418
24979
17597
4952
28078
16620
16993
9888
29051
21973
5880
4653
2338
15669
7704
27722
13970
25296
32714
15087
11701
6517
14315
28050
14069
889
11475
10559
6911
24421
6453
6891
31686
3308
19782
17414
16075
24096
2850
30031
27805
2277
619
27628
10651
19621
12083
17594
11265
8261
8220
14818
21283
31832
26557
24237
17395
5523
15688
19865
11977
7041
4202
31916
8804
20344
5235
11272
4140
1996
1719
8896
26041
29506
13364
11754
24473
12488
629
5621
31054
3939
32694
32317
7831
2664
15944
25309
497
21999
32567
10436
15452
3973
28715
29708
6754
26401
140
14471
14934
21594
4585
14490
24538
11222
1947
26190
8355
10502
31141
23204
20097
16400
3807
22313
17049
19469
16980
1483
28149
28021
6120
27371
21312
11479
1086
15795
19914
13774
3032
6826
18899
15920
23936
17541
20997
28040
27623
26433
5698
22727
19085
4462
20384
26166
20960
22478
9650
11695
20136
22302
30986
10509
16546
2100
14075
18657
27755
6730
6820
16743
17568
18330
32553
9144
28228
22571
10052
5952
25698
18154
7677
18291
32499
15612
5301
22972
24833
22355
25193
32694
4621
27263
2101
31135
18095
14535
24343
7434
7292
20089
21238
13267
19756
30846
20195
18264
7421
2353
16030
11238
2130
24434
18780
24690
29856
25589
10695
5770
26762
28896
18247
30347
3915
22422
29824
29715
2901
30925
30492
18105
23607
8935
15562
23292
23492
10879
24966
20346
5746
28994
27420
21091
768
20224
24039
29484
23900
4354
3807
15496
10435
927
22227
10900
7466
14858
2802
20817
989
2158
24208
18264
18278
25661
4647
10441
15024
7877
5020
18053
23404
11780
29636
21917
5044
30653
21799
13066
16110
21195
14340
3998
30196
12982
18325
6202
26226
12676
3219
28226
14735
27601
10493
1102
19919
25378
278
13090
18487
23159
30125
6881
16563
24863
5024
9341
3510
32720
23715
14194
29472
15351
3390
30644
14436
25933
1045
8165
27114
25003
11884
19404
18866
27423
7658
18179
13115
29759
11165
13295
30371
9917
19519
7925
28431
12348
31160
20971
22605
20834
21987
31693
10168
25391
27285
178
27740
18061
10972
1534
31323
29224
6532
3800
26000
4735
14560
15583
3953
28732
10183
2328
19514
4288
4060
2347
25416
17667
18706
5328
28354
6811
22128
24452
24191
25370
8210
23168
8740
17821
3697
29419
16013
3746
27364
79
21103
12826
10598
30538
20027
13248
32665
13446
25413
27048
27915
29674
28197
19739
6328
18450
24669
19874
10193
9725
27965
23137
29116
22790
32260
5542
13660
29462
12616
26306
13202
3351
27032
24088
21252
27564
12127
8051
12573
23583
27147
18077
17493
23963
13423
31277
29618
27291
20582
8352
18318
30370
32186
27563
6044
29741
14404
11728
23078
30437
8532
11824
30872
17946
6227
28320
19778
29549
18086
6142
11866
18892
8918
198
10816
10404
12014
480
22790
8017
30245
3516
26416
23770
3517
15777
15800
18395
7467
18754
27478
21186
12664
7315
13054
24638
24551
32730
25513
19445
31704
1545
23896
27510
25580
13643
26454
7022
10858
7645
15294
11550
7394
21279
27710
18444
28432
31467
1050
5113
3330
26405
2932
16148
22653
28051
20426
13421
21918
29167
5568
5804
2749
22075
6176
21251
6038
17749
30751
24673
18347
3019
738
32489
9188
29424
28736
2978
18297
21040
32458
15472
31761
19104
4360
22595
24876
24793
12294
16270
8894
26887
5903
22779
796
31037
11449
13917
15388
22028
3362
1509
31608
3411
2424
9114
32372
13144
16575
24323
4289
30232
13774
18726
29344
31452
1691
7863
27211
14861
10425
8841
1168
19785
20255
31816
18623
25526
23851
28522
25542
20631
2791
32355
3739
26653
7818
19992
13274
7807
24386
23959
6320
7501
9520
26117
3319
17153
10932
30423
26274
16599
748
8774
19548
19166
22903
19964
4972
3663
24447
31764
13532
25118
2550
8257
7642
26064
1311
21837
24414
652
337
1734
269
628
15608
25332
31582
12854
28636
10509
7419
16605
31654
10156
24426
20974
1440
32640
28396
30128
23996
32321
27045
31691
22232
9705
6654
21524
29760
13344
12360
29096
4212
15864
16290
25656
24876
13274
540
7075
31898
25025
10268
2506
17391
16293
14081
5792
22304
9787
15111
6784
30186
15323
20586
21188
29204
11713
18383
1171
5876
2425
27103
16890
10804
19093
7733
1342
27094
28833
31098
5745
11126
12633
30414
28484
207
6937
24682
4380
1409
15252
11140
360
14866
7881
19315
24625
4146
14899
16404
19698
3139
6208
25452
3499
8216
22533
14991
11313
8957
21808
19904
32200
2808
3134
19417
18675
19279
3822
31982
32139
31818
7413
18477
13071
12346
13555
20744
24891
6586
12710
28567
1756
26421
18269
2103
13026
30633
30128
1656
9143
19626
16751
32566
28879
23977
19160
15877
29313
12406
5133
16851
23573
23300
3013
27848
15390
21101
12353
27505
22282
11061
24194
5918
4087
11987
8633
22408
21448
27245
5887
18359
14968
6884
14662
8739
21167
6672
10639
14362
19347
12621
18270
30817
28897
30006
11627
18718
11580
3760
26267
14581
1733
5419
28462
19314
18923
24100
22074
25767
22149
26094
4952
6166
17182
13747
25757
24273
19087
27318
18636
30943
14292
17114
27081
32226
17432
21096
2897
24823
6930
18189
20969
27614
31124
23586
30228
30043
6753
25648
14281
22235
25920
2996
9764
25947
5198
14623
3932
29062
17304
11809
11509
4893
7913
20007
24631
17308
8673
11811
4830
3099
7751
20875
4115
19058
31904
14500
27035
20896
27393
9216
15695
26990
28193
12613
28364
29007
2226
13617
10603
10891
27890
30427
15988
28060
27773
12348
13198
20184
6757
30701
5498
30289
21380
30770
25345
12026
8465
5944
9259
28939
10610
29851
434
27558
9041
24619
28854
20922
32498
11760
18098
28200
14788
2924
18863
17188
4150
14879
4280
14558
459
21329
18573
8034
23409
30987
12444
1981
15375
6247
25644
14434
18269
8457
17372
16588
31480
21998
4940
28772
22966
7013
7962
13476
24886
26202
32528
8829
32188
12506
18587
12022
28732
6100
17791
23319
23221
1565
714
22277
26305
4279
19462
24686
14953
26707
26291
24615
12093
1044
8693
2836
32677
27030
3721
2633
24178
13871
29437
28270
11448
19829
20513
29288
16864
20736
2489
20790
31225
17777
1908
13080
32335
2226
25122
30199
31807
32128
28961
21761
15945
4135
19480
13204
23399
30861
5352
3933
28829
23922
7648
24001
6354
15606
16433
22651
5854
15964
30369
32135
26084
20749
4227
17983
9186
15584
4326
22981
2694
1944
3597
16032
27204
21423
9503
20394
23461
7250
22048
30761
6882
29356
23584
31548
16817
8295
21938
19065
21343
21360
20896
12244
20255
14075
5085
20162
15522
7624
9915
16543
26343
8612
3166
20557
14677
23602
9329
6431
29447
7403
6679
3317
9319
16484
28197
9640
11006
3279
29070
17832
8074
14277
17439
3043
27217
31043
11116
7913
29110
20466
22026
13134
5898
23211
24318
20816
30116
27450
9590
7610
6196
13922
19639
10761
6228
17698
30807
4044
23648
2871
6316
23377
26504
18146
23428
2429
28707
3563
5398
7420
12358
11238
13625
3739
9366
13749
7380
7409
11610
30286
26518
16197
17877
6335
32231
16300
17874
13167
798
16498
24960
6310
29684
12475
23424
4175
2360
29802
7485
24317
12997
17218
10620
15917
16050
843
7476
10699
200
8824
12959
9975
3641
13190
31377
26632
24974
21031
16393
29137
31458
4704
18949
9764
20558
32560
28571
22421
8868
27762
12870
19072
2656
8196
21118
18254
20699
5673
4747
8691
27074
25900
7066
23227
8391
1095
14609
15431
20374
31170
24096
6866
12299
13407
10648
6330
7842
5110
23553
5179
24879
25949
29671
8829
17871
21898
25716
15313
11806
8188
6724
32055
23210
31831
17012
8997
2728
3918
2044
8579
17382
25285
15167
31994
22273
10551
6113
18798
29656
20566
7385
29129
25152
9970
10951
11515
13050
6684
23687
17471
31970
19851
19974
3743
31336
4927
17748
17850
6980
1635
29179
6085
24166
19832
13968
6864
2092
18352
12423
1354
2264
10648
29259
20424
10049
19706
9103
9218
17353
14338
31710
15646
18318
8095
19322
7474
5093
26924
1635
15364
1540
28496
1462
4884
25342
3619
29496
10972
16373
14994
4915
3414
14986
10500
24705
16831
5529
18238
12006
13723
3620
3459
18339
14073
31884
27392
13383
25592
5639
20840
11209
13194
25166
9180
21972
31608
14742
3341
22626
6054
24258
164
25484
5785
2519
27618
12192
3894
30384
22915
8565
972
19443
3305
2299
30293
28227
22646
11798
4601
5047
13114
8109
3540
11147
20942
30974
11513
28182
18047
4404
32695
10492
27823
18747
18971
7077
9081
27603
13237
30702
7060
21475
9375
23326
15482
19728
29628
21275
25801
25231
19006
17374
2537
4151
24683
16676
31471
2523
30624
12390
19137
3286
13718
18188
9595
28647
17636
14558
5394
25920
24261
10939
31032
8921
8732
15757
13951
25866
23477
17788
24768
32601
9166
354
25790
28561
29910
26239
29959
10004
8052
21615
15899
32369
16331
17752
9680
1849
6141
20072
6645
12303
29677
1151
12854
28415
31306
6440
10559
26129
3785
17358
28965
13853
10673
19245
26369
29664
18589
17158
27102
29520
23677
21015
22741
23853
22751
5194
15478
17113
18541
27949
8042
9321
2742
24226
23127
7420
7985
14296
22276
10571
8574
12409
3774
15490
23280
17445
18426
5967
3401
25120
22331
5432
23236
17735
26422
25649
28505
2121
3124
23150
20284
18963
9913
24182
28327
30348
22883
5497
30425
1923
5652
19427
23647
20965
1620
19505
10898
13108
21232
6147
10337
13108
3815
14195
14928
28136
18823
4774
9665
22972
3028
2464
6514
15876
17705
15965
8008
28069
27426
17693
23371
6674
20664
12031
15345
21115
30894
8913
32671
833
26413
30759
13165
2476
13995
2218
3882
12256
29713
11187
21152
9485
1564
4121
2072
17895
9219
26695
20513
18774
8027
7313
6798
9582
1336
30664
28862
16545
23190
523
13600
17203
30711
32225
31733
7407
18509
15237
24920
4889
28441
13953
124
27299
6613
12670
28726
675
144
17499
26811
29445
23000
4220
30378
893
17884
3941
24397
3776
29906
12167
6684
9716
3223
13145
898
2149
4501
1707
11492
17273
22250
32312
28128
3814
14791
13690
6866
14626
11285
32450
1181
14364
21087
6535
9640
12841
14572
8958
8230
4929
25643
29932
29083
619
16469
26297
32667
19318
13389
9413
25045
4330
23499
4607
3409
23102
11449
26547
17654
21067
3037
1955
29519
18945
5305
13402
20879
21337
6319
9149
32722
2186
6505
8163
29349
21376
17016
10790
22985
18826
9787
21626
25652
28499
16899
17662
1369
30995
3444
6097
8105
23302
6447
4903
14426
15902
174
24988
6247
11509
13166
18120
32472
3333
22868
531
18499
14363
22090
21450
12179
18953
12585
22643
3080
30363
25051
11870
12415
31693
19137
6525
20468
1083
24914
6517
2885
3545
18949
9717
3128
10468
27505
1351
20928
8985
15539
28965
4476
29476
21265
32205
21121
30811
29405
30552
9561
25260
10139
10567
7499
22228
10086
17503
28381
8914
1423
22199
22424
5788
30856
2575
13067
21776
14080
7267
24851
12589
12368
18112
24921
27523
9238
1623
18459
25576
23839
31696
28720
4973
5003
21728
3654
25233
14891
29726
2415
12212
15150
19218
15580
6606
26621
6799
1767
25440
8291
3395
18775
427
29937
24717
16096
11297
18593
3982
18922
25
13753
13443
8340
3270
14834
5202
31223
23402
28122
2146
8367
18375
19319
15024
3736
15574
18477
26656
30165
10684
17889
7441
23319
17146
8031
8243
9499
25572
21497
32669
17781
9300
5745
29722
24205
30367
17178
3780
2791
25032
313
25813
10663
11252
5041
11705
21588
2334
7392
1896
25052
8716
22980
21746
6872
1922
6242
27483
786
26037
28008
170
23620
3074
27921
4413
17955
7392
27465
12127
8092
31252
1810
28957
3422
16676
1318
28757
18840
27661
15837
4367
8452
27192
8786
528
16676
17835
7361
11181
15308
10365
20532
222
25568
22156
31583
26259
26463
28530
712
9547
19104
3252
26155
6370
10460
4157
9500
4778
24045
14091
22254
8638
32085
17449
31188
13715
14978
22493
15686
20176
9809
18210
19366
12896
26064
1880
22308
21189
17992
571
28127
25519
21115
26130
22860
19405
19754
17960
3292
26851
13530
8064
26585
23069
13528
5573
20113
17571
10107
31872
24247
18029
3497
142
17158
2905
8092
1488
27175
14458
23270
3364
9429
8627
12723
13972
28479
32133
16207
13262
27054
2854
9704
16084
17511
24275
31124
26869
8915
18534
23702
22012
14813
2091
12509
14247
11676
17904
717
7515
29234
32347
4418
27669
13300
23169
5842
4772
2763
9651
14419
19990
31961
21915
15517
4720
5216
22665
29073
27554
3296
7687
25179
27321
23424
3507
17139
29527
5807
24654
13546
32096
267
3856
18787
7927
15234
19774
25696
29353
25271
16383
25919
11751
7079
26732
14468
31674
21388
29670
14040
28594
14082
26284
30034
9504
9320
21676
27382
24196
7561
7322
3963
14665
31867
22848
22354
18864
28616
32021
12515
13067
460
19472
26394
4139
12126
10174
3362
16411
20915
24979
22384
27407
24446
1918
1540
21399
18780
24255
17387
18456
30064
253
8201
18557
7754
20371
789
13354
6414
12588
18149
5169
18130
19855
21228
21961
13639
15292
25089
2300
12956
22071
21857
30623
22687
10660
14584
10375
21286
12692
23772
8954
26029
22431
10267
1636
29760
26803
2230
19019
5020
29867
9453
14981
25745
19491
12733
937
16042
4235
4776
25539
28176
2683
9908
21324
2220
14918
26294
14937
7820
22226
14544
1554
18824
11943
7481
12902
24613
8005
6204
7165
20409
5819
32132
11886
25040
21365
150
17075
28879
22102
11935
16858
20439
15111
13680
24572
27116
27278
7111
883
23639
23586
20176
11336
4168
22589
10475
28651
6080
29172
21936
23847
20910
10884
14128
23636
6489
29485
12414
24527
1277
323
31087
30887
30649
10370
24477
9113
2728
12194
6322
25151
4431
21291
2531
29828
15671
27275
10426
18011
9434
25445
22809
26033
12740
1837
27772
5279
14834
16114
9854
19429
18558
18810
27295
16788
22910
6036
30532
18442
3369
17066
20991
6435
5691
20886
18705
25006
26523
16310
11821
8478
25915
31299
11903
12674
7232
18398
27629
3000
18020
20076
15261
7133
7320
11044
11703
14855
15597
20710
17004
6967
10164
8399
28727
20105
6116
28938
24418
6830
15037
30185
32461
20380
2731
16692
21995
24708
20845
19393
14349
23045
5494
15684
15587
2207
30356
26217
8767
25450
15823
8480
31517
3848
9364
2872
20449
3288
5907
20272
5087
27244
30181
28490
5152
1342
6898
18144
17251
13982
9618
13819
1891
31727
20978
11042
27480
28435
24506
32624
23488
8996
19436
22762
20319
14693
25103
1807
389
17016
26766
3504
8591
16337
27739
20993
7088
22890
28631
7665
24306
7096
246
28087
17527
20959
31390
15277
31749
20514
30033
15970
8642
17053
11020
19690
24891
21558
21103
23929
18859
16849
13597
21041
14203
11715
1382
2103
30469
18313
14116
23820
1181
7099
24546
7707
3538
8251
25156
5774
6129
20658
26787
12134
28619
28477
29431
21963
18104
15715
31738
7072
8412
16715
31114
18011
30889
27435
15439
16404
15269
12036
29343
7899
1134
26253
21150
13903
13819
3948
12202
26477
23588
14764
32502
8869
30053
14956
3956
20531
2527
30420
30969
4780
13215
23374
1692
6103
31779
21234
8287
27583
13082
21313
30737
518
8812
20503
32114
27004
17274
11227
23961
24048
22951
30713
4499
11335
5655
6546
16461
7371
10423
9842
30643
22469
25213
3650
282
30797
19697
25598
21723
16737
23276
23466
28993
10549
5791
20545
6310
11978
28888
26095
15064
11714
5505
7295
3522
9331
26985
26135
6472
8250
5448
5667
14962
17425
16893
15503
25037
7524
27161
16697
4366
15137
25761
21414
23545
15119
3344
756
28801
16736
11420
4623
27185
3721
2234
23592
29898
10065
15076
23907
558
17192
13722
13264
6012
29883
6823
11421
30077
16581
18085
12682
8255
5928
13763
10908
2559
25148
9670
10262
25932
8295
6478
26789
25194
15342
8283
4059
23541
5386
2575
8414
14022
29247
25526
4450
31003
19177
26883
2260
23793
8216
18844
8152
25013
22429
26586
13302
8476
19813
29897
9104
27472
3846
3447
1560
28236
30104
15723
13440
27785
4550
2675
13809
18138
7716
28067
25791
23956
27588
23962
24477
3315
32004
19975
6925
18617
17065
18540
10011
6936
12082
546
32075
2770
5222
5022
27344
11423
32560
13554
27390
25551
1452
9110
1538
5680
15234
5481
2001
22322
16499
23795
9054
20041
7473
8941
22032
23699
25204
22787
8051
17851
15946
18904
24878
24605
31662
27211
31541
4139
8285
20473
30783
4879
7397
28930
24187
23698
17151
4369
30846
3132
30238
32662
10880
15804
19016
2902
10185
14475
1317
20262
7270
17101
13654
15347
7968
7032
21511
1030
32687
24503
9416
19334
17706
24465
18328
16959
28866
9670
12611
2721
22704
14073
32239
4620
12140
19476
20977
15947
2848
3049
15589
5214
348
2069
21245
15484
11019
298
28825
1880
9382
13837
23576
22692
24231
17052
14830
6867
21057
20884
1783
8228
28238
9650
3340
5340
20617
15897
1491
26322
7933
6644
24539
17969
5565
24412
23016
9082
7382
27004
26763
20168
31362
499
6646
7256
30110
18809
27663
12872
31838
5062
18627
25503
9024
15024
7325
15502
4158
11411
15255
9206
9800
14837
2096
13865
1265
26218
4286
15605
12393
16566
5894
26847
30123
1586
13834
12204
24311
5489
6690
29734
19587
29730
32590
23324
1390
27704
27083
29099
21749
1097
19684
2236
2025
22324
5131
27086
24160
3847
16936
18678
17836
1824
6961
6179
28297
22930
3067
8103
5018
23498
17488
32755
1047
20082
14145
162
18112
17557
30141
20666
26901
1540
5987
7214
20168
28921
9621
6823
5491
7931
15566
31619
24711
20737
22581
21278
8580
26330
31602
27985
12400
26060
11968
10553
18562
21116
323
16954
15646
25101
1437
10819
31494
18060
31932
22867
10702
6796
8949
13884
400
12301
21335
31911
10466
18083
30009
17496
12037
27860
26646
3507
30303
4289
24987
30591
9003
1033
29181
491
25200
30442
8848
718
7471
11945
25238
12083
27617
31540
13908
24085
24097
12295
23660
26727
27301
9292
23910
19032
7026
32326
14736
27092
19024
19951
10504
9806
380
15072
8727
5565
21662
18802
6592
4836
17914
31523
12953
215
3050
20027
19930
26555
19084
24751
12980
20173
5560
14917
16356
30630
20277
505
23431
24253
13612
8863
5424
9517
13532
8907
11832
18360
21904
13294
31829
18188
20430
15553
23150
9542
9426
25319
7086
23733
19003
22478
13528
13280
15875
27862
4058
4810
5812
12981
15780
15732
25561
10266
31290
6052
29363
15248
14088
21989
19246
9381
8055
16335
30995
22604
19389
26504
30079
7297
5625
31371
17556
32555
17791
4008
7022
13382
1136
5708
8793
8001
21391
19203
10049
2981
28751
21819
21610
22776
24881
29259
16225
7649
7244
20916
25650
1677
31789
1702
24795
29264
30434
12998
1281
5264
19282
20014
2530
7391
6352
12469
1675
10855
5359
16497
29770
3723
21399
27003
22375
8907
21848
17138
24591
13800
20479
1347
6033
21577
25959
13735
28109
28574
15506
10989
15080
10691
12536
20345
2373
18151
3103
17549
15281
2797
32108
19143
25566
1554
17465
5099
23827
5329
16424
25059
32545
5892
23478
5892
32153
8779
1299
7059
18236
13233
10545
15496
31155
9357
25882
26513
15745
26279
24968
26714
7733
19356
3247
2828
13028
23428
9822
18452
10966
32465
21062
23845
4736
32634
9369
30592
25778
9562
23768
21363
15378
29139
17126
29983
14537
16054
23136
24191
28284
17511
24625
26278
28286
19260
18016
5704
16964
3111
8749
11644
27161
1173
16477
14016
13330
16789
21458
19262
32581
26173
29278
27726
16182
29001
21465
5691
21394
1542
1905
28746
2080
15471
4930
15864
20724
15509
12839
30084
5862
10564
9167
8109
10306
7651
17171
25789
8641
17308
22150
27334
25528
16829
20302
26924
26512
3422
27187
5475
2422
23621
26358
19706
6739
16134
18916
8409
19967
9838
23466
9671
22962
22562
23403
11823
22203
5764
5904
20771
15732
32726
24032
25249
3189
26786
336
16661
28680
13657
22556
7200
32221
30522
30614
6296
22783
20597
5950
30160
20999
25489
21140
6169
22416
21003
15658
7304
19178
3648
31997
23034
3347
1164
24325
29526
22498
24500
6667
24338
14214
27777
13243
2041
14383
24750
15354
27435
7179
2309
21114
22373
11636
8900
10891
12674
360
25669
308
25154
15929
30942
14722
20811
14981
29703
4896
4461
2153
32698
12072
8746
16626
18976
22329
27254
9172
30313
15050
20667
24415
5371
5821
5152
5294
26320
31543
19211
27682
28697
9136
10980
19983
7720
5446
32029
5044
1164
30551
25967
17521
30078
23118
23910
13108
31100
24765
2335
4149
27187
32429
18769
17123
13474
17202
11914
8221
1661
24642
12731
20646
27343
25798
22007
31699
6628
23794
6008
2695
102
19666
19427
5729
16838
14630
22476
22836
14813
12912
23933
12472
16852
5707
18675
2687
15425
31486
23850
19498
11410
31057
9883
3036
23983
18592
30466
11503
23515
24877
20068
13542
17883
6330
21841
27811
14683
27992
19559
8667
24205
29306
5399
7366
22291
5197
14252
7707
5151
9548
2696
31035
22489
27151
24241
7852
26113
5987
21901
10954
10197
30368
17386
19641
18229
9271
17985
6558
1285
7307
27196
8207
20179
2818
4469
20424
22457
3931
29057
2463
14469
27970
21805
27578
23320
23073
775
11775
13580
23866
27937
8908
5530
30195
3601
12264
2746
31856
5948
21434
8587
28775
21589
2745
1526
10800
26656
10532
17806
8732
18044
31987
14779
16904
4000
19469
23832
30002
12453
699
4121
27211
27973
9821
4337
15309
14050
24668
10931
29326
29897
13663
24503
5782
8633
15554
4927
16941
25247
27716
30298
27449
31396
19455
15369
22215
16489
9886
22689
27368
30865
2506
20592
21182
14721
10981
22947
10454
15459
1019
21863
7096
16241
15605
25679
16573
23920
13584
6646
2337
32378
16526
5093
3417
17921
28332
30647
8871
8721
27603
7291
28395
24533
21522
25433
28348
26973
2508
889
8631
4254
25774
19744
20759
3003
19684
10268
9351
1667
5773
20835
31028
27962
12652
7159
12069
21660
224
14604
24783
8991
28694
19309
14564
24441
5757
18972
23149
18530
122
30264
3864
6555
28766
26660
12243
8751
11157
30694
31641
4089
10271
1229
20620
5222
11845
24663
31557
18044
17028
24657
4200
26139
27598
23616
1147
25731
10738
6656
30200
22039
12376
28075
23968
12641
14577
4285
6419
32597
878
29813
926
24794
21680
4990
4436
3462
2688
1742
8288
12201
6017
25039
29849
16782
31586
6588
4439
20477
2904
31822
25989
17924
7884
31129
32248
9720
29777
17712
12799
21430
25304
4752
32316
21550
11047
28860
434
9763
32135
2340
20766
6188
1981
17867
5259
16383
7996
8873
8993
30446
23449
11855
4414
32690
13631
32201
25800
14696
31844
6088
25537
985
15420
6913
12571
14590
24172
9168
11214
24516
8897
13601
17449
31756
16162
10384
15205
8182
15299
27087
384
8799
24476
328
9545
7848
16666
12804
2743
8633
20244
11980
23422
10310
26112
10894
26084
21073
17767
18434
24017
28657
31126
11404
13350
19281
3479
14949
30800
21499
6495
13814
30749
3927
73
23172
4558
29294
29635
8722
27757
2292
3655
17539
2657
3462
6798
12800
27199
22320
23296
3225
10723
16434
25966
25903
24512
27140
26371
16273
7796
663
25720
8677
22175
28382
19080
13130
2806
32397
25252
11707
2707
3361
32743
10038
9615
13344
30796
30238
4051
29346
15903
13535
26155
28176
11697
10448
2461
12332
25424
4189
17656
1617
11638
7269
28847
26108
28481
6369
2280
31372
1827
2247
27089
16454
3547
14638
9779
20636
420
4018
11337
17327
12716
6170
11474
19218
32199
5432
30821
27089
15973
6417
18181
28082
26818
26686
7669
3514
17244
11410
18381
20979
16042
15101
4814
10349
17931
28848
18803
19331
7421
27522
6472
23903
7311
8595
23551
23745
25881
7215
30401
22267
22570
23029
17346
31553
28354
7224
14872
29471
16321
9125
18381
9291
19104
8230
4659
16285
23135
22535
4215
16732
5310
19032
13433
18107
2480
20626
5595
23715
22285
893
21337
11187
13447
26448
7768
9606
31711
8986
9409
5940
345
18274
19727
17691
20589
26634
30887
29663
8383
3450
16488
687
5969
16634
24452
31434
10231
14430
16526
14402
11020
25833
24788
4096
31588
26988
32238
5897
12417
15278
16791
28416
18698
29968
24508
15339
22904
5745
23251
10042
4883
17232
25198
5125
14109
14384
16
26773
19021
65
1599
4390
7295
11836
30170
8171
30889
7311
19885
11859
4369
30906
30787
25483
31677
7673
19451
17476
21291
803
20830
12214
20291
16338
17328
11748
27274
27844
32709
29474
26520
25473
21783
15573
19148
8510
27925
27515
7230
20738
15549
32235
1525
16647
13420
20957
8795
18275
8693
19884
3821
23015
30961
22363
5943
23880
30039
15575
3072
28540
19533
29051
6850
12647
24381
17625
14685
21431
9514
30392
31243
27405
15941
19545
23447
20317
26043
2815
27082
2711
13778
31661
16935
6791
29236
23602
20696
2554
19594
24931
23015
9506
22349
11944
8881
19771
6873
26298
20376
12143
196
14762
18937
25335
2413
5158
16990
12932
32728
21496
8948
5341
8121
9679
1599
6345
25038
28738
1548
18479
25202
28690
30375
18044
5744
27055
25167
11845
16917
5118
22759
29230
26249
8282
26606
17674
6495
985
20145
19779
31338
26064
17087
10108
15314
22425
22686
31862
28776
14739
25788
11824
5175
29035
26792
24659
859
21914
24706
24524
21271
29231
1201
11707
16673
2767
21459
12684
11584
32250
30970
22115
20761
28047
25109
6078
10822
20627
6828
16726
19113
21038
16081
26182
768
8694
6739
21358
7097
6513
18484
282
4103
23252
26205
18399
32565
19729
12689
23750
18491
6417
7584
22701
911
3134
15837
20201
20285
1093
4561
14128
8506
18458
2609
11959
5109
29244
23054
21655
24880
20538
26700
17781
32526
23414
30037
31330
4973
12073
18702
3840
12661
8103
32011
13030
5489
22245
14079
19014
21214
6712
26486
461
10434
7519
24774
22987
28736
1732
23106
27796
22888
2303
13234
29734
27220
13724
3328
21260
29808
27934
1588
9346
29721
4163
15266
6105
3690
22154
21090
6941
8530
28147
10497
6390
6634
18438
118
19916
1286
14358
12632
30766
3595
18119
16718
26741
24576
24270
27846
13220
7399
14072
30954
3475
24397
7534
25039
3661
31264
2103
14576
26294
27329
3838
18396
18545
12634
12822
19243
1280
882
4795
22966
10285
3262
155
19464
4521
12858
149
14351
20980
2937
12480
21783
20092
1593
11695
23546
28937
26683
23795
14224
26200
9042
16610
6509
12294
12217
14743
18124
3505
24745
22330
12742
345
26411
8578
13000
29452
30508
30839
30275
14274
17103
29309
29349
32646
16391
23438
31369
28374
27748
14791
16170
26445
813
31526
22302
17279
22960
12434
7489
2597
21974
31259
31727
23674
13050
2180
30838
9188
2299
22526
4810
17111
18832
2103
19835
19702
10204
30099
29157
2684
7747
30649
25767
19163
1659
26962
7766
19107
30694
23821
7282
12452
24607
9191
24216
26199
2515
2217
17402
20346
1490
25778
23821
9467
10853
29174
1409
30487
7395
32327
23158
6851
6527
25556
24813
1611
28004
27375
28796
24889
22276
30995
13895
19320
16556
12581
25643
8121
2396
26874
24636
13590
20439
6170
2162
25589
29686
9155
24223
21040
16961
11313
12452
19059
32192
16157
4325
8933
15375
4996
13050
30474
18353
12969
168
14568
31910
12893
31503
23912
21312
25726
15396
10240
3378
8126
11362
22927
14570
1445
16573
18056
32545
27098
21720
6227
28336
16030
30071
15856
15013
10905
12087
20446
7830
11225
13693
27451
23861
27672
30124
18476
3365
10813
27291
3967
10252
23846
17478
13199
4074
29605
14275
20584
32425
21960
2936
22316
5109
2910
13196
2230
30029
11190
4763
892
13402
31402
12974
26810
28544
22236
2666
23757
24756
23872
8839
26332
20109
26075
12164
29630
5021
15818
29593
24
12289
17029
31982
11718
6455
16997
5130
18557
15408
18020
28302
32174
26022
10533
31267
19373
1200
7988
21425
27666
31636
5262
16082
15712
29404
868
12678
28644
25260
10268
18472
31200
18002
13977
13728
5865
11807
29884
987
22158
9077
24106
14456
32314
4898
13648
12740
16988
12780
9637
20457
6852
3949
23343
15970
13904
19234
13129
29106
20937
8126
27299
11606
30216
14532
27786
9720
24925
1620
10090
5093
8241
837
2705
18881
6377
8565
4405
9082
3854
20573
32441
24954
25003
20969
12332
17441
2295
20870
10003
31602
5940
29052
12648
16140
16599
17022
21218
8796
12265
22911
21367
30994
9901
30664
5920
24529
13699
31048
8924
15659
2060
32043
29431
20172
3471
31918
1676
5877
156
17457
17481
15917
4591
653
7282
15667
14998
25257
3112
25398
31063
25416
26092
3144
32588
24869
863
7185
4048
1858
17483
4288
6047
6525
32487
16967
16184
19812
17751
8648
31878
9546
9331
3402
26560
411
16329
2993
22414
23660
28389
1261
2157
25430
16336
19057
21332
25477
726
999
14232
15372
17292
21538
15373
19067
21266
19028
27502
1460
18326
29569
28670
15098
5401
8243
4720
8523
9078
12912
8196
14064
1440
2025
31732
7506
13867
21620
24590
26383
32014
188
4258
3149
25255
24887
1950
31055
21503
22873
23288
27462
23632
16136
25164
3945
6084
4687
24519
6215
17280
23894
12355
15708
3809
20626
18099
22755
4613
28473
30402
6124
3470
24569
21175
28846
22434
13801
8348
21278
6710
17856
10911
18369
18061
23365
28344
28862
25083
25350
29068
8503
4079
23629
14482
32473
32049
10064
12148
25010
4199
936
31928
26179
990
21252
2463
26071
19591
29727
16717
18707
29248
18927
19243
26829
15701
17184
17546
28962
23879
30144
15753
31426
27852
9020
32056
20111
30486
14475
20733
1895
25176
7849
27447
1597
25479
28487
5410
27759
24414
25025
14331
4179
23716
1104
356
8211
27569
5505
9993
26300
10031
4581
3460
26513
12830
18954
22142
17317
22298
5291
6679
7593
11489
28964
20360
28674
25616
11816
10503
2335
8749
26806
26348
8713
3562
30537
26129
17211
28840
5456
28030
27573
4411
25309
32582
11852
11245
3233
12460
14660
11205
12312
19850
31776
2313
20481
19188
24505
28929
27921
19736
17550
6910
5864
17512
15195
28315
2372
26108
11245
24387
10613
817
24116
8435
30737
1175
6554
6721
19176
3082
20115
14238
25402
542
32373
984
13352
4801
21899
10723
28009
23835
11108
17368
7742
23225
23921
6974
1192
16875
14288
16009
23768
26474
24674
4064
17639
25406
30755
12579
2247
31967
26299
28973
27258
8859
1104
7766
14977
28727
5535
25148
21656
2265
20043
2756
21664
18470
19828
25691
6109
3751
18572
2434
24161
11633
22630
19337
8392
13573
7312
6298
28198
11125
10467
762
26174
28104
29016
19852
9205
16544
10270
8599
11270
21530
16873
20936
13302
16118
5260
20091
21835
13560
17354
12086
249
31885
28777
30070
18205
26546
23945
27823
18157
21522
52
19342
23279
30318
11574
31361
21866
30018
22831
9081
24859
5798
7910
28399
23080
1394
32736
4645
13146
29093
4914
4782
15238
4104
5779
25392
22348
15630
5557
15721
772
18175
7126
23920
12534
9045
9106
573
22473
4967
14587
22380
17727
31812
491
11326
2335
30178
8345
7137
3186
21880
9323
2801
10481
14120
32011
7742
21695
19169
9149
3792
13908
26756
28400
32552
13497
12101
17426
13769
22523
13397
7081
24823
3546
1214
2976
18367
9921
32398
19422
3127
7931
17719
26910
25351
2083
21814
6650
25640
9948
31475
27208
22764
6339
12520
12458
11071
5794
10502
609
23084
9959
1364
6498
6051
21588
986
24748
29561
15607
8637
6872
14256
3421
31147
22258
23033
15363
24953
10119
9847
6413
2827
20479
1990
1594
11381
23597
4156
27416
29535
22053
10350
14708
18350
3662
1782
5653
8545
10680
21876
31146
30136
27311
9939
24064
32668
26512
8910
19320
26427
9179
2738
23225
3315
16266
31589
32418
31601
12449
4263
10882
17690
15111
19864
10380
20649
6804
28282
13445
22810
4971
1977
11968
9416
23690
5672
31564
14290
6303
25742
24940
1474
20765
27233
32583
26225
10128
2001
9697
21029
12590
17161
12618
10493
12462
27313
12566
2447
8797
16823
29964
31439
20078
6223
21027
27955
21905
30264
13226
22292
27592
14913
19654
28760
13686
21261
32289
20814
31417
29971
17377
30937
9466
29160
16343
32209
15043
5313
13305
28582
19920
10292
275
10822
3944
2366
32185
8513
32494
27530
14720
26155
26291
13040
110
28227
6926
1597
12974
23377
12207
32562
17544
19413
5936
7119
31377
30301
24813
21713
13855
5175
2326
32121
26112
24392
3842
20623
28524
10044
17862
20135
9015
16864
4871
20899
4939
23243
4108
31097
23638
26180
16663
22070
14272
15200
22262
29507
27104
6507
11989
10215
24687
7305
1110
20750
5437
26013
2532
22601
2338
31082
23364
11285
27448
6905
32364
3424
16455
9530
26265
22089
7809
10221
11676
7720
20848
19395
30580
24270
31276
16833
13346
32526
32721
16870
13241
26236
25648
23821
16565
32372
20677
9749
13453
17502
28650
30270
14988
20785
26185
20694
13532
31286
151
10774
30692
28431
27008
5447
20436
30967
31709
7720
1149
16203
1325
20884
20327
13642
3139
14688
30749
5401
28732
20355
2764
3081
29620
11385
23820
31773
2106
29929
21758
30407
28160
19077
9879
21747
31703
17457
31547
4166
9051
12648
14222
16808
1387
11484
21383
26880
10973
16989
30918
25150
13679
11260
23335
11167
7424
27248
32663
24876
19712
15545
25894
4485
13861
15107
17502
20444
10335
6348
22739
10052
2319
21065
26876
21292
14708
18694
65
24870
16741
5070
3925
8174
4678
1482
26310
32679
30261
12524
16339
18279
32644
26511
18301
17398
3180
343
24545
21459
13055
26463
3012
29816
10591
11155
14448
13535
32302
12122
22975
12613
13637
7545
3189
31790
7337
15156
13010
6313
28090
21685
16232
27093
3758
18610
8747
15268
2110
30539
3015
18655
927
6193
31542
25195
25780
15373
18833
7114
21634
32032
10278
8420
20452
8998
17612
6408
3712
16001
2163
15150
22009
32403
9215
30591
3431
18284
24407
23063
9476
19109
24248
2825
9767
10123
21072
4003
32631
22145
17416
12532
24920
25503
30625
11148
16042
15519
4354
3203
17843
5626
29904
24509
25945
11086
5952
4971
12949
24323
11561
13525
16932
32046
29534
27224
19072
9653
58
20138
8718
8629
21372
4454
28057
10272
6229
196
4863
21931
19904
24743
17450
23527
18706
13022
13890
11181
18130
21667
22817
7872
32202
5480
8968
25774
26718
10964
17552
14071
14365
9736
22755
6257
10134
20006
26155
9195
7789
1044
16971
11793
23470
4989
12238
16016
6752
5401
18204
9338
25694
17967
32756
10731
1890
31064
28438
10989
24675
1157
3136
5017
28961
20547
5212
2431
29694
27710
23544
17480
25103
19716
9718
22938
8051
5900
21125
60
16867
6903
31312
3707
9611
26389
18933
14284
17432
4651
12728
19890
531
9076
15737
2018
26221
15333
10467
6054
28763
25781
999
2687
32612
10013
31592
16398
439
20829
6712
30516
23747
3327
5700
13945
17410
10847
32267
5034
29205
17771
23125
7878
30742
10152
6177
29724
5930
2934
20191
14765
22613
9364
14047
3031
22163
4582
25610
7477
28452
7286
6352
3521
19495
26554
17761
15675
32106
30485
1824
7375
4993
11423
15444
17394
28949
9513
33
19597
18047
5500
8888
14941
27541
3298
29130
29081
3012
16616
25922
214
22624
18017
1075
16937
13623
23470
5647
6027
4972
10301
29723
18049
28291
5456
3871
14076
8120
9216
32098
6525
31637
25729
9429
14462
28099
29351
21903
30990
1825
7081
26745
20155
12819
4390
13899
9908
285
19813
31415
3631
19376
3297
30691
6153
3395
261
28189
17836
15014
8244
15307
30518
403
14092
14752
9944
9863
7916
10006
29563
29903
15795
15128
16042
29926
13003
11518
25004
23806
21863
18879
15856
28637
26632
26978
11439
15850
9542
22710
4556
31880
2509
2883
5631
26530
32678
10624
19506
24967
20152
20295
17963
17657
30350
3717
23660
7552
21850
2614
11607
14853
16442
15761
6038
19867
28859
17279
13242
4768
27548
12882
4386
9221
17620
24500
14879
234
25813
8413
17237
28270
13075
23306
27237
11205
18880
30762
1993
11403
5850
5082
22527
19799
3688
29843
24553
13972
20993
9506
28788
24972
29069
16985
3448
29638
10576
20741
15327
25746
16676
12320
31498
8418
28933
31559
28016
8539
28371
29038
29832
9900
2388
13266
17386
4127
29817
28975
12209
109
10978
20787
14883
17623
2211
13363
9364
12914
841
6942
1927
28099
8984
19375
13847
20619
8599
1254
28821
25060
20815
22456
10867
5261
13007
30726
26464
16259
23283
6604
29621
1233
3686
11931
31760
6824
13926
5961
18494
10930
4807
7655
7519
15268
19771
19443
2884
22803
20944
28879
10524
28040
4282
27762
1360
726
3411
4702
19627
23723
24160
14545
27838
8550
918
18496
13699
1320
13405
24321
15936
11054
3027
23880
4526
12638
13844
27988
25947
6687
697
23530
24653
2158
158
21763
13544
559
1769
22722
4626
11456
20295
31912
12180
14292
1401
19723
31171
27263
28688
25284
8289
1677
5748
297
3262
30232
2091
20539
802
30554
10584
1824
29551
15039
10370
6867
15619
10046
407
17690
27100
14570
12849
30648
9471
11716
791
4068
28698
29908
2823
24059
23656
4984
20147
21874
19157
29947
8713
30990
30563
22633
11959
22359
21452
20642
17391
11082
30057
2734
21351
30030
6738
20048
16293
8297
2503
27870
24441
1972
21454
4687
23243
28684
13342
11414
17558
18955
7228
23855
5685
20534
10468
10487
28638
21880
1706
23104
17004
22480
2529
18725
18017
11078
32188
32283
25643
20771
28339
25289
29094
20321
29736
29978
26851
7265
15691
12432
31784
29404
25915
8667
11063
8732
21102
22698
15827
11884
9554
11201
18305
21965
31284
843
6284
19690
610
7538
16459
18510
14476
302
1190
9685
13424
4954
29399
19040
25015
525
28014
1997
7705
31271
23448
7975
712
23338
23968
13081
23820
23884
10934
16041
6698
24010
31728
25635
10891
17790
10382
10322
8218
15796
22402
28150
3054
10042
27184
17779
24361
1974
1138
25799
21280
24892
21983
23486
7356
10272
2125
22633
28448
19209
30612
4044
4491
327
5781
7895
3200
21351
9595
30616
12837
4612
7489
11950
1514
12000
29813
15617
18282
11315
8507
2480
9366
5698
31892
20555
22288
15156
27360
14147
12501
5409
28066
10910
23583
6765
644
20207
21130
26708
29595
8326
20341
31685
31979
4836
16811
27764
27438
17522
67
24107
6097
6770
18116
7264
26176
22837
15501
5133
9827
3214
2932
8124
104
21640
18862
23009
19908
27220
15087
26989
884
29061
11473
31904
4489
27008
29306
26143
23523
21293
17273
4166
12349
24307
498
15039
23914
14052
11259
13908
20445
14644
31813
4865
22383
14064
32255
29774
31325
2796
6135
32732
31120
7422
21251
6717
27170
9577
24479
26120
2077
17564
7895
14637
9862
17181
12904
31879
24730
3520
22562
10672
28759
16924
5264
23321
20030
24383
28891
8794
32344
28321
20460
6342
11895
14679
7889
24131
2494
23945
25698
31321
25955
22566
29732
21384
10932
22230
18541
12511
8792
26161
18377
31178
1240
20526
31133
10284
29790
16094
28170
8365
17340
30554
23828
25942
11951
16634
16644
22107
26469
19655
28682
30007
7486
12595
31015
24062
24784
19976
18506
27375
2349
11423
21946
13897
32360
12370
25779
28257
3413
11059
5460
12272
10385
11007
19897
23217
15042
4685
15972
5164
28192
21003
1505
27852
3381
22315
14249
23352
24800
154
19016
480
12192
12658
12475
29398
16911
21360
8988
26080
4269
23976
23169
5323
32479
13175
17441
12802
18232
28602
28600
11615
31990
28733
15661
15168
18128
13687
3442
20958
14063
27252
31405
4314
25658
10514
23445
18201
10454
20080
5662
2770
10733
29604
1368
6117
3247
24236
30356
26735
31895
32679
458
15259
26352
20038
16695
32443
3991
7037
11338
19607
25346
11134
6593
30468
10625
11239
11536
20153
32708
23098
13058
7519
14494
28303
12706
1511
3080
7813
12124
16160
14185
19582
30048
23689
29461
14092
20807
6500
24851
15526
6649
23051
22819
1952
31694
22407
13823
13914
20467
10591
2018
21431
784
8622
20551
13264
20263
12152
10995
2282
19648
15166
2101
17574
8003
12752
23661
6520
16549
12643
26827
12378
12358
3299
345
26306
2330
6539
29756
10449
17160
31410
30263
15309
9103
24552
14448
3281
8623
26945
2935
22467
16647
9713
13188
14983
10299
24857
20992
2162
30360
12513
2119
29186
7419
31687
14253
21708
15854
26679
703
18357
22805
27227
29643
14181
17865
25652
27810
9977
16642
3050
17308
26872
4730
3168
12765
25737
3343
5132
30423
15075
28265
17926
21776
24836
25054
16734
19493
422
10898
12979
13328
15215
14563
9217
7590
3944
12036
32443
7267
5040
6375
29722
23914
15986
23393
16308
12232
23828
7817
30800
25081
2993
14177
25337
6317
16586
21688
31825
716
16696
29518
11304
3767
4197
23866
22349
1233
12476
14473
17316
11070
18526
26920
633
22250
32279
18948
21780
3533
8848
367
16270
7790
31174
29894
15843
20646
14522
8016
20295
5031
2923
20586
19390
19772
14081
5345
14311
11859
11339
20384
2840
12472
7787
17803
7088
8739
29136
8362
9641
24693
5989
11914
8045
11071
10248
24032
20715
11908
21566
16240
24809
10944
31781
3629
19612
24104
938
674
32118
4916
14075
30096
28991
30811
21312
5593
10343
9501
1926
13724
20123
28743
507
29346
20886
31603
23905
15865
23098
6094
701
1758
23519
26654
21327
3297
11755
25603
11975
7491
25506
8316
10678
16291
22080
430
2115
5593
5445
14817
20767
29475
12561
14796
3259
28287
5040
30226
1208
29783
23543
9740
6047
7011
28368
24521
29906
16588
13010
13651
21698
12173
10773
14132
355
22303
24132
57
17117
21845
21235
11894
1157
22405
29235
28042
17931
5864
10084
30245
11508
29763
7243
9927
19019
30407
19557
6602
26772
12854
25210
23714
30210
22600
5236
11364
24298
31053
29042
23429
27766
14355
22041
17636
31646
29962
31530
28683
8276
13478
21082
19122
2303
17669
9566
7045
13867
26322
11077
4648
23167
32105
2058
6263
30447
2620
27242
18706
1843
30581
15347
12057
21111
30173
5982
13108
13396
29180
31006
22999
29183
25730
24121
14020
28608
485
17751
14801
23206
3404
17944
14571
6778
21164
12971
23387
8177
3120
30621
19016
25381
14047
11758
19069
9798
6777
4970
9069
20621
2209
23862
30580
30066
5953
6314
29024
23583
23083
3678
27440
6948
24572
23432
29212
7276
30278
13701
19413
7536
30958
2997
24845
32682
12498
31628
12602
32077
1455
19174
13207
5683
1859
23707
18796
18711
4526
21332
9616
27908
4382
22173
19756
16141
10411
11835
5569
30783
16512
10175
17517
32724
16188
31323
12906
3497
29336
7413
6871
20723
27465
17018
30139
28461
20520
28789
1095
28501
27792
25568
29275
25943
32263
14393
12620
29130
1313
1241
28645
27098
7586
25730
21419
15237
8675
6967
22373
25099
7543
20048
29404
32415
21261
717
28640
26979
22936
21995
4235
20115
5294
9205
27338
11264
3118
4445
7448
17089
26406
10763
16525
20773
3572
2805
15384
10476
14251
18928
23817
30134
26296
4037
22738
18363
6341
6280
7182
14013
11741
3621
2754
12603
19153
28988
5603
19432
15067
1071
18969
9563
5250
27769
15299
12808
9661
32321
29755
1135
27483
26158
17499
26003
6050
9598
8256
20910
27703
5202
26701
11555
27454
24140
17267
17844
9153
11612
28336
29685
7510
30423
9686
28928
9980
7882
2446
13419
3399
25997
9884
28279
31677
21403
613
29322
3455
6048
20654
9696
20780
2772
13990
18045
17410
20360
16167
7782
2118
15870
25657
30480
23270
4990
20952
24857
3166
6054
17911
9270
216
11266
12740
27501
31639
31197
46
388
14741
12886
9636
12729
8043
5302
23840
8371
32370
12032
13925
12729
13608
3274
22917
19490
11989
18508
9125
5388
1646
12727
260
29009
20665
200
10298
25527
20914
17564
6846
7015
8494
1478
3755
18081
702
20127
9668
32173
29910
3549
5557
23061
15150
1895
9628
3601
26729
18280
9415
4163
10997
19362
16063
12196
24882
22278
20614
9151
14550
9089
8990
27933
23952
26136
12106
6656
31467
22839
20121
17236
5494
16710
32159
21986
32546
8062
4998
31687
27371
1787
4806
14884
25530
18450
30512
5912
10890
26084
9521
23531
16330
2611
24149
18316
7171
27509
24330
17726
23483
22823
2471
31630
25241
25188
17068
18312
14794
19126
25163
30762
11682
16684
24360
24089
28295
3501
5726
915
14603
10379
21698
8357
18776
28763
1387
8094
7633
29189
10610
17859
19702
30487
31990
21572
29320
20063
28003
13679
30702
696
17652
2596
15320
29732
12151
11145
23842
1819
31825
29950
11515
24099
16833
27220
3142
20897
17769
3641
14400
6639
19978
31991
19044
24494
17039
8031
28556
9822
14925
2559
6744
17708
25225
23708
13523
25098
23866
13788
5460
8965
32017
3906
15011
2515
695
5471
4957
11692
16214
20551
21658
18268
16474
12355
9164
17301
26745
21189
6123
20361
6640
5025
21967
5048
22032
15993
19421
4359
30202
29817
20709
21523
24743
6725
10827
29380
25131
25136
15717
2085
2106
18095
28709
8819
10219
2317
31992
22388
28860
2144
15853
29449
12502
1211
13082
29703
11923
8869
18492
19267
15166
17098
7581
4332
25370
497
22587
9246
24229
29998
15654
26803
10525
30297
7210
5981
24644
5310
19886
21490
20833
32278
18396
32262
22407
29623
3842
28607
28441
8199
1336
7909
8846
24630
23876
21561
13426
22061
13498
27912
10925
22209
6504
23295
7944
2093
32240
22081
30957
17599
25015
30135
29806
5585
12286
8615
6794
23291
6735
5257
3755
29063
29211
24086
21874
28709
17825
7329
30903
19168
17425
24746
11468
29521
11506
28337
23298
18707
20161
21320
13679
28279
22747
32108
14318
21880
1181
21269
14950
6385
22985
29708
30800
30221
4651
7933
12659
31231
24701
27853
18418
14324
7817
22061
32649
6982
9869
14192
16916
10739
23523
18073
3409
19277
9953
12217
28134
26355
26623
19320
11174
28671
9783
9201
2832
12417
31922
15299
18456
26925
2976
19300
11819
6480
28776
26809
29037
777
2305
19684
11589
16309
1695
11358
11291
30891
5011
21829
23648
6186
4204
2039
5839
1679
11363
15839
6643
18379
23798
21135
24298
3349
30930
17167
11112
3804
31222
30581
1279
17152
11030
19126
27037
17217
17469
17596
29014
30712
15031
15033
15715
23301
18478
18874
22635
26376
27923
24447
27650
1748
29248
17802
28528
6432
11739
25206
13235
23680
3965
9610
28871
22420
14227
20622
14372
4479
7685
5085
28809
11931
3094
12476
16120
17772
28044
5610
257
32722
15632
10873
15428
23682
4055
15067
10034
9398
1154
15424
12051
27172
6467
23072
8013
8493
11586
531
19939
11096
12607
25065
28988
26110
19320
3063
806
4423
29389
13743
21786
9045
17698
17524
14786
23486
7429
7340
26552
11072
10896
26390
31121
17328
5009
16477
12058
25652
24297
1774
21473
13746
12082
15111
28407
19336
4261
9489
8181
7294
24122
13872
19773
2040
528
22296
1922
15217
5392
6434
18059
3108
8654
32159
25395
6412
3759
18284
29365
18703
29521
2759
26406
31095
23847
28512
6467
28833
18276
22707
8045
26873
18971
26774
5618
18470
17572
4110
15502
22145
1857
8807
3378
2764
16385
7812
12291
15905
12005
8819
28838
23592
25922
15684
6331
25485
5222
4892
21415
19121
12158
1925
32663
7328
25784
25096
4034
25156
12708
8446
25582
11224
5856
28323
14645
20126
12020
27756
6153
10965
11387
18587
25462
3558
900
21008
28071
1246
16951
32354
13740
13088
23740
5678
12922
348
28760
31663
20275
14523
16857
16271
31912
24156
31541
30717
31773
25348
27758
3584
18252
31505
21432
29963
14764
12976
28894
209
24306
4688
26594
19802
2776
26455
14052
27991
7710
1299
17220
21171
7375
4595
16907
9578
31174
13559
32647
31902
15216
14181
18998
11752
24020
28350
1254
9964
5584
752
9241
1328
22949
25805
6830
24622
21174
2236
31166
31143
7308
14766
18373
18491
29982
6228
21250
4151
16975
6800
800
32430
4281
7977
28181
31435
28585
27074
13387
8549
20074
6925
26621
7892
16071
31036
997
23299
16587
7352
13588
11207
31691
21782
31777
367
2215
23111
27013
16797
12620
7694
31046
17492
18813
20919
20947
10065
1236
29703
27183
27551
28163
31599
23378
4454
25440
28804
24781
9732
15521
3252
19628
30814
32227
12593
29344
26488
15346
18994
20062
32580
5572
29275
26946
22456
26438
27257
17208
27171
6492
14707
17116
20673
13090
2174
28896
9357
4217
3983
686
27990
25023
9750
30799
22549
22749
19433
20876
10110
10119
15998
7763
4821
12991
28254
28252
1795
8091
26838
25611
32233
7497
2544
28313
24564
4176
2722
28527
9202
792
16196
20178
8484
32685
6727
17349
18324
14016
18213
21291
12968
6127
29076
18989
18936
16198
3327
14299
25693
23557
12342
10774
8522
29859
22885
12717
27744
11284
11843
29126
24380
27720
3211
16000
30100
6644
32432
3798
18306
13716
26829
17863
15903
3505
474
5811
30292
26207
27942
2313
17901
14859
2049
24351
5871
30579
16313
25697
3372
24822
969
26286
10772
28942
10316
24319
25294
26651
19640
3402
23688
26466
6856
2982
17163
15701
29114
7343
28050
18197
20923
14636
17884
2869
7072
8431
9600
29121
30934
29437
7553
15742
32668
4335
23586
10868
26479
20888
9467
21930
25030
18152
3917
21041
27392
6928
32403
3939
10139
18663
2393
29805
8614
13197
16977
21771
31353
24910
6052
9107
25763
24009
15494
1077
31268
1873
20749
9601
17117
19347
15427
553
32580
6009
27770
28681
2908
32335
29151
8292
28133
23589
10066
30065
26575
30580
23925
20758
6133
26116
15363
16627
1800
14604
19812
11170
12233
13468
26750
25405
22396
5688
27853
16673
19097
11973
1206
12018
20932
21418
25112
16608
29439
27439
10533
17704
21279
6184
32112
27869
19324
18648
25926
29160
2029
11536
30530
24142
16628
22423
1564
22705
26165
3790
16066
6682
19757
4244
27818
28917
14368
19816
22630
30045
18771
24269
29817
21146
13948
15603
19561
18920
20599
30611
27157
21114
13114
30235
9545
31423
12811
779
4496
28388
21489
9887
32329
18586
29800
5294
15613
3097
23640
12754
8688
30309
26440
29641
29430
208
2255
8475
14472
15808
17996
13309
9495
29362
30935
25718
1696
4991
27512
7616
30337
734
10646
25329
15243
15403
4530
26331
4696
19047
85
23344
20447
12415
10054
15082
4677
9937
25857
5097
29687
20972
12389
5086
29941
22167
27821
23657
3697
28438
14753
25214
9368
26024
5133
23821
19120
6228
23155
1762
3427
27109
2557
14282
14170
17460
18357
6391
17422
4005
2552
30885
29915
17396
30248
254
15447
30258
18082
22075
29665
2058
19696
24589
3965
23625
25663
16955
17375
13470
26643
18572
21189
7325
825
18919
29066
1546
27390
18105
32248
31317
23198
18071
30047
1377
25343
14629
25059
15753
25247
24118
12826
3301
14795
31028
11991
8137
3859
21443
832
7311
14330
21409
2855
2199
6642
10192
23447
32395
6023
20728
14764
6632
24026
2311
29608
15290
9809
19994
20548
3239
16525
5280
2116
24622
30876
25788
32334
23857
11632
26348
10492
4017
11152
9193
25392
18394
8206
31694
5800
27199
14265
6267
29906
5478
16019
24380
12769
16519
21382
9638
30240
14225
1106
11714
31110
6254
26058
11630
32139
13704
31808
25855
6459
396
2110
2347
2953
26734
2935
1063
2021
14765
6652
21004
12561
2008
19379
31871
13872
8529
25094
31121
17952
1617
30168
29156
19721
44
16829
12816
12342
15830
23658
19268
31780
6566
30570
10033
14553
27739
30227
4899
22647
4445
28857
1649
29713
69
30753
10264
19133
8094
11576
22435
14059
13549
261
15694
3573
5616
12509
9578
7671
32548
21206
11011
15840
13193
1662
30145
9161
18857
7628
3852
30086
18903
21078
4723
18299
437
23237
15695
32177
12537
29830
8611
17194
29552
13763
71
2929
3139
15250
3654
21108
30329
2156
10628
3734
24253
9952
16548
2305
27233
25736
29224
4153
28580
14653
9946
14583
816
11911
11115
8500
32487
23383
3419
27012
26079
18425
16152
22693
18859
20036
18282
23896
5341
18964
14
25199
24264
11770
10146
10536
11403
20529
19137
7609
17227
980
18542
23084
28607
21071
30134
19309
26354
26900
9361
11426
9284
3983
4618
19642
26802
14683
32671
21065
16216
2230
31723
29075
11060
21810
7810
18662
25133
2734
15133
22318
14676
29829
20471
16579
9833
18693
13174
22149
31393
2339
17678
4907
15014
2156
9571
728
14304
12607
14765
18671
20211
22842
32353
14377
28553
14834
27918
12517
20817
25063
31108
14783
31304
12727
27196
1635
31287
14737
4084
24740
32636
2797
8346
10184
10510
21114
14699
23078
14780
20056
19548
23796
4277
29832
31929
30298
2893
23969
12044
11722
13310
18372
20544
1684
25261
17873
6150
18613
12847
28379
19064
19440
28428
8666
15612
31009
25475
12704
8812
30157
9422
3343
25204
11773
17831
14216
59
12365
4618
9638
21573
4160
14397
21037
7576
17110
782
7997
11805
10593
2396
22476
13898
16020
30424
25939
29694
6621
21005
3526
18604
15605
25502
19914
31420
24501
8911
8995
9774
11819
19271
23403
8321
11501
21
15114
21459
14253
8176
4194
21833
19982
11971
1866
15025
8886
30825
20670
29542
8356
20660
29396
10356
23236
5301
21746
26621
6593
20791
23615
8156
31771
12941
11351
11143
23673
8590
24643
31034
29248
12765
20392
2642
24676
17774
13374
21239
9855
2373
17284
15613
10272
12161
4275
21004
15973
2714
19184
20735
1996
28135
11205
12939
27206
30563
10706
24865
31629
9904
17344
10261
17336
25948
30583
7679
3597
25700
14737
3682
15382
29430
270
9867
20215
12923
15177
27068
6910
19413
15402
12426
22908
2533
32414
14212
3283
32081
18756
277
27345
3460
2922
3756
16700
6902
1591
13593
2222
5805
5673
4155
6563
13060
12483
23000
14289
4523
27263
10188
26552
4847
6410
21862
17017
10811
26032
7183
15339
23519
25621
7980
3820
18449
295
28486
17397
26417
24144
18536
1522
23378
27888
4041
14672
31477
24074
21675
2391
30999
14910
22659
24506
20079
13815
25178
31340
18417
5605
24947
5046
24214
14254
9006
20615
15455
4832
8236
26891
4760
17963
9396
16254
9562
1229
22614
22851
12371
30797
26830
28208
2249
27244
23595
557
8413
19289
20016
15613
20493
26660
7418
29787
1277
25973
18659
7241
17527
21118
2983
4517
6576
26670
27333
29437
23501
18599
18728
31652
27813
21235
15367
5381
21705
24306
9994
4664
24770
30103
25518
18899
9113
22868
30698
515
669
29395
8211
25307
11872
30183
12285
25323
11523
21186
3939
25109
22963
18280
21896
26268
32116
9572
18463
12414
25885
8121
16744
5892
6308
13595
16797
25751
6044
2655
12172
9429
16124
18737
3205
6372
15394
22277
8054
17926
12568
30800
23381
21102
28181
13303
1214
9299
25671
2823
23262
30530
13775
22696
18319
23480
1806
28236
23236
21744
29983
16428
5416
2298
21924
13813
17922
14093
9158
29630
92
26654
15991
12094
27492
3505
23546
25916
29202
752
22182
838
5643
9210
14055
22950
27078
28541
7813
27026
30189
26247
31017
25507
3590
7833
5661
27273
22610
14846
3923
28156
3317
14938
8617
12789
12376
24966
23147
22047
19660
5275
15897
29064
28528
30029
19563
5789
27732
9595
1427
21333
11742
26883
21698
428
4973
6619
1005
31827
9021
8798
7377
2982
5003
29155
23349
7902
28409
8084
5231
9608
22579
12158
14377
7478
12499
11748
20069
10100
10114
5337
5823
15357
29024
12302
11506
19247
12967
29416
22174
25789
23179
29909
24137
13988
30308
2017
8099
30816
16398
7556
10510
5727
27536
28094
5725
12726
30717
5222
2268
18451
1944
6336
24721
6130
827
4941
6850
5396
3322
26087
31160
301
1539
14861
22978
31966
11208
14715
22396
9442
4193
13565
11088
3980
29227
11654
24126
15985
14006
29564
15321
22626
3294
20567
9618
16285
31287
28266
11065
22595
22447
29440
3265
4877
366
32427
2372
4155
15873
2009
8006
28366
8376
17320
8766
7159
27468
4348
18771
14031
12997
6606
7011
23624
19355
7879
23625
28516
16668
8461
24416
12709
23565
24157
25411
16324
31892
21338
23255
18086
19286
14372
18316
1163
1500
11053
2271
27273
27195
32328
17700
29241
1524
23043
20354
31664
27673
11063
12095
18352
5809
3805
11325
25120
30558
12323
1221
4282
31549
19648
12420
6660
1550
21380
21715
30849
10389
20787
20028
20008
5695
8083
29497
11285
7689
2756
29758
639
10910
24784
31994
19690
3519
8067
31451
20125
6888
13437
11472
29527
21809
901
24658
10302
13426
10016
32677
16664
17834
8034
21851
15805
10914
25349
10523
972
15565
1720
6560
24734
22387
28345
22532
26488
3342
16038
10303
5
19445
31633
19179
14595
13879
5202
13386
13116
12490
17441
13449
14520
28133
868
30022
21553
30378
31429
28753
31943
30728
11400
17327
10741
22240
18459
1765
25540
20326
23535
1395
9022
9163
22919
670
5926
7705
8143
27250
8422
26974
32686
5128
7625
1548
28382
30981
20586
23968
23804
1635
32365
14722
24283
27252
5740
8492
9246
1059
29236
25487
27398
22398
2354
20402
26248
11121
10024
24733
19107
13524
31524
24693
29424
29353
4787
18152
22395
8094
5458
22220
17361
23770
21541
16130
1114
31221
492
17057
32233
32328
10034
11344
25490
22376
9927
4340
32444
20717
26225
9612
15734
14712
28639
11352
31503
22772
7646
15681
14048
7195
10704
28021
11629
6460
11609
6738
1965
21052
27739
23429
5285
22492
31525
24691
16700
12857
5351
15576
16970
12953
13929
26797
9458
4708
20733
30544
14642
881
10675
18911
2744
5507
14539
16612
23543
5396
7536
12600
22395
18257
31139
8225
27513
10085
19061
2750
939
2298
4217
15525
5466
17405
23673
31178
12733
19874
5224
32675
4737
25257
1176
8585
21673
9951
4397
1122
21912
24039
7122
15741
26220
8506
29098
22717
18830
14189
21897
2554
11911
28851
31333
3492
8214
11426
519
31913
6271
27962
21510
6041
12325
6947
24822
19721
6747
24374
9693
32565
25720
13631
998
19689
11049
7169
16474
24993
14860
1659
16587
4335
18810
29290
22419
16669
20132
18447
13437
26899
4577
26418
19905
9596
32582
1383
21814
10533
25976
16784
3523
3237
5822
4259
5398
16707
8282
26542
30105
11028
3098
18200
5282
9828
24618
2857
20715
31831
20780
9676
25921
2768
23178
9620
25472
9106
12555
11774
23486
26278
17317
17654
967
7164
16019
6556
29386
20565
17575
10311
17745
14687
21216
24522
15734
9506
575
11255
13140
30876
7127
2402
27069
424
13092
1640
6955
8229
15005
21871
21240
2643
