10000
5
12
14
16
21
24
25
33
44
46
52
57
58
59
60
65
65
67
69
71
73
79
85
92
102
104
109
110
118
122
122
124
140
142
144
149
150
151
154
155
156
158
160
162
164
168
170
174
178
188
196
196
198
200
200
207
208
208
209
214
215
216
222
224
234
244
246
249
253
254
257
260
260
261
261
267
269
270
275
277
278
282
282
285
295
297
298
301
302
308
313
315
323
323
327
328
336
337
343
345
345
345
347
348
348
354
355
356
360
360
366
367
367
380
384
388
389
396
400
403
407
411
420
422
424
427
428
430
434
434
437
439
458
459
460
461
474
480
480
485
491
491
492
497
497
498
499
505
507
515
518
519
523
525
528
528
531
531
531
537
540
542
546
553
557
558
558
559
565
571
573
575
576
580
609
610
613
619
619
628
629
633
639
644
652
653
663
669
670
674
675
686
687
695
696
697
699
701
702
703
712
712
714
716
717
717
718
726
726
728
734
738
748
752
752
756
762
768
768
772
775
777
779
782
784
786
789
790
791
792
796
798
800
800
802
803
804
806
813
816
817
825
827
832
833
837
838
841
843
843
850
859
863
868
868
878
881
882
883
884
889
889
892
893
893
898
900
901
911
915
918
921
926
927
927
936
937
938
939
967
969
972
972
980
984
985
985
986
987
989
990
997
998
999
999
1005
1019
1030
1033
1033
1044
1044
1045
1047
1050
1059
1063
1071
1075
1077
1083
1086
1093
1095
1095
1097
1102
1104
1104
1106
1109
1110
1114
1122
1133
1134
1135
1136
1138
1147
1149
1151
1154
1157
1157
1163
1164
1164
1168
1171
1173
1175
1176
1181
1181
1181
1190
1192
1200
1201
1206
1208
1211
1214
1214
1221
1229
1229
1233
1233
1236
1240
1241
1246
1254
1254
1261
1262
1265
1277
1277
1279
1280
1281
1285
1286
1299
1299
1311
1313
1317
1318
1320
1325
1328
1336
1336
1342
1342
1347
1351
1354
1360
1364
1368
1369
1377
1382
1383
1387
1387
1390
1394
1395
1401
1409
1409
1423
1423
1427
1437
1440
1440
1445
1452
1455
1460
1462
1467
1474
1478
1482
1483
1488
1490
1491
1500
1505
1509
1511
1514
1522
1524
1525
1526
1534
1538
1539
1540
1540
1540
1540
1542
1545
1546
1548
1548
1550
1554
1554
1560
1561
1564
1564
1564
1565
1586
1588
1591
1593
1594
1597
1597
1599
1599
1611
1612
1617
1617
1620
1620
1620
1623
1635
1635
1635
1635
1636
1640
1646
1649
1656
1659
1659
1661
1662
1667
1675
1676
1677
1677
1679
1680
1684
1691
1692
1695
1696
1702
1706
1707
1719
1720
1732
1733
1734
1742
1748
1756
1758
1762
1765
1767
1769
1774
1782
1783
1787
1795
1800
1802
1806
1807
1810
1819
1824
1824
1824
1825
1827
1827
1837
1843
1849
1857
1858
1859
1866
1873
1880
1880
1890
1891
1895
1895
1896
1905
1908
1918
1922
1922
1923
1925
1926
1927
1927
1944
1944
1947
1950
1952
1955
1965
1972
1974
1977
1981
1981
1990
1993
1996
1996
1997
2001
2001
2008
2009
2017
2018
2018
2021
2021
2025
2025
2029
2036
2039
2040
2041
2044
2049
2058
2058
2060
2069
2072
2077
2080
2083
2085
2091
2091
2092
2093
2096
2100
2101
2101
2103
2103
2103
2103
2106
2106
2110
2110
2115
2116
2117
2118
2119
2121
2125
2130
2144
2146
2149
2153
2156
2156
2157
2158
2158
2162
2162
2163
2174
2180
2186
2199
2207
2209
2211
2215
2217
2218
2220
2222
2226
2226
2230
2230
2230
2234
2236
2236
2247
2247
2249
2255
2260
2264
2265
2268
2271
2277
2280
2282
2292
2295
2298
2298
2299
2299
2300
2303
2303
2305
2305
2309
2311
2313
2313
2317
2319
2326
2328
2330
2334
2335
2335
2335
2337
2338
2338
2339
2340
2347
2347
2349
2353
2354
2358
2360
2366
2372
2372
2373
2373
2387
2388
2391
2393
2396
2396
2402
2413
2415
2417
2422
2424
2425
2429
2431
2434
2441
2446
2447
2452
2461
2463
2463
2464
2471
2476
2480
2480
2489
2494
2503
2506
2506
2508
2509
2515
2515
2519
2523
2527
2529
2530
2531
2532
2533
2537
2544
2547
2550
2552
2554
2554
2557
2559
2559
2575
2575
2596
2597
2609
2611
2614
2620
2633
2642
2643
2655
2656
2657
2664
2666
2675
2683
2684
2687
2687
2688
2694
2695
2696
2705
2707
2711
2711
2714
2721
2722
2728
2728
2731
2734
2734
2735
2738
2742
2743
2744
2745
2746
2749
2750
2754
2756
2756
2759
2763
2764
2764
2767
2768
2770
2770
2772
2776
2782
2791
2791
2791
2796
2797
2797
2801
2802
2805
2806
2808
2815
2818
2823
2823
2825
2827
2828
2832
2832
2836
2840
2848
2850
2854
2855
2857
2869
2871
2872
2883
2884
2885
2893
2897
2901
2902
2904
2905
2908
2910
2922
2922
2923
2924
2929
2932
2932
2934
2935
2935
2936
2937
2943
2953
2976
2976
2978
2981
2982
2982
2983
2993
2993
2996
2997
3000
3003
3012
3012
3013
3015
3019
3027
3028
3031
3032
3036
3037
3043
3049
3050
3050
3054
3061
3063
3067
3072
3074
3080
3080
3081
3082
3094
3097
3098
3099
3103
3108
3111
3112
3118
3120
3124
3127
3128
3132
3134
3134
3136
3139
3139
3139
3142
3144
3149
3166
3166
3168
3180
3186
3189
3189
3200
3203
3205
3205
3211
3214
3219
3223
3225
3233
3237
3239
3247
3247
3252
3252
3259
3262
3262
3265
3270
3274
3275
3279
3281
3283
3286
3288
3292
3294
3295
3296
3297
3297
3298
3299
3301
3305
3308
3315
3315
3317
3317
3319
3322
3327
3327
3328
3330
3333
3340
3341
3342
3343
3343
3344
3347
3349
3351
3361
3362
3362
3364
3365
3369
3372
3378
3378
3381
3384
3390
3395
3395
3399
3401
3402
3402
3404
3409
3409
3410
3410
3411
3411
3413
3414
3417
3419
3421
3422
3422
3424
3427
3431
3442
3444
3447
3448
3450
3455
3459
3460
3460
3462
3462
3470
3471
3475
3479
3492
3497
3497
3499
3501
3504
3505
3505
3505
3507
3507
3510
3514
3516
3517
3519
3520
3521
3521
3522
3523
3526
3533
3538
3540
3545
3546
3547
3549
3558
3562
3563
3563
3572
3573
3584
3590
3595
3597
3597
3601
3601
3619
3620
3621
3629
3631
3641
3641
3648
3650
3654
3654
3655
3661
3662
3663
3678
3682
3686
3688
3690
3697
3697
3707
3712
3717
3721
3721
3723
3734
3736
3739
3739
3743
3744
3746
3751
3755
3755
3756
3758
3759
3760
3767
3774
3776
3780
3785
3788
3790
3792
3798
3800
3804
3805
3807
3807
3809
3814
3815
3820
3821
3822
3838
3840
3842
3842
3846
3847
3848
3852
3854
3856
3859
3864
3871
3882
3894
3906
3915
3917
3918
3923
3925
3927
3931
3932
3933
3939
3939
3939
3941
3944
3944
3945
3948
3949
3953
3956
3963
3965
3965
3967
3973
3980
3982
3983
3983
3991
3998
4000
4003
4005
4008
4017
4018
4034
4037
4041
4044
4044
4048
4051
4055
4058
4059
4060
4064
4068
4074
4079
4084
4087
4089
4096
4103
4104
4108
4110
4115
4121
4121
4127
4134
4135
4139
4139
4140
4146
4149
4150
4151
4151
4153
4155
4155
4156
4157
4158
4160
4163
4163
4166
4166
4168
4175
4176
4179
4189
4193
4194
4197
4199
4200
4202
4204
4212
4214
4215
4217
4217
4220
4227
4235
4235
4244
4254
4258
4259
4261
4263
4269
4275
4277
4279
4280
4281
4282
4282
4285
4286
4288
4288
4289
4289
4314
4325
4326
4330
4332
4335
4335
4337
4340
4348
4354
4354
4359
4360
4364
4366
4367
4369
4369
4380
4382
4386
4390
4390
4397
4404
4405
4411
4413
4414
4415
4417
4418
4423
4431
4436
4439
4445
4445
4450
4454
4454
4461
4462
4469
4476
4479
4485
4489
4491
4496
4499
4501
4517
4521
4523
4526
4526
4530
4550
4556
4558
4561
4576
4577
4581
4582
4585
4591
4595
4601
4607
4612
4613
4618
4618
4620
4621
4623
4626
4633
4645
4647
4648
4651
4651
4653
4659
4664
4677
4678
4679
4685
4687
4687
4688
4696
4702
4704
4704
4708
4720
4720
4723
4730
4735
4736
4737
4747
4752
4754
4760
4763
4768
4772
4774
4776
4778
4780
4782
4787
4795
4801
4803
4806
4807
4810
4810
4814
4815
4817
4821
4830
4832
4836
4836
4839
4847
4863
4865
4871
4877
4879
4883
4884
4887
4889
4892
4893
4896
4898
4899
4903
4907
4914
4915
4916
4927
4927
4929
4930
4939
4940
4940
4940
4941
4952
4952
4954
4957
4967
4969
4970
4971
4971
4972
4972
4973
4973
4973
4984
4989
4990
4990
4991
4993
4996
4998
5003
5003
5009
5011
5017
5018
5020
5020
5021
5022
5024
5025
5031
5034
5040
5040
5041
5044
5044
5046
5047
5048
5048
5062
5070
5082
5085
5085
5086
5087
5093
5093
5093
5097
5099
5109
5109
5110
5113
5118
5125
5128
5128
5130
5131
5132
5133
5133
5133
5151
5152
5152
5158
5164
5169
5175
5175
5179
5193
5194
5197
5198
5202
5202
5202
5212
5214
5216
5222
5222
5222
5222
5224
5231
5235
5236
5250
5257
5257
5259
5260
5261
5262
5264
5264
5275
5279
5280
5282
5285
5291
5294
5294
5294
5301
5301
5302
5305
5310
5310
5310
5313
5323
5328
5329
5337
5337
5340
5341
5341
5345
5351
5352
5359
5371
5381
5386
5388
5392
5394
5396
5396
5398
5398
5399
5401
5401
5401
5409
5410
5416
5419
5424
5432
5432
5437
5437
5445
5446
5447
5448
5456
5456
5458
5460
5460
5466
5471
5475
5478
5479
5480
5481
5489
5489
5491
5494
5494
5497
5498
5500
5505
5505
5507
5523
5528
5529
5530
5532
5535
5541
5542
5543
5557
5557
5560
5565
5565
5568
5569
5572
5573
5584
5585
5585
5593
5593
5595
5603
5605
5607
5610
5616
5618
5621
5625
5626
5630
5631
5639
5643
5647
5652
5653
5655
5661
5662
5666
5667
5672
5673
5673
5678
5680
5683
5685
5688
5691
5691
5695
5698
5698
5700
5704
5707
5708
5725
5726
5727
5729
5740
5744
5745
5745
5745
5746
5748
5757
5764
5770
5773
5774
5779
5781
5782
5785
5788
5789
5791
5792
5794
5798
5800
5804
5805
5807
5809
5811
5812
5819
5821
5822
5822
5823
5832
5839
5842
5849
5850
5854
5856
5862
5864
5864
5865
5871
5876
5877
5880
5887
5892
5892
5892
5894
5897
5898
5900
5903
5904
5907
5912
5917
5918
5920
5926
5928
5930
5936
5940
5940
5943
5944
5948
5950
5952
5952
5953
5961
5967
5969
5981
5982
5985
5987
5987
5989
6008
6009
6012
6017
6023
6027
6027
6033
6036
6038
6038
6041
6044
6044
6047
6047
6048
6050
6051
6052
6052
6054
6054
6054
6056
6078
6080
6084
6085
6088
6094
6097
6097
6100
6103
6105
6108
6109
6113
6116
6117
6118
6120
6123
6124
6127
6129
6130
6133
6135
6141
6142
6147
6150
6153
6153
6166
6169
6170
6170
6176
6177
6179
6184
6186
6188
6193
6196
6202
6204
6208
6215
6222
6223
6227
6227
6228
6228
6228
6229
6242
6245
6247
6247
6254
6257
6263
6267
6271
6280
6284
6296
6298
6303
6308
6310
6310
6313
6314
6315
6316
6317
6319
6320
6322
6328
6330
6330
6331
6335
6336
6339
6341
6342
6345
6348
6352
6352
6354
6364
6369
6370
6372
6373
6375
6377
6385
6390
6391
6408
6410
6412
6413
6414
6417
6417
6418
6419
6431
6432
6434
6435
6440
6447
6453
6455
6459
6460
6467
6467
6472
6472
6478
6480
6489
6492
6495
6495
6498
6500
6504
6505
6507
6509
6513
6514
6517
6517
6520
6525
6525
6525
6527
6532
6535
6539
6546
6554
6555
6556
6558
6560
6563
6566
6574
6576
6586
6588
6591
6592
6593
6593
6600
6602
6604
6606
6606
6613
6619
6621
6628
6631
6632
6634
6635
6639
6640
6642
6643
6644
6644
6645
6646
6646
6649
6650
6652
6654
6656
6656
6660
6667
6672
6673
6674
6679
6679
6682
6684
6684
6687
6690
6698
6709
6710
6712
6712
6717
6720
6721
6724
6725
6727
6730
6731
6735
6738
6738
6738
6739
6739
6744
6747
6752
6753
6754
6757
6765
6770
6777
6778
6784
6791
6794
6796
6798
6798
6799
6800
6804
6811
6820
6823
6823
6824
6826
6828
6830
6830
6842
6846
6850
6850
6851
6852
6856
6864
6866
6866
6867
6867
6871
6872
6872
6873
6881
6882
6884
6888
6891
6898
6902
6903
6905
6910
6910
6911
6913
6914
6925
6925
6926
6928
6930
6936
6937
6941
6942
6947
6948
6948
6955
6961
6967
6967
6974
6980
6982
6987
7011
7011
7013
7015
7022
7022
7026
7032
7032
7037
7041
7045
7057
7059
7060
7066
7072
7072
7074
7075
7076
7077
7079
7081
7081
7086
7088
7088
7090
7096
7096
7097
7099
7111
7114
7119
7122
7126
7127
7133
7137
7148
7155
7159
7159
7164
7165
7169
7171
7179
7182
7183
7185
7188
7195
7200
7210
7214
7215
7224
7228
7230
7232
7241
7243
7244
7250
7256
7264
7265
7267
7267
7269
7270
7276
7282
7282
7286
7291
7292
7294
7295
7295
7297
7304
7305
7307
7308
7311
7311
7311
7312
7313
7315
7320
7322
7325
7325
7328
7329
7337
7340
7343
7352
7356
7361
7366
7371
7375
7375
7377
7380
7382
7385
7391
7392
7392
7394
7395
7397
7399
7403
7407
7409
7412
7413
7413
7418
7419
7419
7420
7420
7421
7421
7422
7424
7429
7430
7434
7441
7448
7466
7467
7471
7473
7474
7476
7477
7478
7481
7485
7486
7489
7489
7491
7497
7499
7501
7506
7510
7515
7519
7519
7519
7524
7534
7536
7536
7538
7543
7545
7551
7552
7553
7556
7561
7565
7576
7581
7584
7586
7590
7593
7600
7609
7610
7616
7624
7625
7628
7633
7642
7645
7646
7648
7649
7651
7652
7655
7656
7658
7665
7669
7671
7673
7677
7679
7680
7685
7687
7689
7694
7704
7705
7705
7707
7707
7710
7716
7720
7720
7720
7733
7733
7742
7742
7747
7751
7754
7763
7764
7766
7766
7768
7782
7786
7787
7789
7790
7796
7807
7809
7810
7812
7813
7813
7817
7817
7818
7820
7830
7831
7833
7842
7848
7849
7850
7852
7863
7872
7877
7878
7879
7881
7882
7884
7889
7892
7895
7895
7899
7899
7902
7909
7910
7913
7913
7916
7920
7925
7927
7931
7931
7933
7933
7944
7945
7962
7967
7968
7975
7977
7978
7980
7985
7988
7996
7997
8001
8003
8005
8006
8008
8008
8013
8016
8017
8027
8031
8031
8034
8034
8042
8043
8045
8045
8051
8051
8051
8052
8052
8054
8055
8062
8064
8067
8074
8083
8083
8084
8091
8092
8092
8094
8094
8094
8095
8099
8102
8103
8103
8105
8109
8109
8120
8120
8121
8121
8121
8121
8124
8126
8126
8137
8143
8149
8152
8156
8158
8163
8165
8171
8174
8176
8177
8181
8182
8188
8196
8196
8199
8201
8206
8207
8210
8211
8211
8214
8216
8216
8218
8220
8221
8221
8225
8228
8229
8230
8230
8236
8241
8243
8243
8244
8250
8251
8255
8256
8257
8261
8276
8278
8282
8282
8283
8285
8287
8288
8289
8291
8292
8295
8295
8297
8303
8312
8316
8321
8326
8338
8340
8345
8346
8348
8352
8355
8356
8357
8362
8365
8367
8371
8371
8376
8383
8388
8391
8392
8393
8399
8409
8412
8413
8413
8414
8418
8420
8422
8431
8435
8445
8446
8452
8457
8461
8465
8475
8476
8478
8480
8484
8492
8493
8494
8500
8503
8506
8506
8507
8510
8513
8522
8523
8529
8530
8532
8536
8539
8545
8549
8550
8565
8565
8565
8574
8578
8579
8580
8585
8587
8590
8591
8595
8599
8599
8611
8612
8614
8615
8617
8618
8622
8623
8627
8629
8631
8633
8633
8633
8637
8638
8641
8642
8648
8651
8654
8666
8667
8667
8673
8675
8677
8688
8691
8693
8693
8694
8713
8713
8716
8718
8721
8722
8727
8732
8732
8732
8739
8739
8740
8746
8747
8749
8749
8751
8766
8767
8774
8779
8786
8792
8793
8794
8795
8796
8797
8798
8799
8804
8807
8809
8812
8812
8819
8819
8824
8829
8829
8830
8839
8841
8846
8848
8848
8859
8863
8868
8869
8869
8871
8873
8881
8886
8888
8894
8896
8897
8900
8907
8907
8908
8910
8911
8913
8914
8915
8918
8921
8924
8933
8935
8941
8948
8949
8954
8957
8958
8965
8968
8984
8985
8986
8988
8990
8991
8993
8995
8996
8997
8998
9003
9006
9015
9020
9021
9022
9024
9033
9041
9042
9045
9045
9051
9054
9069
9076
9077
9078
9081
9081
9082
9082
9089
9103
9103
9104
9106
9106
9107
9110
9113
9113
9114
9125
9125
9134
9136
9143
9144
9149
9149
9151
9153
9155
9158
9161
9163
9164
9166
9167
9168
9172
9179
9180
9186
9188
9188
9189
9191
9193
9195
9199
9201
9202
9205
9205
9206
9210
9215
9216
9216
9217
9218
9219
9221
9238
9241
9246
9246
9252
9259
9270
9271
9284
9291
9292
9299
9300
9319
9320
9321
9323
9329
9331
9331
9336
9338
9341
9346
9351
9357
9357
9361
9364
9364
9364
9366
9366
9368
9369
9375
9379
9381
9382
9396
9398
9398
9409
9413
9415
9416
9416
9422
9426
9429
9429
9429
9434
9442
9453
9458
9466
9467
9467
9471
9476
9485
9486
9489
9494
9495
9499
9500
9501
9503
9504
9506
9506
9506
9513
9514
9517
9520
9521
9530
9542
9542
9545
9545
9546
9547
9548
9554
9561
9562
9562
9563
9566
9571
9572
9577
9578
9578
9582
9588
9590
9595
9595
9595
9596
9598
9600
9601
9606
9608
9610
9611
9612
9615
9616
9618
9618
9620
9621
9624
9626
9628
9633
9636
9637
9638
9638
9640
9640
9641
9650
9650
9651
9653
9661
9663
9665
9668
9670
9670
9671
9676
9679
9680
9685
9686
9693
9696
9697
9704
9705
9713
9716
9717
9718
9720
9720
9722
9725
9732
9732
9736
9740
9749
9750
9763
9764
9764
9767
9774
9779
9783
9787
9787
9798
9800
9806
9809
9809
9821
9822
9822
9827
9828
9833
9838
9842
9847
9848
9854
9855
9857
9862
9863
9867
9869
9879
9883
9884
9886
9887
9888
9890
9900
9901
9904
9908
9908
9913
9915
9917
9921
9927
9927
9937
9939
9944
9946
9948
9951
9952
9953
9959
9964
9970
9975
9977
9980
9993
9994
10000
10003
10004
10006
10011
10013
10016
10024
10031
10033
10034
10034
10038
10042
10042
10044
10046
10049
10049
10052
10052
10054
10055
10064
10065
10065
10066
10066
10079
10084
10085
10086
10090
10100
10107
10108
10110
10114
10119
10119
10122
10123
10128
10134
10135
10139
10139
10146
10152
10156
10156
10164
10168
10174
10175
10183
10184
10185
10188
10192
10193
10197
10204
10215
10219
10221
10231
10240
10248
10252
10261
10262
10264
10266
10267
10268
10268
10268
10270
10271
10272
10272
10272
10278
10284
10285
10292
10298
10299
10301
10302
10303
10306
10310
10311
10316
10322
10335
10337
10343
10349
10350
10356
10365
10370
10370
10375
10379
10380
10382
10384
10384
10385
10389
10394
10404
10411
10423
10425
10426
10434
10435
10436
10441
10448
10449
10454
10454
10460
10466
10467
10467
10468
10468
10475
10476
10481
10487
10492
10492
10493
10493
10497
10500
10502
10502
10503
10504
10509
10509
10509
10510
10510
10514
10523
10524
10525
10532
10533
10533
10533
10536
10545
10545
10549
10551
10553
10559
10559
10564
10567
10571
10576
10584
10591
10591
10593
10598
10603
10610
10610
10613
10620
10624
10625
10628
10639
10646
10648
10648
10651
10660
10663
10672
10673
10675
10678
10680
10684
10691
10692
10695
10699
10702
10704
10706
10715
10723
10723
10731
10733
10738
10739
10741
10741
10749
10761
10763
10772
10773
10774
10774
10790
10800
10804
10811
10813
10816
10819
10822
10822
10827
10847
10853
10855
10858
10858
10867
10868
10872
10873
10879
10880
10882
10884
10890
10891
10891
10891
10894
10896
10898
10898
10898
10900
10905
10908
10910
10910
10911
10914
10925
10930
10931
10932
10932
10934
10939
10944
10951
10954
10964
10965
10966
10972
10972
10973
10978
10980
10981
10989
10989
10994
10995
10997
11006
11007
11008
11011
11019
11020
11020
11028
11030
11042
11044
11047
11049
11053
11054
11059
11060
11061
11063
11063
11065
11070
11071
11071
11072
11077
11078
11082
11086
11088
11096
11108
11112
11115
11116
11121
11125
11126
11134
11140
11143
11145
11147
11148
11152
11155
11157
11165
11167
11170
11174
11175
11181
11181
11187
11187
11190
11201
11205
11205
11205
11207
11208
11209
11214
11222
11224
11225
11227
11238
11238
11239
11245
11245
11252
11255
11259
11260
11264
11265
11266
11270
11272
11284
11285
11285
11285
11291
11297
11297
11304
11313
11313
11313
11315
11325
11326
11335
11336
11337
11338
11339
11344
11351
11352
11358
11359
11362
11363
11364
11368
11381
11385
11387
11398
11400
11403
11403
11404
11410
11410
11411
11414
11420
11421
11423
11423
11423
11426
11426
11426
11439
11448
11449
11449
11456
11468
11472
11473
11474
11475
11478
11479
11484
11489
11492
11501
11503
11506
11506
11508
11509
11509
11513
11515
11515
11516
11518
11520
11523
11530
11536
11536
11550
11555
11561
11574
11576
11576
11580
11584
11586
11589
11606
11607
11609
11610
11611
11612
11615
11618
11627
11629
11630
11632
11633
11636
11638
11644
11654
11676
11676
11682
11692
11695
11695
11697
11701
11703
11705
11707
11707
11713
11714
11714
11715
11716
11718
11722
11728
11739
11741
11742
11748
11748
11751
11752
11754
11755
11758
11760
11770
11773
11774
11775
11780
11793
11798
11805
11806
11807
11809
11811
11815
11816
11819
11819
11821
11823
11824
11824
11832
11835
11836
11843
11845
11845
11852
11855
11859
11859
11866
11870
11872
11884
11884
11886
11894
11895
11903
11908
11911
11911
11914
11914
11923
11931
11931
11935
11943
11944
11945
11950
11951
11959
11959
11968
11968
11971
11973
11975
11977
11978
11980
11987
11989
11989
11991
12000
12005
12006
12011
12014
12018
12020
12022
12026
12031
12032
12036
12036
12037
12044
12051
12057
12058
12069
12072
12073
12073
12082
12082
12083
12083
12085
12086
12087
12093
12094
12095
12101
12106
12106
12122
12124
12126
12127
12127
12134
12138
12140
12143
12148
12151
12152
12158
12158
12161
12164
12167
12172
12173
12177
12179
12180
12192
12192
12194
12196
12201
12202
12204
12207
12209
12212
12214
12217
12217
12221
12226
12229
12232
12233
12238
12243
12244
12255
12256
12264
12265
12272
12285
12286
12289
12291
12294
12294
12295
12299
12301
12302
12303
12312
12313
12320
12323
12325
12332
12332
12342
12342
12345
12346
12348
12348
12349
12353
12355
12355
12358
12358
12360
12360
12365
12368
12370
12371
12376
12376
12377
12378
12389
12390
12393
12400
12406
12409
12413
12414
12414
12415
12415
12417
12417
12418
12420
12423
12426
12432
12434
12444
12449
12452
12452
12453
12458
12460
12462
12469
12472
12472
12475
12475
12476
12476
12480
12483
12488
12490
12498
12499
12501
12502
12506
12509
12509
12511
12513
12515
12517
12520
12524
12528
12531
12532
12534
12536
12537
12544
12555
12555
12559
12561
12561
12566
12568
12571
12573
12579
12581
12585
12588
12589
12590
12593
12595
12600
12602
12603
12607
12607
12611
12613
12613
12616
12618
12620
12620
12621
12632
12633
12634
12638
12641
12643
12647
12648
12648
12652
12658
12659
12661
12664
12670
12670
12674
12674
12676
12678
12682
12684
12686
12689
12692
12704
12706
12708
12708
12709
12710
12716
12717
12723
12726
12727
12727
12728
12729
12729
12731
12733
12733
12740
12740
12740
12742
12748
12752
12754
12765
12765
12769
12773
12780
12789
12799
12800
12802
12803
12804
12808
12811
12816
12819
12822
12826
12826
12826
12830
12837
12839
12841
12847
12849
12854
12854
12854
12857
12858
12870
12872
12882
12886
12893
12896
12902
12904
12906
12912
12912
12914
12922
12923
12932
12936
12939
12941
12949
12953
12953
12956
12959
12967
12968
12969
12971
12974
12974
12976
12979
12980
12981
12982
12988
12990
12991
12997
12997
12997
12998
13000
13003
13003
13007
13010
13010
13022
13026
13028
13030
13040
13050
13050
13050
13054
13055
13058
13060
13065
13066
13067
13067
13071
13075
13080
13081
13082
13082
13088
13090
13090
13092
13093
13108
13108
13108
13108
13114
13114
13115
13116
13129
13130
13134
13140
13144
13145
13146
13146
13156
13161
13165
13166
13167
13174
13175
13183
13188
13190
13191
13193
13194
13196
13197
13198
13199
13202
13204
13207
13215
13220
13225
13226
13233
13234
13235
13237
13241
13242
13243
13248
13262
13264
13264
13266
13267
13274
13274
13280
13294
13295
13300
13302
13302
13303
13305
13309
13310
13311
13318
13328
13330
13335
13342
13344
13344
13346
13350
13352
13353
13354
13363
13364
13374
13377
13382
13383
13386
13386
13387
13389
13396
13397
13402
13402
13405
13407
13407
13419
13420
13421
13423
13424
13426
13426
13433
13437
13437
13440
13443
13445
13446
13447
13449
13453
13468
13470
13474
13476
13478
13485
13497
13498
13498
13523
13524
13525
13528
13528
13530
13532
13532
13532
13535
13535
13542
13544
13546
13549
13554
13555
13559
13560
13562
13565
13573
13580
13584
13588
13590
13593
13595
13597
13600
13601
13608
13612
13617
13617
13620
13623
13625
13631
13631
13637
13639
13642
13643
13648
13651
13654
13657
13660
13663
13679
13679
13679
13680
13686
13687
13690
13693
13699
13699
13701
13704
13715
13716
13718
13722
13723
13724
13724
13728
13735
13740
13743
13746
13747
13749
13753
13763
13763
13769
13769
13774
13774
13775
13778
13788
13793
13800
13801
13804
13809
13813
13814
13815
13819
13819
13823
13834
13837
13844
13845
13847
13853
13855
13861
13865
13867
13867
13871
13872
13872
13879
13884
13890
13895
13897
13898
13899
13903
13904
13908
13908
13908
13914
13917
13920
13922
13925
13926
13929
13945
13948
13951
13953
13954
13968
13970
13972
13972
13977
13980
13982
13988
13990
13995
14005
14006
14013
14016
14016
14020
14022
14031
14040
14047
14047
14048
14050
14052
14052
14055
14059
14063
14064
14064
14067
14069
14071
14072
14073
14073
14075
14075
14075
14076
14079
14080
14081
14081
14082
14083
14088
14091
14092
14092
14093
14109
14116
14120
14128
14128
14132
14145
14147
14170
14177
14181
14181
14185
14189
14192
14194
14195
14203
14212
14214
14216
14222
14223
14224
14225
14227
14232
14238
14247
14249
14251
14252
14253
14253
14254
14256
14265
14272
14274
14275
14277
14280
14280
14281
14282
14284
14288
14289
14290
14292
14292
14296
14299
14304
14311
14315
14318
14324
14330
14331
14338
14340
14349
14351
14355
14358
14362
14363
14364
14365
14368
14372
14372
14377
14377
14383
14384
14393
14397
14400
14402
14403
14404
14404
14416
14419
14419
14426
14430
14432
14434
14436
14448
14448
14456
14458
14462
14468
14469
14471
14472
14473
14475
14475
14476
14482
14490
14494
14500
14509
14520
14522
14523
14532
14535
14537
14539
14544
14545
14550
14553
14558
14558
14560
14563
14564
14568
14570
14570
14571
14572
14576
14577
14581
14583
14584
14587
14587
14590
14595
14603
14604
14604
14609
14623
14626
14629
14630
14636
14637
14638
14642
14644
14645
14653
14660
14662
14665
14672
14676
14677
14679
14683
14683
14685
14687
14688
14688
14693
14696
14699
14707
14708
14708
14709
14712
14715
14720
14721
14722
14722
14735
14736
14737
14737
14739
14741
14742
14743
14752
14753
14761
14762
14764
14764
14764
14765
14765
14765
14766
14779
14780
14783
14786
14788
14791
14791
14794
14795
14796
14801
14808
14813
14813
14814
14817
14818
14830
14834
14834
14834
14837
14846
14853
14855
14858
14859
14860
14861
14861
14866
14871
14872
14879
14879
14883
14884
14891
14899
14902
14910
14913
14917
14918
14925
14928
14928
14934
14937
14938
14941
14949
14950
14953
14956
14962
14967
14968
14977
14978
14981
14981
14983
14986
14988
14991
14994
14998
15005
15011
15013
15014
15014
15024
15024
15024
15025
15031
15033
15037
15039
15039
15042
15043
15050
15064
15067
15067
15072
15075
15076
15080
15082
15087
15087
15098
15101
15107
15109
15111
15111
15111
15111
15114
15119
15128
15133
15137
15150
15150
15150
15156
15156
15166
15166
15167
15168
15177
15177
15195
15200
15205
15215
15216
15217
15234
15234
15237
15237
15238
15243
15246
15248
15250
15252
15255
15259
15261
15266
15268
15268
15269
15277
15278
15281
15290
15292
15294
15299
15299
15299
15307
15308
15309
15309
15313
15314
15320
15321
15323
15327
15333
15339
15339
15342
15345
15346
15347
15347
15351
15354
15357
15363
15363
15364
15367
15369
15372
15373
15373
15375
15375
15378
15382
15384
15388
15390
15394
15396
15402
15403
15408
15412
15420
15424
15424
15425
15427
15428
15431
15439
15444
15447
15452
15455
15459
15471
15472
15478
15482
15484
15490
15494
15496
15496
15501
15502
15502
15503
15504
15506
15509
15517
15519
15521
15522
15525
15525
15526
15539
15545
15549
15553
15554
15562
15565
15566
15573
15574
15575
15576
15580
15583
15584
15587
15588
15589
15597
15603
15605
15605
15605
15606
15607
15608
15612
15612
15613
15613
15613
15617
15619
15622
15630
15632
15646
15646
15654
15658
15659
15661
15667
15669
15671
15675
15681
15682
15684
15684
15686
15688
15691
15694
15695
15695
15701
15701
15704
15708
15712
15715
15715
15717
15721
15723
15732
15732
15734
15734
15737
15741
15742
15745
15745
15753
15753
15757
15761
15772
15777
15780
15790
15795
15795
15796
15800
15804
15805
15808
15818
15823
15827
15830
15837
15837
15839
15840
15843
15850
15853
15854
15856
15856
15864
15864
15865
15870
15873
15875
15876
15877
15897
15897
15899
15902
15903
15903
15905
15917
15917
15920
15929
15936
15941
15944
15945
15946
15947
15964
15965
15970
15970
15972
15973
15973
15985
15986
15988
15991
15993
15998
16000
16001
16009
16013
16016
16016
16019
16019
16020
16022
16030
16030
16032
16038
16041
16042
16042
16042
16042
16050
16054
16063
16066
16071
16075
16079
16081
16082
16084
16094
16096
16110
16114
16118
16120
16124
16130
16134
16136
16140
16141
16148
16152
16157
16160
16162
16167
16170
16182
16184
16188
16196
16197
16198
16203
16207
16214
16216
16225
16232
16234
16240
16241
16254
16259
16266
16270
16270
16271
16273
16285
16285
16290
16291
16293
16293
16300
16301
16308
16309
16310
16313
16321
16324
16329
16330
16331
16335
16336
16337
16338
16339
16343
16356
16373
16383
16383
16385
16391
16393
16398
16398
16400
16404
16404
16411
16424
16428
16433
16434
16442
16454
16455
16459
16461
16469
16474
16474
16477
16477
16481
16484
16488
16489
16497
16498
16499
16512
16519
16525
16525
16526
16526
16543
16544
16545
16546
16548
16549
16550
16556
16563
16565
16566
16573
16573
16575
16579
16581
16586
16587
16587
16588
16588
16599
16599
16605
16608
16610
16612
16616
16620
16626
16627
16628
16634
16634
16642
16644
16647
16647
16661
16663
16664
16666
16668
16669
16673
16673
16676
16676
16676
16676
16684
16692
16695
16696
16697
16700
16700
16707
16710
16715
16717
16718
16726
16731
16732
16732
16734
16736
16737
16741
16743
16744
16751
16757
16781
16782
16784
16788
16789
16791
16797
16797
16808
16811
16817
16823
16829
16829
16831
16833
16833
16838
16849
16850
16851
16852
16857
16858
16864
16864
16867
16870
16873
16875
16890
16893
16899
16904
16907
16911
16916
16917
16920
16924
16925
16932
16935
16936
16937
16941
16951
16954
16955
16959
16961
16964
16967
16969
16970
16971
16975
16977
16980
16985
16988
16989
16990
16991
16993
16997
17004
17004
17011
17012
17016
17016
17016
17017
17018
17022
17023
17028
17029
17039
17049
17052
17053
17057
17065
17066
17068
17075
17081
17087
17089
17091
17098
17101
17103
17110
17111
17113
17114
17116
17117
17117
17123
17125
17126
17138
17139
17142
17146
17146
17151
17152
17153
17158
17158
17160
17161
17163
17167
17171
17178
17178
17181
17182
17184
17188
17192
17194
17202
17203
17208
17211
17217
17218
17220
17227
17232
17236
17237
17244
17250
17251
17267
17273
17273
17274
17279
17279
17280
17284
17287
17291
17292
17301
17304
17308
17308
17308
17316
17317
17317
17317
17320
17322
17327
17327
17328
17328
17336
17340
17344
17346
17349
17352
17353
17354
17358
17361
17363
17368
17372
17374
17375
17377
17382
17386
17386
17387
17391
17391
17394
17395
17396
17397
17398
17402
17405
17410
17410
17414
17416
17422
17425
17425
17426
17432
17432
17439
17441
17441
17441
17445
17449
17449
17450
17457
17457
17460
17465
17469
17471
17476
17478
17480
17481
17483
17488
17492
17493
17496
17496
17499
17499
17502
17502
17503
17511
17511
17512
17517
17521
17522
17524
17527
17527
17532
17539
17541
17544
17546
17549
17550
17552
17556
17557
17558
17564
17564
17568
17571
17572
17574
17575
17594
17596
17597
17599
17612
17620
17623
17625
17636
17636
17639
17652
17652
17654
17654
17656
17657
17662
17665
17667
17668
17669
17674
17678
17690
17690
17691
17693
17698
17698
17700
17704
17705
17706
17708
17712
17719
17726
17727
17735
17742
17745
17748
17749
17751
17751
17752
17761
17767
17769
17771
17772
17774
17777
17779
17780
17781
17781
17788
17790
17791
17791
17802
17803
17806
17811
17817
17821
17825
17831
17832
17834
17835
17836
17836
17843
17844
17850
17851
17856
17859
17862
17863
17865
17867
17871
17873
17874
17877
17883
17884
17884
17889
17892
17895
17901
17904
17911
17914
17921
17922
17924
17926
17926
17931
17931
17944
17946
17952
17955
17960
17963
17963
17966
17967
17969
17983
17985
17992
17996
18001
18002
18011
18011
18016
18017
18017
18020
18020
18029
18044
18044
18044
18045
18047
18047
18049
18053
18056
18059
18060
18061
18061
18071
18073
18077
18081
18082
18083
18085
18086
18086
18092
18095
18095
18098
18099
18104
18105
18105
18107
18112
18112
18115
18116
18119
18120
18124
18128
18130
18130
18138
18144
18146
18149
18151
18152
18152
18154
18157
18162
18175
18179
18181
18188
18188
18189
18197
18200
18201
18204
18205
18210
18213
18229
18232
18236
18238
18247
18252
18254
18257
18264
18264
18268
18269
18269
18270
18274
18275
18276
18278
18279
18280
18280
18282
18282
18284
18284
18291
18297
18299
18301
18305
18306
18312
18313
18316
18316
18318
18318
18319
18320
18324
18325
18326
18328
18330
18335
18339
18347
18350
18352
18352
18353
18357
18357
18359
18360
18363
18367
18369
18372
18373
18375
18377
18379
18381
18381
18383
18394
18395
18396
18396
18398
18399
18417
18418
18425
18426
18426
18426
18434
18438
18442
18444
18447
18449
18450
18450
18451
18452
18456
18456
18458
18459
18459
18463
18470
18470
18472
18476
18477
18477
18478
18479
18484
18487
18491
18491
18492
18494
18496
18499
18506
18508
18509
18510
18526
18530
18534
18535
18536
18540
18541
18541
18542
18545
18555
18557
18557
18558
18562
18572
18572
18573
18586
18587
18587
18589
18592
18593
18599
18604
18609
18610
18613
18617
18623
18627
18636
18641
18648
18655
18657
18659
18662
18663
18668
18671
18675
18675
18678
18693
18694
18698
18702
18703
18705
18706
18706
18706
18707
18707
18711
18718
18725
18726
18728
18737
18747
18751
18754
18756
18769
18771
18771
18774
18775
18776
18780
18780
18787
18796
18798
18802
18803
18809
18810
18810
18813
18823
18824
18826
18830
18832
18833
18840
18844
18857
18859
18859
18862
18863
18864
18866
18874
18879
18880
18880
18881
18892
18899
18899
18903
18904
18911
18916
18919
18920
18920
18922
18923
18927
18928
18933
18936
18937
18945
18948
18949
18949
18953
18954
18954
18955
18963
18964
18969
18971
18971
18972
18976
18977
18989
18994
18998
19003
19006
19014
19016
19016
19016
19019
19019
19021
19024
19028
19032
19032
19040
19041
19044
19047
19047
19057
19058
19059
19061
19064
19065
19067
19069
19072
19072
19072
19077
19080
19084
19085
19087
19093
19097
19104
19104
19104
19107
19107
19109
19113
19118
19120
19121
19122
19126
19126
19133
19137
19137
19137
19141
19143
19148
19153
19157
19160
19163
19166
19168
19169
19174
19176
19177
19178
19179
19184
19188
19194
19203
19209
19211
19217
19218
19218
19234
19243
19243
19245
19246
19247
19260
19262
19267
19268
19271
19277
19279
19281
19282
19286
19289
19300
19309
19309
19314
19315
19318
19319
19320
19320
19320
19320
19322
19324
19331
19334
19336
19337
19342
19347
19347
19351
19355
19356
19362
19366
19373
19375
19376
19379
19389
19390
19393
19395
19399
19404
19405
19413
19413
19413
19417
19421
19422
19427
19427
19429
19432
19433
19436
19440
19443
19443
19445
19445
19451
19455
19457
19462
19464
19469
19469
19472
19476
19480
19490
19491
19493
19495
19498
19505
19506
19514
19519
19533
19545
19548
19548
19557
19559
19561
19563
19582
19587
19591
19594
19597
19604
19607
19612
19621
19626
19627
19628
19639
19640
19641
19642
19648
19648
19654
19655
19660
19666
19684
19684
19684
19689
19690
19690
19690
19696
19697
19698
19702
19702
19706
19706
19712
19716
19721
19721
19723
19727
19728
19729
19736
19739
19744
19754
19756
19756
19757
19760
19771
19771
19772
19773
19774
19778
19779
19782
19785
19799
19802
19802
19812
19812
19813
19813
19816
19828
19829
19832
19835
19850
19851
19852
19855
19864
19865
19867
19874
19874
19884
19885
19886
19890
19892
19897
19904
19904
19905
19908
19912
19914
19914
19916
19919
19920
19923
19930
19939
19951
19964
19967
19974
19975
19976
19978
19982
19983
19990
19992
19994
20006
20007
20008
20014
20016
20027
20027
20028
20030
20036
20038
20041
20043
20048
20048
20054
20056
20062
20063
20068
20068
20069
20072
20074
20076
20078
20079
20080
20082
20089
20091
20092
20093
20097
20105
20109
20109
20111
20113
20115
20115
20121
20123
20124
20125
20126
20127
20132
20135
20136
20138
20142
20145
20147
20152
20153
20155
20161
20162
20168
20168
20172
20173
20176
20176
20178
20179
20184
20191
20195
20201
20207
20211
20215
20224
20224
20244
20249
20255
20255
20262
20263
20270
20272
20275
20277
20284
20285
20291
20295
20295
20295
20302
20306
20317
20319
20321
20326
20327
20341
20344
20345
20346
20346
20354
20355
20360
20360
20361
20369
20371
20374
20376
20380
20384
20384
20392
20394
20401
20402
20409
20424
20424
20426
20430
20436
20439
20439
20444
20445
20446
20447
20449
20452
20457
20459
20460
20466
20467
20468
20471
20473
20477
20479
20479
20481
20493
20503
20513
20513
20514
20520
20521
20521
20526
20529
20531
20532
20534
20538
20539
20544
20545
20547
20548
20551
20551
20555
20557
20558
20558
20565
20566
20567
20573
20582
20584
20586
20586
20586
20589
20592
20597
20599
20614
20615
20617
20619
20620
20621
20622
20623
20626
20626
20627
20631
20632
20636
20642
20646
20646
20649
20654
20658
20660
20664
20665
20666
20667
20670
20673
20677
20694
20696
20699
20709
20710
20715
20715
20717
20723
20724
20728
20733
20733
20735
20736
20737
20738
20741
20744
20749
20749
20750
20758
20759
20761
20765
20766
20767
20771
20771
20771
20773
20780
20780
20785
20787
20787
20790
20791
20807
20811
20814
20815
20815
20816
20817
20817
20818
20829
20830
20833
20834
20835
20840
20845
20848
20866
20870
20875
20876
20879
20884
20884
20886
20886
20888
20896
20896
20897
20899
20910
20910
20914
20915
20916
20919
20922
20923
20928
20932
20936
20937
20942
20944
20947
20952
20957
20958
20959
20960
20965
20969
20969
20971
20972
20974
20974
20977
20978
20979
20980
20991
20992
20993
20993
20997
20999
21003
21003
21004
21004
21005
21008
21015
21027
21029
21031
21037
21038
21040
21040
21041
21041
21052
21057
21062
21065
21065
21067
21071
21072
21073
21078
21082
21086
21087
21090
21091
21096
21101
21102
21102
21103
21103
21108
21111
21114
21114
21114
21115
21115
21116
21118
21118
21121
21125
21130
21135
21135
21140
21146
21150
21152
21161
21164
21167
21171
21174
21175
21182
21182
21186
21186
21188
21189
21189
21189
21195
21206
21214
21216
21218
21220
21228
21232
21234
21235
21235
21238
21239
21240
21245
21250
21251
21251
21251
21252
21252
21260
21261
21261
21264
21265
21266
21269
21271
21275
21278
21278
21279
21279
21280
21283
21286
21291
21291
21291
21292
21293
21312
21312
21312
21313
21320
21324
21327
21329
21332
21332
21333
21335
21337
21337
21338
21343
21344
21348
21351
21351
21358
21360
21360
21363
21365
21367
21372
21376
21380
21380
21382
21383
21383
21384
21388
21391
21394
21399
21399
21403
21409
21414
21415
21418
21419
21423
21425
21430
21431
21431
21432
21434
21443
21445
21448
21450
21452
21454
21458
21459
21459
21459
21465
21473
21475
21485
21489
21490
21496
21497
21499
21503
21510
21511
21522
21522
21523
21524
21530
21538
21541
21550
21553
21555
21558
21561
21566
21572
21573
21574
21576
21577
21588
21588
21589
21594
21610
21615
21620
21626
21634
21634
21640
21655
21656
21658
21660
21662
21664
21667
21673
21675
21676
21680
21685
21685
21688
21695
21698
21698
21698
21705
21708
21713
21715
21719
21720
21723
21728
21744
21746
21746
21747
21749
21749
21751
21758
21761
21763
21771
21776
21776
21780
21782
21783
21783
21786
21799
21805
21808
21809
21810
21814
21814
21819
21829
21833
21835
21837
21839
21841
21842
21845
21847
21848
21850
21851
21857
21862
21863
21863
21866
21871
21874
21874
21876
21880
21880
21880
21896
21897
21898
21899
21901
21901
21903
21904
21905
21912
21914
21915
21917
21918
21924
21930
21931
21936
21938
21946
21960
21961
21963
21965
21967
21972
21973
21974
21983
21986
21987
21989
21995
21995
21998
21999
22007
22009
22012
22026
22028
22032
22032
22039
22041
22047
22048
22053
22061
22061
22070
22071
22074
22075
22075
22078
22080
22081
22089
22090
22102
22104
22107
22110
22115
22128
22142
22145
22145
22149
22149
22149
22150
22154
22156
22158
22163
22167
22173
22174
22175
22182
22199
22203
22209
22212
22215
22220
22226
22227
22228
22230
22232
22235
22236
22240
22245
22250
22250
22254
22258
22262
22267
22273
22276
22276
22277
22277
22278
22282
22285
22288
22291
22292
22296
22298
22302
22302
22303
22304
22308
22313
22314
22315
22316
22318
22320
22322
22324
22329
22330
22331
22348
22349
22349
22354
22355
22359
22363
22373
22373
22375
22376
22380
22383
22384
22387
22388
22395
22395
22396
22396
22398
22402
22405
22407
22407
22408
22414
22416
22419
22420
22421
22422
22423
22424
22425
22429
22431
22434
22435
22447
22456
22456
22457
22464
22467
22469
22473
22476
22476
22478
22478
22480
22489
22492
22493
22498
22523
22526
22527
22532
22533
22535
22543
22549
22556
22562
22562
22566
22570
22571
22579
22581
22587
22589
22595
22595
22600
22601
22604
22605
22610
22613
22614
22624
22626
22626
22630
22630
22633
22633
22635
22643
22646
22647
22651
22653
22654
22659
22665
22686
22687
22688
22689
22692
22693
22696
22698
22701
22704
22705
22707
22710
22717
22722
22727
22738
22739
22741
22747
22749
22751
22755
22755
22759
22762
22764
22772
22776
22779
22783
22787
22790
22790
22803
22805
22809
22810
22817
22819
22823
22831
22836
22837
22839
22842
22848
22851
22859
22860
22862
22867
22868
22868
22873
22883
22885
22888
22890
22890
22903
22904
22908
22910
22911
22915
22917
22919
22927
22930
22936
22938
22947
22949
22950
22951
22960
22962
22963
22966
22966
22972
22972
22975
22978
22980
22981
22985
22985
22987
22999
23000
23000
23009
23015
23015
23016
23029
23033
23034
23035
23036
23043
23045
23051
23054
23061
23063
23069
23072
23073
23077
23078
23078
23080
23083
23084
23084
23094
23098
23098
23102
23104
23106
23111
23118
23125
23127
23135
23136
23137
23147
23148
23149
23150
23150
23155
23158
23159
23167
23168
23169
23169
23172
23178
23179
23190
23198
23204
23206
23210
23211
23217
23221
23221
23225
23225
23227
23236
23236
23236
23237
23243
23243
23251
23252
23255
23262
23270
23270
23276
23279
23280
23283
23288
23291
23292
23295
23296
23298
23299
23300
23301
23301
23302
23306
23306
23319
23319
23320
23321
23322
23324
23326
23335
23338
23343
23344
23349
23352
23364
23365
23371
23374
23377
23377
23378
23378
23381
23383
23387
23393
23399
23402
23403
23403
23404
23409
23414
23422
23423
23424
23424
23428
23428
23429
23429
23431
23432
23438
23445
23447
23447
23448
23449
23461
23463
23466
23466
23470
23470
23477
23478
23480
23483
23486
23486
23486
23488
23492
23498
23499
23501
23515
23519
23519
23523
23523
23527
23530
23531
23535
23541
23543
23543
23544
23545
23546
23546
23551
23553
23557
23565
23573
23576
23583
23583
23583
23584
23586
23586
23586
23588
23589
23592
23592
23595
23597
23602
23602
23602
23607
23615
23616
23618
23620
23621
23624
23625
23625
23629
23632
23636
23638
23639
23640
23647
23648
23648
23656
23657
23658
23660
23660
23660
23661
23673
23673
23674
23677
23680
23682
23687
23688
23689
23690
23698
23699
23702
23707
23708
23714
23715
23715
23716
23723
23733
23740
23745
23747
23750
23757
23763
23768
23768
23770
23770
23772
23793
23794
23795
23795
23796
23798
23799
23804
23806
23817
23820
23820
23820
23821
23821
23821
23821
23827
23828
23828
23828
23832
23835
23839
23840
23842
23845
23846
23847
23847
23850
23851
23853
23854
23855
23857
23861
23862
23866
23866
23866
23872
23876
23879
23880
23880
23884
23894
23896
23896
23900
23903
23905
23907
23910
23910
23912
23914
23914
23920
23920
23921
23922
23925
23929
23933
23936
23945
23945
23952
23956
23959
23961
23962
23963
23966
23968
23968
23968
23969
23976
23977
23983
23996
24001
24009
24010
24017
24020
24026
24032
24032
24039
24039
24045
24048
24059
24062
24064
24074
24085
24086
24088
24089
24096
24096
24097
24099
24100
24104
24106
24107
24116
24117
24118
24121
24122
24126
24131
24132
24137
24140
24142
24144
24149
24156
24157
24160
24160
24161
24164
24166
24172
24178
24182
24187
24189
24191
24191
24194
24196
24205
24205
24208
24214
24216
24223
24226
24229
24230
24231
24236
24237
24238
24241
24247
24248
24253
24253
24255
24258
24261
24264
24269
24270
24270
24273
24275
24283
24297
24298
24298
24300
24306
24306
24306
24307
24311
24317
24318
24319
24321
24323
24323
24325
24330
24338
24343
24351
24360
24361
24374
24374
24380
24380
24381
24382
24383
24386
24387
24392
24397
24397
24407
24412
24414
24414
24415
24416
24418
24421
24426
24434
24441
24441
24446
24447
24447
24452
24452
24462
24465
24473
24476
24477
24477
24479
24488
24494
24500
24500
24501
24503
24503
24505
24506
24506
24508
24509
24512
24512
24516
24519
24521
24522
24524
24527
24529
24533
24538
24539
24545
24546
24551
24552
24553
24564
24569
24572
24572
24576
24589
24590
24591
24605
24607
24613
24615
24618
24619
24622
24622
24625
24625
24630
24631
24636
24638
24642
24643
24644
24650
24653
24654
24657
24658
24659
24663
24668
24669
24673
24674
24675
24676
24682
24683
24686
24687
24690
24691
24693
24693
24701
24705
24706
24708
24711
24717
24721
24730
24733
24734
24740
24743
24743
24745
24746
24748
24750
24751
24756
24765
24768
24770
24774
24781
24783
24784
24784
24788
24793
24794
24795
24800
24809
24813
24813
24822
24822
24823
24823
24833
24836
24845
24850
24851
24851
24857
24857
24859
24863
24865
24869
24870
24876
24876
24876
24877
24878
24879
24880
24881
24882
24886
24887
24889
24891
24891
24892
24910
24914
24920
24920
24921
24925
24931
24940
24947
24951
24953
24954
24960
24966
24966
24967
24968
24972
24974
24979
24979
24987
24988
24993
25003
25003
25004
25006
25010
25013
25015
25015
25023
25025
25025
25025
25030
25032
25037
25038
25039
25039
25040
25045
25051
25052
25054
25059
25059
25060
25063
25065
25081
25083
25089
25094
25096
25098
25099
25101
25103
25103
25109
25109
25112
25117
25118
25120
25120
25122
25131
25132
25133
25136
25148
25148
25149
25150
25151
25152
25154
25156
25156
25163
25164
25166
25167
25176
25178
25179
25188
25193
25194
25195
25198
25199
25200
25202
25204
25204
25206
25210
25213
25214
25225
25231
25233
25238
25241
25247
25247
25249
25252
25255
25257
25257
25260
25260
25261
25271
25284
25285
25289
25294
25296
25304
25307
25309
25309
25318
25319
25323
25329
25332
25335
25337
25342
25343
25345
25346
25348
25349
25350
25351
25360
25362
25370
25370
25378
25381
25391
25392
25392
25394
25395
25398
25402
25405
25406
25411
25413
25416
25416
25424
25430
25433
25440
25440
25445
25450
25452
25462
25472
25473
25475
25477
25479
25483
25484
25485
25487
25489
25490
25502
25503
25503
25506
25507
25513
25518
25519
25523
25526
25526
25527
25528
25530
25537
25539
25540
25540
25542
25551
25556
25561
25566
25568
25568
25572
25576
25580
25582
25589
25589
25592
25598
25603
25610
25611
25615
25616
25621
25621
25635
25640
25643
25643
25643
25644
25648
25648
25649
25650
25652
25652
25652
25656
25657
25658
25661
25663
25669
25671
25679
25691
25693
25693
25694
25696
25697
25698
25698
25700
25715
25716
25718
25720
25720
25726
25729
25730
25730
25731
25736
25737
25742
25745
25746
25751
25757
25761
25763
25767
25767
25774
25774
25778
25778
25779
25780
25781
25784
25788
25788
25789
25789
25790
25791
25798
25799
25800
25801
25805
25813
25813
25816
25824
25833
25855
25857
25866
25881
25882
25885
25887
25894
25900
25903
25915
25915
25916
25919
25920
25920
25921
25922
25922
25926
25932
25933
25933
25933
25939
25942
25943
25945
25947
25947
25948
25949
25955
25959
25966
25967
25973
25976
25989
25997
26000
26003
26013
26015
26022
26024
26024
26029
26032
26033
26037
26041
26043
26058
26060
26064
26064
26064
26071
26075
26079
26080
26084
26084
26084
26087
26092
26094
26095
26108
26108
26110
26112
26112
26113
26116
26117
26118
26120
26129
26129
26130
26135
26136
26139
26143
26155
26155
26155
26155
26158
26161
26165
26166
26173
26174
26176
26179
26180
26182
26185
26190
26199
26200
26202
26205
26207
26217
26218
26220
26221
26225
26225
26226
26236
26239
26247
26248
26249
26253
26259
26265
26267
26268
26274
26278
26278
26279
26284
26286
26291
26291
26294
26294
26296
26297
26298
26299
26300
26305
26306
26306
26310
26320
26322
26322
26330
26331
26332
26343
26348
26348
26352
26354
26355
26358
26369
26371
26376
26383
26389
26390
26394
26401
26405
26406
26406
26411
26411
26413
26416
26417
26418
26421
26422
26427
26433
26438
26440
26445
26448
26454
26455
26463
26463
26464
26466
26469
26474
26477
26479
26486
26488
26488
26504
26504
26511
26512
26512
26513
26513
26518
26520
26523
26530
26542
26546
26547
26552
26552
26554
26555
26557
26560
26566
26575
26585
26586
26586
26594
26606
26621
26621
26621
26623
26632
26632
26634
26643
26646
26651
26653
26654
26654
26656
26656
26660
26660
26670
26679
26683
26686
26695
26700
26701
26707
26708
26714
26718
26727
26729
26730
26732
26734
26735
26741
26745
26745
26750
26756
26762
26763
26766
26772
26773
26774
26786
26787
26789
26792
26797
26802
26803
26803
26806
26808
26809
26810
26811
26818
26827
26829
26829
26830
26838
26847
26851
26851
26855
26869
26872
26873
26874
26876
26880
26883
26883
26887
26891
26899
26900
26901
26903
26910
26916
26920
26924
26924
26925
26945
26946
26962
26973
26974
26978
26979
26985
26988
26989
26990
26993
27003
27004
27004
27008
27008
27012
27013
27021
27026
27030
27032
27035
27037
27045
27048
27054
27055
27068
27069
27074
27074
27078
27081
27082
27083
27086
27087
27089
27089
27092
27093
27094
27098
27098
27100
27102
27103
27104
27109
27114
27116
27140
27147
27151
27157
27161
27161
27170
27171
27172
27175
27183
27184
27185
27187
27187
27192
27195
27196
27196
27199
27199
27204
27206
27208
27211
27211
27211
27217
27220
27220
27220
27220
27224
27227
27233
27233
27237
27242
27244
27244
27245
27248
27250
27252
27252
27252
27254
27257
27258
27263
27263
27263
27273
27273
27274
27275
27278
27285
27291
27291
27295
27299
27299
27301
27311
27313
27318
27321
27329
27333
27334
27337
27338
27343
27344
27345
27352
27360
27364
27368
27371
27371
27375
27375
27382
27390
27390
27392
27392
27393
27398
27400
27405
27407
27416
27418
27420
27423
27426
27435
27435
27438
27439
27440
27447
27448
27449
27450
27451
27454
27462
27465
27465
27468
27472
27478
27480
27483
27483
27492
27501
27502
27505
27505
27509
27510
27512
27513
27515
27522
27523
27530
27536
27541
27548
27551
27554
27558
27563
27564
27569
27573
27578
27583
27588
27592
27597
27598
27601
27603
27603
27614
27617
27618
27623
27628
27629
27650
27654
27661
27663
27666
27669
27672
27673
27677
27682
27703
27704
27710
27710
27713
27716
27720
27722
27726
27732
27739
27739
27739
27740
27744
27747
27748
27755
27756
27757
27758
27759
27762
27762
27764
27766
27769
27770
27772
27773
27777
27785
27786
27786
27788
27792
27796
27805
27810
27811
27813
27818
27821
27823
27823
27838
27844
27846
27848
27852
27852
27853
27853
27860
27862
27869
27870
27888
27890
27908
27912
27912
27915
27918
27921
27921
27923
27925
27931
27933
27934
27937
27942
27947
27949
27955
27962
27962
27965
27970
27973
27985
27988
27990
27991
27991
27992
28003
28004
28008
28009
28014
28016
28021
28021
28024
28030
28030
28040
28040
28042
28044
28047
28050
28050
28051
28057
28060
28066
28067
28069
28071
28075
28078
28081
28082
28087
28090
28094
28099
28099
28104
28109
28122
28122
28127
28128
28133
28133
28134
28135
28136
28147
28149
28150
28156
28159
28160
28163
28170
28176
28176
28181
28181
28182
28185
28189
28192
28193
28197
28197
28198
28200
28208
28226
28227
28227
28228
28236
28236
28238
28252
28254
28257
28265
28266
28270
28270
28279
28279
28282
28284
28286
28287
28291
28291
28294
28295
28297
28302
28303
28303
28313
28315
28320
28321
28323
28327
28332
28336
28336
28337
28339
28344
28345
28348
28350
28354
28354
28364
28366
28368
28371
28374
28379
28381
28382
28382
28388
28389
28395
28396
28399
28400
28407
28409
28414
28415
28416
28428
28431
28431
28432
28435
28438
28438
28441
28441
28448
28452
28461
28462
28470
28473
28477
28479
28481
28484
28486
28487
28490
28496
28499
28501
28502
28505
28512
28516
28522
28524
28527
28528
28528
28530
28540
28541
28544
28553
28556
28561
28562
28565
28567
28571
28571
28574
28580
28582
28583
28585
28594
28599
28600
28602
28607
28607
28608
28614
28616
28619
28624
28631
28636
28637
28638
28639
28640
28644
28645
28647
28650
28651
28657
28670
28671
28674
28680
28681
28682
28683
28684
28688
28690
28694
28697
28698
28707
28709
28709
28715
28720
28726
28727
28727
28732
28732
28732
28732
28733
28736
28736
28738
28743
28746
28751
28753
28757
28759
28760
28760
28763
28763
28766
28772
28775
28776
28776
28777
28788
28789
28796
28801
28804
28809
28819
28821
28821
28825
28829
28833
28833
28838
28840
28846
28847
28848
28851
28854
28857
28859
28860
28860
28862
28862
28866
28871
28879
28879
28879
28887
28888
28891
28894
28896
28896
28897
28917
28921
28928
28929
28930
28933
28937
28938
28939
28942
28949
28957
28961
28961
28962
28964
28965
28965
28973
28975
28988
28988
28989
28991
28993
28994
29001
29007
29009
29014
29016
29024
29024
29035
29037
29038
29042
29051
29051
29052
29052
29057
29061
29062
29063
29064
29066
29068
29069
29070
29073
29075
29076
29081
29083
29093
29094
29096
29098
29099
29106
29110
29114
29116
29116
29121
29126
29129
29130
29130
29136
29137
29139
29151
29155
29156
29157
29160
29160
29167
29172
29174
29179
29180
29181
29183
29186
29189
29190
29202
29204
29205
29211
29212
29214
29224
29224
29227
29230
29231
29234
29235
29236
29236
29241
29244
29247
29248
29248
29248
29250
29253
29259
29259
29264
29271
29275
29275
29278
29288
29290
29294
29306
29306
29309
29313
29320
29322
29326
29336
29343
29344
29344
29346
29346
29349
29349
29351
29353
29353
29356
29362
29363
29365
29380
29386
29389
29395
29396
29398
29399
29403
29404
29404
29404
29405
29416
29419
29424
29424
29430
29430
29431
29431
29437
29437
29437
29439
29440
29445
29447
29447
29449
29452
29461
29462
29462
29471
29472
29474
29475
29476
29484
29485
29486
29496
29497
29506
29507
29518
29519
29520
29521
29521
29526
29527
29527
29534
29535
29542
29549
29551
29552
29561
29563
29564
29569
29581
29593
29595
29604
29605
29608
29618
29620
29621
29623
29626
29628
29630
29630
29635
29636
29638
29641
29643
29656
29663
29664
29665
29666
29670
29671
29674
29677
29684
29685
29686
29687
29694
29694
29703
29703
29703
29708
29708
29713
29713
29715
29721
29722
29722
29723
29724
29726
29727
29730
29732
29732
29734
29734
29736
29741
29755
29756
29758
29759
29760
29760
29763
29770
29774
29777
29783
29787
29790
29800
29802
29805
29806
29808
29813
29813
29813
29816
29817
29817
29817
29824
29828
29829
29830
29832
29832
29832
29843
29849
29851
29856
29859
29867
29868
29883
29884
29894
29897
29897
29898
29903
29904
29906
29906
29906
29908
29909
29910
29910
29915
29915
29926
29929
29932
29937
29941
29947
29950
29959
29962
29963
29964
29968
29971
29978
29982
29983
29983
29998
30002
30006
30007
30009
30018
30022
30022
30029
30029
30030
30031
30033
30034
30037
30039
30043
30045
30047
30048
30053
30057
30064
30065
30066
30070
30071
30077
30078
30079
30084
30086
30096
30099
30100
30103
30104
30105
30110
30116
30123
30124
30125
30128
30128
30134
30134
30135
30136
30139
30141
30144
30145
30157
30160
30165
30168
30170
30173
30178
30181
30182
30183
30185
30186
30189
30191
30195
30196
30199
30200
30202
30210
30216
30221
30226
30227
30228
30232
30232
30235
30238
30238
30240
30245
30245
30248
30258
30261
30263
30264
30264
30268
30270
30275
30278
30286
30289
30291
30292
30293
30297
30298
30298
30301
30303
30308
30309
30313
30318
30329
30334
30337
30347
30348
30350
30356
30356
30360
30363
30367
30368
30369
30370
30371
30375
30378
30378
30384
30392
30401
30402
30407
30407
30414
30420
30423
30423
30423
30424
30425
30427
30434
30437
30442
30446
30447
30466
30468
30469
30474
30480
30485
30486
30487
30487
30492
30503
30508
30512
30516
30518
30522
30530
30530
30532
30537
30538
30539
30544
30551
30551
30552
30554
30554
30555
30558
30563
30563
30570
30579
30580
30580
30580
30581
30581
30583
30591
30591
30592
30611
30612
30614
30616
30621
30623
30624
30625
30630
30633
30643
30644
30647
30648
30649
30649
30653
30664
30664
30691
30692
30692
30694
30694
30698
30701
30702
30702
30711
30712
30713
30717
30717
30726
30728
30737
30737
30742
30749
30749
30751
30753
30755
30759
30761
30762
30762
30766
30770
30783
30783
30787
30794
30796
30797
30797
30799
30800
30800
30800
30800
30807
30811
30811
30814
30816
30817
30821
30825
30838
30838
30839
30843
30846
30846
30849
30856
30861
30865
30872
30876
30876
30882
30885
30887
30887
30889
30889
30891
30894
30903
30906
30918
30925
30930
30934
30935
30937
30942
30943
30954
30957
30958
30961
30967
30969
30970
30974
30981
30986
30987
30990
30990
30994
30995
30995
30995
30999
31003
31006
31009
31015
31017
31024
31028
31028
31032
31034
31035
31036
31037
31043
31046
31048
31053
31054
31055
31057
31063
31064
31076
31081
31082
31087
31095
31097
31098
31100
31108
31110
31114
31120
31121
31121
31124
31124
31126
31129
31133
31135
31139
31141
31143
31146
31147
31155
31160
31160
31166
31170
31171
31174
31174
31178
31178
31188
31197
31200
31203
31221
31222
31223
31225
31231
31243
31252
31259
31264
31267
31268
31271
31275
31276
31277
31281
31284
31286
31287
31287
31290
31295
31299
31304
31306
31311
31312
31317
31321
31323
31323
31325
31330
31333
31336
31338
31340
31340
31353
31361
31362
31369
31371
31372
31377
31377
31390
31393
31396
31402
31405
31410
31415
31417
31420
31423
31426
31429
31434
31435
31439
31451
31452
31458
31467
31467
31471
31475
31477
31480
31486
31494
31498
31503
31503
31505
31517
31523
31524
31525
31526
31530
31540
31541
31541
31542
31543
31547
31548
31549
31553
31557
31559
31564
31582
31583
31586
31588
31589
31592
31599
31601
31602
31602
31603
31608
31608
31619
31628
31628
31629
31630
31633
31636
31637
31639
31641
31646
31652
31654
31661
31662
31663
31664
31674
31677
31677
31685
31686
31687
31687
31691
31691
31691
31693
31693
31694
31694
31696
31699
31703
31704
31709
31710
31711
31723
31727
31727
31728
31732
31733
31738
31749
31754
31756
31760
31761
31764
31771
31773
31773
31776
31777
31779
31780
31781
31784
31789
31790
31793
31807
31808
31812
31813
31816
31818
31822
31825
31825
31827
31829
31830
31831
31831
31832
31838
31844
31856
31862
31867
31871
31872
31878
31879
31880
31883
31884
31885
31892
31892
31895
31898
31902
31904
31904
31910
31910
31911
31912
31912
31913
31916
31918
31922
31928
31929
31932
31943
31961
31966
31967
31970
31979
31982
31982
31987
31990
31990
31991
31992
31994
31994
31997
32004
32011
32011
32014
32017
32021
32029
32032
32043
32046
32049
32055
32056
32075
32077
32081
32085
32096
32098
32105
32106
32108
32108
32112
32114
32116
32118
32121
32128
32132
32133
32135
32135
32139
32139
32153
32159
32159
32173
32174
32177
32185
32186
32188
32188
32192
32199
32200
32201
32202
32202
32205
32209
32221
32225
32226
32227
32231
32233
32233
32235
32238
32239
32240
32248
32248
32250
32255
32260
32262
32263
32267
32275
32278
32279
32283
32289
32302
32312
32314
32316
32317
32321
32321
32326
32327
32328
32328
32329
32334
32335
32335
32344
32347
32353
32354
32355
32360
32364
32365
32369
32370
32372
32372
32373
32378
32395
32397
32398
32403
32403
32414
32415
32418
32425
32427
32429
32430
32432
32441
32443
32443
32444
32450
32458
32461
32465
32472
32473
32479
32487
32487
32489
32494
32498
32499
32502
32526
32526
32528
32545
32545
32546
32548
32552
32553
32555
32560
32560
32562
32565
32565
32566
32567
32580
32580
32581
32582
32582
32583
32588
32590
32597
32601
32612
32624
32631
32634
32635
32636
32640
32640
32644
32644
32646
32647
32649
32662
32663
32663
32664
32665
32667
32668
32668
32669
32671
32671
32675
32675
32677
32677
32678
32679
32679
32682
32685
32686
32687
32690
32694
32694
32695
32698
32708
32709
32714
32720
32721
32722
32722
32724
32726
32726
32728
32730
32732
32736
32743
32755
32756
