100
31780
31779
31778
31777
31776
31775
31774
31773
31772
31771
31770
31769
31768
31767
31766
31765
31764
31763
31762
31761
31760
31759
31758
31757
31756
31755
31754
31753
31752
31751
31750
31749
31748
31747
31746
31745
31744
31743
31742
31741
31740
31739
31738
31737
31736
31735
31734
31733
31732
31731
31730
31729
31728
31727
31726
31725
31724
31723
31722
31721
31720
31719
31718
31717
31716
31715
31714
31713
31712
31711
31710
31709
31708
31707
31706
31705
31704
31703
31702
31701
31700
31699
31698
31697
31696
31695
31694
31693
31692
31691
31690
31689
31688
31687
31686
31685
31684
31683
31682
31681
