100
26276
26178
26179
26180
26181
26183
26184
26182
26186
26185
26188
26189
26190
26187
26191
26193
26194
26195
26192
26197
26198
26196
26200
26201
26202
26199
26203
26204
26206
26207
26208
26205
26210
26209
26212
26213
26214
26211
26215
26217
26216
26219
26220
26218
26222
26223
26221
26225
26226
26227
26224
26228
26229
26230
26232
26233
26231
26235
26234
26237
26238
26239
26236
26240
26242
26241
26244
26245
26243
26247
26248
26246
26250
26251
26252
26249
26253
26254
26256
26257
26258
26255
26260
26259
26262
26263
26264
26261
26265
26267
26266
26269
26270
26268
26272
26273
26271
26275
26274
26277
