100
26214
26213
26212
26211
26210
26209
26208
26207
26206
26205
26204
26203
26202
26201
26200
26199
26198
26197
26196
26195
26194
26193
26192
26191
26190
26189
26188
26187
26186
26185
26184
26183
26182
26181
26180
26179
26178
26177
26176
26175
26174
26173
26172
26171
26170
26169
26168
26167
26166
26165
26164
26163
26162
26161
26160
26159
26158
26157
26156
26155
26154
26153
26152
26151
26150
26149
26148
26147
26146
26145
26144
26143
26142
26141
26140
26139
26138
26137
26136
26135
26134
26133
26132
26131
26130
26129
26128
26127
26126
26125
26124
26123
26122
26121
26120
26119
26118
26117
26116
26115
