100
26213
26115
26117
26119
26121
26122
26120
26124
26123
26126
26127
26128
26125
26129
26131
26130
26133
26134
26132
26136
26137
26135
26139
26140
26118
26138
26142
26141
26145
26146
26147
26144
26149
26150
26148
26152
26153
26143
26151
26155
26157
26154
26159
26156
26158
26160
26162
26161
26163
26165
26164
26167
26166
26169
26171
26172
26170
26174
26173
26176
26177
26178
26175
26179
26181
26180
26183
26184
26182
26186
26187
26185
26189
26190
26168
26188
26192
26191
26195
26196
26197
26194
26199
26198
26201
26202
26193
26200
26204
26206
26203
26208
26205
26207
26209
26211
26210
26212
26116
26214
