10000
2046
2047
3855
2048
5903
4879
3856
2831
2049
6415
5904
5391
4880
4367
3857
3343
2832
2319
2050
6671
6416
6159
5905
5647
5392
5135
4881
4623
4368
4111
3858
3599
3344
3087
2833
2575
2320
2063
2051
6799
6672
6543
6417
6287
6160
6031
5906
5775
5648
5519
5393
5263
5136
5007
4882
4751
4624
4495
4369
4239
4112
3983
3859
3727
3600
3471
3345
3215
3088
2959
2834
2703
2576
2447
2321
2191
2064
2052
6927
6863
6800
6735
6673
6607
6544
6479
6418
6351
6288
6223
6161
6095
6032
5967
5907
5839
5776
5711
5649
5583
5520
5455
5394
5327
5264
5199
5137
5071
5008
4943
4883
4815
4752
4687
4625
4559
4496
4431
4370
4303
4240
4175
4113
4047
3984
3919
3860
3791
3728
3663
3601
3535
3472
3407
3346
3279
3216
3151
3089
3023
2960
2895
2835
2767
2704
2639
2577
2511
2448
2383
2322
2255
2192
2127
2065
2053
6991
6959
6928
6895
6864
6831
6801
6767
6736
6703
6674
6639
6608
6575
6545
6511
6480
6447
6419
6383
6352
6319
6289
6255
6224
6191
6162
6127
6096
6063
6033
5999
5968
5935
5908
5871
5840
5807
5777
5743
5712
5679
5650
5615
5584
5551
5521
5487
5456
5423
5395
5359
5328
5295
5265
5231
5200
5167
5138
5103
5072
5039
5009
4975
4944
4911
4884
4847
4816
4783
4753
4719
4688
4655
4626
4591
4560
4527
4497
4463
4432
4399
4371
4335
4304
4271
4241
4207
4176
4143
4114
4079
4048
4015
3985
3951
3920
3887
3861
3823
3792
3759
3729
3695
3664
3631
3602
3567
3536
3503
3473
3439
3408
3375
3347
3311
3280
3247
3217
3183
3152
3119
3090
3055
3024
2991
2961
2927
2896
2863
2836
2799
2768
2735
2705
2671
2640
2607
2578
2543
2512
2479
2449
2415
2384
2351
2323
2287
2256
2223
2193
2159
2128
2095
2066
2054
7023
7007
6992
6975
6960
6943
6929
6911
6896
6879
6865
6847
6832
6815
6802
6783
6768
6751
6737
6719
6704
6687
6675
6655
6640
6623
6609
6591
6576
6559
6546
6527
6512
6495
6481
6463
6448
6431
6420
6399
6384
6367
6353
6335
6320
6303
6290
6271
6256
6239
6225
6207
6192
6175
6163
6143
6128
6111
6097
6079
6064
6047
6034
6015
6000
5983
5969
5951
5936
5919
5909
5887
5872
5855
5841
5823
5808
5791
5778
5759
5744
5727
5713
5695
5680
5663
5651
5631
5616
5599
5585
5567
5552
5535
5522
5503
5488
5471
5457
5439
5424
5407
5396
5375
5360
5343
5329
5311
5296
5279
5266
5247
5232
5215
5201
5183
5168
5151
5139
5119
5104
5087
5073
5055
5040
5023
5010
4991
4976
4959
4945
4927
4912
4895
4885
4863
4848
4831
4817
4799
4784
4767
4754
4735
4720
4703
4689
4671
4656
4639
4627
4607
4592
4575
4561
4543
4528
4511
4498
4479
4464
4447
4433
4415
4400
4383
4372
4351
4336
4319
4305
4287
4272
4255
4242
4223
4208
4191
4177
4159
4144
4127
4115
4095
4080
4063
4049
4031
4016
3999
3986
3967
3952
3935
3921
3903
3888
3871
3862
3839
3824
3807
3793
3775
3760
3743
3730
3711
3696
3679
3665
3647
3632
3615
3603
3583
3568
3551
3537
3519
3504
3487
3474
3455
3440
3423
3409
3391
3376
3359
3348
3327
3312
3295
3281
3263
3248
3231
3218
3199
3184
3167
3153
3135
3120
3103
3091
3071
3056
3039
3025
3007
2992
2975
2962
2943
2928
2911
2897
2879
2864
2847
2837
2815
2800
2783
2769
2751
2736
2719
2706
2687
2672
2655
2641
2623
2608
2591
2579
2559
2544
2527
2513
2495
2480
2463
2450
2431
2416
2399
2385
2367
2352
2335
2324
2303
2288
2271
2257
2239
2224
2207
2194
2175
2160
2143
2129
2111
2096
2079
2067
2055
7039
7031
7024
7015
7008
6999
6993
6983
6976
6967
6961
6951
6944
6935
6930
6919
6912
6903
6897
6887
6880
6871
6866
6855
6848
6839
6833
6823
6816
6807
6803
6791
6784
6775
6769
6759
6752
6743
6738
6727
6720
6711
6705
6695
6688
6679
6676
6663
6656
6647
6641
6631
6624
6615
6610
6599
6592
6583
6577
6567
6560
6551
6547
6535
6528
6519
6513
6503
6496
6487
6482
6471
6464
6455
6449
6439
6432
6423
6421
6407
6400
6391
6385
6375
6368
6359
6354
6343
6336
6327
6321
6311
6304
6295
6291
6279
6272
6263
6257
6247
6240
6231
6226
6215
6208
6199
6193
6183
6176
6167
6164
6151
6144
6135
6129
6119
6112
6103
6098
6087
6080
6071
6065
6055
6048
6039
6035
6023
6016
6007
6001
5991
5984
5975
5970
5959
5952
5943
5937
5927
5920
5911
5910
5895
5888
5879
5873
5863
5856
5847
5842
5831
5824
5815
5809
5799
5792
5783
5779
5767
5760
5751
5745
5735
5728
5719
5714
5703
5696
5687
5681
5671
5664
5655
5652
5639
5632
5623
5617
5607
5600
5591
5586
5575
5568
5559
5553
5543
5536
5527
5523
5511
5504
5495
5489
5479
5472
5463
5458
5447
5440
5431
5425
5415
5408
5399
5397
5383
5376
5367
5361
5351
5344
5335
5330
5319
5312
5303
5297
5287
5280
5271
5267
5255
5248
5239
5233
5223
5216
5207
5202
5191
5184
5175
5169
5159
5152
5143
5140
5127
5120
5111
5105
5095
5088
5079
5074
5063
5056
5047
5041
5031
5024
5015
5011
4999
4992
4983
4977
4967
4960
4951
4946
4935
4928
4919
4913
4903
4896
4887
4886
4871
4864
4855
4849
4839
4832
4823
4818
4807
4800
4791
4785
4775
4768
4759
4755
4743
4736
4727
4721
4711
4704
4695
4690
4679
4672
4663
4657
4647
4640
4631
4628
4615
4608
4599
4593
4583
4576
4567
4562
4551
4544
4535
4529
4519
4512
4503
4499
4487
4480
4471
4465
4455
4448
4439
4434
4423
4416
4407
4401
4391
4384
4375
4373
4359
4352
4343
4337
4327
4320
4311
4306
4295
4288
4279
4273
4263
4256
4247
4243
4231
4224
4215
4209
4199
4192
4183
4178
4167
4160
4151
4145
4135
4128
4119
4116
4103
4096
4087
4081
4071
4064
4055
4050
4039
4032
4023
4017
4007
4000
3991
3987
3975
3968
3959
3953
3943
3936
3927
3922
3911
3904
3895
3889
3879
3872
3863
7951
3847
3840
3831
3825
3815
3808
3799
3794
3783
3776
3767
3761
3751
3744
3735
3731
3719
3712
3703
3697
3687
3680
3671
3666
3655
3648
3639
3633
3623
3616
3607
3604
3591
3584
3575
3569
3559
3552
3543
3538
3527
3520
3511
3505
3495
3488
3479
3475
3463
3456
3447
3441
3431
3424
3415
3410
3399
3392
3383
3377
3367
3360
3351
3349
3335
3328
3319
3313
3303
3296
3287
3282
3271
3264
3255
3249
3239
3232
3223
3219
3207
3200
3191
3185
3175
3168
3159
3154
3143
3136
3127
3121
3111
3104
3095
3092
3079
3072
3063
3057
3047
3040
3031
3026
3015
3008
2999
2993
2983
2976
2967
2963
2951
2944
2935
2929
2919
2912
2903
2898
2887
2880
2871
2865
2855
2848
2839
2838
2823
2816
2807
2801
2791
2784
2775
2770
2759
2752
2743
2737
2727
2720
2711
2707
2695
2688
2679
2673
2663
2656
2647
2642
2631
2624
2615
2609
2599
2592
2583
2580
2567
2560
2551
2545
2535
2528
2519
2514
2503
2496
2487
2481
2471
2464
2455
2451
2439
2432
2423
2417
2407
2400
2391
2386
2375
2368
2359
2353
2343
2336
2327
2325
2311
2304
2295
2289
2279
2272
2263
2258
2247
2240
2231
2225
2215
2208
2199
2195
2183
2176
2167
2161
2151
2144
2135
2130
2119
2112
2103
2097
2087
2080
2071
2068
2056
7047
7043
7040
7035
7032
7027
7025
7019
7016
7011
7009
7003
7000
6995
6994
6987
6984
6979
6977
6971
6968
6963
6962
6955
6952
6947
6945
6939
6936
6931
9487
6923
6920
6915
6913
6907
6904
6899
6898
6891
6888
6883
6881
6875
6872
6867
9455
6859
6856
6851
6849
6843
6840
6835
6834
6827
6824
6819
6817
6811
6808
6804
9423
6795
6792
6787
6785
6779
6776
6771
6770
6763
6760
6755
6753
6747
6744
6739
9391
6731
6728
6723
6721
6715
6712
6707
6706
6699
6696
6691
6689
6683
6680
6677
9359
6667
6664
6659
6657
6651
6648
6643
6642
6635
6632
6627
6625
6619
6616
6611
9327
6603
6600
6595
6593
6587
6584
6579
6578
6571
6568
6563
6561
6555
6552
6548
9295
6539
6536
6531
6529
6523
6520
6515
6514
6507
6504
6499
6497
6491
6488
6483
9263
6475
6472
6467
6465
6459
6456
6451
6450
6443
6440
6435
6433
6427
6424
6422
9231
6411
6408
6403
6401
6395
6392
6387
6386
6379
6376
6371
6369
6363
6360
6355
9199
6347
6344
6339
6337
6331
6328
6323
6322
6315
6312
6307
6305
6299
6296
6292
9167
6283
6280
6275
6273
6267
6264
6259
6258
6251
6248
6243
6241
6235
6232
6227
9135
6219
6216
6211
6209
6203
6200
6195
6194
6187
6184
6179
6177
6171
6168
6165
9103
6155
6152
6147
6145
6139
6136
6131
6130
6123
6120
6115
6113
6107
6104
6099
9071
6091
6088
6083
6081
6075
6072
6067
6066
6059
6056
6051
6049
6043
6040
6036
9039
6027
6024
6019
6017
6011
6008
6003
6002
5995
5992
5987
5985
5979
5976
5971
9007
5963
5960
5955
5953
5947
5944
5939
5938
5931
5928
5923
5921
5915
5912
8977
8975
5899
5896
5891
5889
5883
5880
5875
5874
5867
5864
5859
5857
5851
5848
5843
8943
5835
5832
5827
5825
5819
5816
5811
5810
5803
5800
5795
5793
5787
5784
5780
8911
5771
5768
5763
5761
5755
5752
5747
5746
5739
5736
5731
5729
5723
5720
5715
8879
5707
5704
5699
5697
5691
5688
5683
5682
5675
5672
5667
5665
5659
5656
5653
8847
5643
5640
5635
5633
5627
5624
5619
5618
5611
5608
5603
5601
5595
5592
5587
8815
5579
5576
5571
5569
5563
5560
5555
5554
5547
5544
5539
5537
5531
5528
5524
8783
5515
5512
5507
5505
5499
5496
5491
5490
5483
5480
5475
5473
5467
5464
5459
8751
5451
5448
5443
5441
5435
5432
5427
5426
5419
5416
5411
5409
5403
5400
5398
8719
5387
5384
5379
5377
5371
5368
5363
5362
5355
5352
5347
5345
5339
5336
5331
8687
5323
5320
5315
5313
5307
5304
5299
5298
5291
5288
5283
5281
5275
5272
5268
8655
5259
5256
5251
5249
5243
5240
5235
5234
5227
5224
5219
5217
5211
5208
5203
8623
5195
5192
5187
5185
5179
5176
5171
5170
5163
5160
5155
5153
5147
5144
5141
8591
5131
5128
5123
5121
5115
5112
5107
5106
5099
5096
5091
5089
5083
5080
5075
8559
5067
5064
5059
5057
5051
5048
5043
5042
5035
5032
5027
5025
5019
5016
5012
8527
5003
5000
4995
4993
4987
4984
4979
4978
4971
4968
4963
4961
4955
4952
4947
8495
4939
4936
4931
4929
4923
4920
4915
4914
4907
4904
4899
4897
4891
4888
8465
8463
4875
4872
4867
4865
4859
4856
4851
4850
4843
4840
4835
4833
4827
4824
4819
8431
4811
4808
4803
4801
4795
4792
4787
4786
4779
4776
4771
4769
4763
4760
4756
8399
4747
4744
4739
4737
4731
4728
4723
4722
4715
4712
4707
4705
4699
4696
4691
8367
4683
4680
4675
4673
4667
4664
4659
4658
4651
4648
4643
4641
4635
4632
4629
8335
4619
4616
4611
4609
4603
4600
4595
4594
4587
4584
4579
4577
4571
4568
4563
8303
4555
4552
4547
4545
4539
4536
4531
4530
4523
4520
4515
4513
4507
4504
4500
8271
4491
4488
4483
4481
4475
4472
4467
4466
4459
4456
4451
4449
4443
4440
4435
8239
4427
4424
4419
4417
4411
4408
4403
4402
4395
4392
4387
4385
4379
4376
4374
8207
4363
4360
4355
4353
4347
4344
4339
4338
4331
4328
4323
4321
4315
4312
4307
8175
4299
4296
4291
4289
4283
4280
4275
4274
4267
4264
4259
4257
4251
4248
4244
8143
4235
4232
4227
4225
4219
4216
4211
4210
4203
4200
4195
4193
4187
4184
4179
8111
4171
4168
4163
4161
4155
4152
4147
4146
4139
4136
4131
4129
4123
4120
4117
8079
4107
4104
4099
4097
4091
4088
4083
4082
4075
4072
4067
4065
4059
4056
4051
8047
4043
4040
4035
4033
4027
4024
4019
4018
4011
4008
4003
4001
3995
3992
3988
8015
3979
3976
3971
3969
3963
3960
3955
3954
3947
3944
3939
3937
3931
3928
3923
7983
3915
3912
3907
3905
3899
3896
3891
3890
3883
3880
3875
3873
3867
3864
7953
7952
3851
3848
3843
3841
3835
3832
3827
3826
3819
3816
3811
3809
3803
3800
3795
7919
3787
3784
3779
3777
3771
3768
3763
3762
3755
3752
3747
3745
3739
3736
3732
7887
3723
3720
3715
3713
3707
3704
3699
3698
3691
3688
3683
3681
3675
3672
3667
7855
3659
3656
3651
3649
3643
3640
3635
3634
3627
3624
3619
3617
3611
3608
3605
7823
3595
3592
3587
3585
3579
3576
3571
3570
3563
3560
3555
3553
3547
3544
3539
7791
3531
3528
3523
3521
3515
3512
3507
3506
3499
3496
3491
3489
3483
3480
3476
7759
3467
3464
3459
3457
3451
3448
3443
3442
3435
3432
3427
3425
3419
3416
3411
7727
3403
3400
3395
3393
3387
3384
3379
3378
3371
3368
3363
3361
3355
3352
3350
7695
3339
3336
3331
3329
3323
3320
3315
3314
3307
3304
3299
3297
3291
3288
3283
7663
3275
3272
3267
3265
3259
3256
3251
3250
3243
3240
3235
3233
3227
3224
3220
7631
3211
3208
3203
3201
3195
3192
3187
3186
3179
3176
3171
3169
3163
3160
3155
7599
3147
3144
3139
3137
3131
3128
3123
3122
3115
3112
3107
3105
3099
3096
3093
7567
3083
3080
3075
3073
3067
3064
3059
3058
3051
3048
3043
3041
3035
3032
3027
7535
3019
3016
3011
3009
3003
3000
2995
2994
2987
2984
2979
2977
2971
2968
2964
7503
2955
2952
2947
2945
2939
2936
2931
2930
2923
2920
2915
2913
2907
2904
2899
7471
2891
2888
2883
2881
2875
2872
2867
2866
2859
2856
2851
2849
2843
2840
7441
7439
2827
2824
2819
2817
2811
2808
2803
2802
2795
2792
2787
2785
2779
2776
2771
7407
2763
2760
2755
2753
2747
2744
2739
2738
2731
2728
2723
2721
2715
2712
2708
7375
2699
2696
2691
2689
2683
2680
2675
2674
2667
2664
2659
2657
2651
2648
2643
7343
2635
2632
2627
2625
2619
2616
2611
2610
2603
2600
2595
2593
2587
2584
2581
7311
2571
2568
2563
2561
2555
2552
2547
2546
2539
2536
2531
2529
2523
2520
2515
7279
2507
2504
2499
2497
2491
2488
2483
2482
2475
2472
2467
2465
2459
2456
2452
7247
2443
2440
2435
2433
2427
2424
2419
2418
2411
2408
2403
2401
2395
2392
2387
7215
2379
2376
2371
2369
2363
2360
2355
2354
2347
2344
2339
2337
2331
2328
2326
7183
2315
2312
2307
2305
2299
2296
2291
2290
2283
2280
2275
2273
2267
2264
2259
7151
2251
2248
2243
2241
2235
2232
2227
2226
2219
2216
2211
2209
2203
2200
2196
7119
2187
2184
2179
2177
2171
2168
2163
2162
2155
2152
2147
2145
2139
2136
2131
7087
2123
2120
2115
2113
2107
2104
2099
2098
2091
2088
2083
2081
2075
2072
2069
7055
2059
2057
7049
7048
7045
7044
7041
9543
7037
7036
7033
9539
7029
7028
7026
9535
7021
7020
7017
9531
7013
7012
7010
9527
7005
7004
7001
9523
6997
6996
9520
9519
6989
6988
6985
9515
6981
6980
6978
9511
6973
6972
6969
9507
6965
6964
9504
9503
6957
6956
6953
9499
6949
6948
6946
9495
6941
6940
6937
9491
6933
6932
9488
10767
6925
6924
6921
9483
6917
6916
6914
9479
6909
6908
6905
9475
6901
6900
9472
9471
6893
6892
6889
9467
6885
6884
6882
9463
6877
6876
6873
9459
6869
6868
9456
10751
6861
6860
6857
9451
6853
6852
6850
9447
6845
6844
6841
9443
6837
6836
9440
9439
6829
6828
6825
9435
6821
6820
6818
9431
6813
6812
6809
9427
6805
9425
9424
10735
6797
6796
6793
9419
6789
6788
6786
9415
6781
6780
6777
9411
6773
6772
9408
9407
6765
6764
6761
9403
6757
6756
6754
9399
6749
6748
6745
9395
6741
6740
9392
10719
6733
6732
6729
9387
6725
6724
6722
9383
6717
6716
6713
9379
6709
6708
9376
9375
6701
6700
6697
9371
6693
6692
6690
9367
6685
6684
6681
9363
6678
9361
9360
10703
6669
6668
6665
9355
6661
6660
6658
9351
6653
6652
6649
9347
6645
6644
9344
9343
6637
6636
6633
9339
6629
6628
6626
9335
6621
6620
6617
9331
6613
6612
9328
10687
6605
6604
6601
9323
6597
6596
6594
9319
6589
6588
6585
9315
6581
6580
9312
9311
6573
6572
6569
9307
6565
6564
6562
9303
6557
6556
6553
9299
6549
9297
9296
10671
6541
6540
6537
9291
6533
6532
6530
9287
6525
6524
6521
9283
6517
6516
9280
9279
6509
6508
6505
9275
6501
6500
6498
9271
6493
6492
6489
9267
6485
6484
9264
10655
6477
6476
6473
9259
6469
6468
6466
9255
6461
6460
6457
9251
6453
6452
9248
9247
6445
6444
6441
9243
6437
6436
6434
9239
6429
6428
6425
9235
9234
9233
9232
10639
6413
6412
6409
9227
6405
6404
6402
9223
6397
6396
6393
9219
6389
6388
9216
9215
6381
6380
6377
9211
6373
6372
6370
9207
6365
6364
6361
9203
6357
6356
9200
10623
6349
6348
6345
9195
6341
6340
6338
9191
6333
6332
6329
9187
6325
6324
9184
9183
6317
6316
6313
9179
6309
6308
6306
9175
6301
6300
6297
9171
6293
9169
9168
10607
6285
6284
6281
9163
6277
6276
6274
9159
6269
6268
6265
9155
6261
6260
9152
9151
6253
6252
6249
9147
6245
6244
6242
9143
6237
6236
6233
9139
6229
6228
9136
10591
6221
6220
6217
9131
6213
6212
6210
9127
6205
6204
6201
9123
6197
6196
9120
9119
6189
6188
6185
9115
6181
6180
6178
9111
6173
6172
6169
9107
6166
9105
9104
10575
6157
6156
6153
9099
6149
6148
6146
9095
6141
6140
6137
9091
6133
6132
9088
9087
6125
6124
6121
9083
6117
6116
6114
9079
6109
6108
6105
9075
6101
6100
9072
10559
6093
6092
6089
9067
6085
6084
6082
9063
6077
6076
6073
9059
6069
6068
9056
9055
6061
6060
6057
9051
6053
6052
6050
9047
6045
6044
6041
9043
6037
9041
9040
10543
6029
6028
6025
9035
6021
6020
6018
9031
6013
6012
6009
9027
6005
6004
9024
9023
5997
5996
5993
9019
5989
5988
5986
9015
5981
5980
5977
9011
5973
5972
9008
10527
5965
5964
5961
9003
5957
5956
5954
8999
5949
5948
5945
8995
5941
5940
8992
8991
5933
5932
5929
8987
5925
5924
5922
8983
5917
5916
5913
8979
8978
10512
8976
10511
5901
5900
5897
8971
5893
5892
5890
8967
5885
5884
5881
8963
5877
5876
8960
8959
5869
5868
5865
8955
5861
5860
5858
8951
5853
5852
5849
8947
5845
5844
8944
10495
5837
5836
5833
8939
5829
5828
5826
8935
5821
5820
5817
8931
5813
5812
8928
8927
5805
5804
5801
8923
5797
5796
5794
8919
5789
5788
5785
8915
5781
8913
8912
10479
5773
5772
5769
8907
5765
5764
5762
8903
5757
5756
5753
8899
5749
5748
8896
8895
5741
5740
5737
8891
5733
5732
5730
8887
5725
5724
5721
8883
5717
5716
8880
10463
5709
5708
5705
8875
5701
5700
5698
8871
5693
5692
5689
8867
5685
5684
8864
8863
5677
5676
5673
8859
5669
5668
5666
8855
5661
5660
5657
8851
5654
8849
8848
10447
5645
5644
5641
8843
5637
5636
5634
8839
5629
5628
5625
8835
5621
5620
8832
8831
5613
5612
5609
8827
5605
5604
5602
8823
5597
5596
5593
8819
5589
5588
8816
10431
5581
5580
5577
8811
5573
5572
5570
8807
5565
5564
5561
8803
5557
5556
8800
8799
5549
5548
5545
8795
5541
5540
5538
8791
5533
5532
5529
8787
5525
8785
8784
10415
5517
5516
5513
8779
5509
5508
5506
8775
5501
5500
5497
8771
5493
5492
8768
8767
5485
5484
5481
8763
5477
5476
5474
8759
5469
5468
5465
8755
5461
5460
8752
10399
5453
5452
5449
8747
5445
5444
5442
8743
5437
5436
5433
8739
5429
5428
8736
8735
5421
5420
5417
8731
5413
5412
5410
8727
5405
5404
5401
8723
8722
8721
8720
10383
5389
5388
5385
8715
5381
5380
5378
8711
5373
5372
5369
8707
5365
5364
8704
8703
5357
5356
5353
8699
5349
5348
5346
8695
5341
5340
5337
8691
5333
5332
8688
10367
5325
5324
5321
8683
5317
5316
5314
8679
5309
5308
5305
8675
5301
5300
8672
8671
5293
5292
5289
8667
5285
5284
5282
8663
5277
5276
5273
8659
5269
8657
8656
10351
5261
5260
5257
8651
5253
5252
5250
8647
5245
5244
5241
8643
5237
5236
8640
8639
5229
5228
5225
8635
5221
5220
5218
8631
5213
5212
5209
8627
5205
5204
8624
10335
5197
5196
5193
8619
5189
5188
5186
8615
5181
5180
5177
8611
5173
5172
8608
8607
5165
5164
5161
8603
5157
5156
5154
8599
5149
5148
5145
8595
5142
8593
8592
10319
5133
5132
5129
8587
5125
5124
5122
8583
5117
5116
5113
8579
5109
5108
8576
8575
5101
5100
5097
8571
5093
5092
5090
8567
5085
5084
5081
8563
5077
5076
8560
10303
5069
5068
5065
8555
5061
5060
5058
8551
5053
5052
5049
8547
5045
5044
8544
8543
5037
5036
5033
8539
5029
5028
5026
8535
5021
5020
5017
8531
5013
8529
8528
10287
5005
5004
5001
8523
4997
4996
4994
8519
4989
4988
4985
8515
4981
4980
8512
8511
4973
4972
4969
8507
4965
4964
4962
8503
4957
4956
4953
8499
4949
4948
8496
10271
4941
4940
4937
8491
4933
4932
4930
8487
4925
4924
4921
8483
4917
4916
8480
8479
4909
4908
4905
8475
4901
4900
4898
8471
4893
4892
4889
8467
8466
10256
8464
10255
4877
4876
4873
8459
4869
4868
4866
8455
4861
4860
4857
8451
4853
4852
8448
8447
4845
4844
4841
8443
4837
4836
4834
8439
4829
4828
4825
8435
4821
4820
8432
10239
4813
4812
4809
8427
4805
4804
4802
8423
4797
4796
4793
8419
4789
4788
8416
8415
4781
4780
4777
8411
4773
4772
4770
8407
4765
4764
4761
8403
4757
8401
8400
10223
4749
4748
4745
8395
4741
4740
4738
8391
4733
4732
4729
8387
4725
4724
8384
8383
4717
4716
4713
8379
4709
4708
4706
8375
4701
4700
4697
8371
4693
4692
8368
10207
4685
4684
4681
8363
4677
4676
4674
8359
4669
4668
4665
8355
4661
4660
8352
8351
4653
4652
4649
8347
4645
4644
4642
8343
4637
4636
4633
8339
4630
8337
8336
10191
4621
4620
4617
8331
4613
4612
4610
8327
4605
4604
4601
8323
4597
4596
8320
8319
4589
4588
4585
8315
4581
4580
4578
8311
4573
4572
4569
8307
4565
4564
8304
10175
4557
4556
4553
8299
4549
4548
4546
8295
4541
4540
4537
8291
4533
4532
8288
8287
4525
4524
4521
8283
4517
4516
4514
8279
4509
4508
4505
8275
4501
8273
8272
10159
4493
4492
4489
8267
4485
4484
4482
8263
4477
4476
4473
8259
4469
4468
8256
8255
4461
4460
4457
8251
4453
4452
4450
8247
4445
4444
4441
8243
4437
4436
8240
10143
4429
4428
4425
8235
4421
4420
4418
8231
4413
4412
4409
8227
4405
4404
8224
8223
4397
4396
4393
8219
4389
4388
4386
8215
4381
4380
4377
8211
8210
8209
8208
10127
4365
4364
4361
8203
4357
4356
4354
8199
4349
4348
4345
8195
4341
4340
8192
8191
4333
4332
4329
8187
4325
4324
4322
8183
4317
4316
4313
8179
4309
4308
8176
10111
4301
4300
4297
8171
4293
4292
4290
8167
4285
4284
4281
8163
4277
4276
8160
8159
4269
4268
4265
8155
4261
4260
4258
8151
4253
4252
4249
8147
4245
8145
8144
10095
4237
4236
4233
8139
4229
4228
4226
8135
4221
4220
4217
8131
4213
4212
8128
8127
4205
4204
4201
8123
4197
4196
4194
8119
4189
4188
4185
8115
4181
4180
8112
10079
4173
4172
4169
8107
4165
4164
4162
8103
4157
4156
4153
8099
4149
4148
8096
8095
4141
4140
4137
8091
4133
4132
4130
8087
4125
4124
4121
8083
4118
8081
8080
10063
4109
4108
4105
8075
4101
4100
4098
8071
4093
4092
4089
8067
4085
4084
8064
8063
4077
4076
4073
8059
4069
4068
4066
8055
4061
4060
4057
8051
4053
4052
8048
10047
4045
4044
4041
8043
4037
4036
4034
8039
4029
4028
4025
8035
4021
4020
8032
8031
4013
4012
4009
8027
4005
4004
4002
8023
3997
3996
3993
8019
3989
8017
8016
10031
3981
3980
3977
8011
3973
3972
3970
8007
3965
3964
3961
8003
3957
3956
8000
7999
3949
3948
3945
7995
3941
3940
3938
7991
3933
3932
3929
7987
3925
3924
7984
10015
3917
3916
3913
7979
3909
3908
3906
7975
3901
3900
3897
7971
3893
3892
7968
7967
3885
3884
3881
7963
3877
3876
3874
7959
3869
3868
3865
7955
7954
10000
11535
9999
3853
3852
3849
7947
3845
3844
3842
7943
3837
3836
3833
7939
3829
3828
7936
7935
3821
3820
3817
7931
3813
3812
3810
7927
3805
3804
3801
7923
3797
3796
7920
9983
3789
3788
3785
7915
3781
3780
3778
7911
3773
3772
3769
7907
3765
3764
7904
7903
3757
3756
3753
7899
3749
3748
3746
7895
3741
3740
3737
7891
3733
7889
7888
9967
3725
3724
3721
7883
3717
3716
3714
7879
3709
3708
3705
7875
3701
3700
7872
7871
3693
3692
3689
7867
3685
3684
3682
7863
3677
3676
3673
7859
3669
3668
7856
9951
3661
3660
3657
7851
3653
3652
3650
7847
3645
3644
3641
7843
3637
3636
7840
7839
3629
3628
3625
7835
3621
3620
3618
7831
3613
3612
3609
7827
3606
7825
7824
9935
3597
3596
3593
7819
3589
3588
3586
7815
3581
3580
3577
7811
3573
3572
7808
7807
3565
3564
3561
7803
3557
3556
3554
7799
3549
3548
3545
7795
3541
3540
7792
9919
3533
3532
3529
7787
3525
3524
3522
7783
3517
3516
3513
7779
3509
3508
7776
7775
3501
3500
3497
7771
3493
3492
3490
7767
3485
3484
3481
7763
3477
7761
7760
9903
3469
3468
3465
7755
3461
3460
3458
7751
3453
3452
3449
7747
3445
3444
7744
7743
3437
3436
3433
7739
3429
3428
3426
7735
3421
3420
3417
7731
3413
3412
7728
9887
3405
3404
3401
7723
3397
3396
3394
7719
3389
3388
3385
7715
3381
3380
7712
7711
3373
3372
3369
7707
3365
3364
3362
7703
3357
3356
3353
7699
7698
7697
7696
9871
3341
3340
3337
7691
3333
3332
3330
7687
3325
3324
3321
7683
3317
3316
7680
7679
3309
3308
3305
7675
3301
3300
3298
7671
3293
3292
3289
7667
3285
3284
7664
9855
3277
3276
3273
7659
3269
3268
3266
7655
3261
3260
3257
7651
3253
3252
7648
7647
3245
3244
3241
7643
3237
3236
3234
7639
3229
3228
3225
7635
3221
7633
7632
9839
3213
3212
3209
7627
3205
3204
3202
7623
3197
3196
3193
7619
3189
3188
7616
7615
3181
3180
3177
7611
3173
3172
3170
7607
3165
3164
3161
7603
3157
3156
7600
9823
3149
3148
3145
7595
3141
3140
3138
7591
3133
3132
3129
7587
3125
3124
7584
7583
3117
3116
3113
7579
3109
3108
3106
7575
3101
3100
3097
7571
3094
7569
7568
9807
3085
3084
3081
7563
3077
3076
3074
7559
3069
3068
3065
7555
3061
3060
7552
7551
3053
3052
3049
7547
3045
3044
3042
7543
3037
3036
3033
7539
3029
3028
7536
9791
3021
3020
3017
7531
3013
3012
3010
7527
3005
3004
3001
7523
2997
2996
7520
7519
2989
2988
2985
7515
2981
2980
2978
7511
2973
2972
2969
7507
2965
7505
7504
9775
2957
2956
2953
7499
2949
2948
2946
7495
2941
2940
2937
7491
2933
2932
7488
7487
2925
2924
2921
7483
2917
2916
2914
7479
2909
2908
2905
7475
2901
2900
7472
9759
2893
2892
2889
7467
2885
2884
2882
7463
2877
2876
2873
7459
2869
2868
7456
7455
2861
2860
2857
7451
2853
2852
2850
7447
2845
2844
2841
7443
7442
9744
7440
9743
2829
2828
2825
7435
2821
2820
2818
7431
2813
2812
2809
7427
2805
2804
7424
7423
2797
2796
2793
7419
2789
2788
2786
7415
2781
2780
2777
7411
2773
2772
7408
9727
2765
2764
2761
7403
2757
2756
2754
7399
2749
2748
2745
7395
2741
2740
7392
7391
2733
2732
2729
7387
2725
2724
2722
7383
2717
2716
2713
7379
2709
7377
7376
9711
2701
2700
2697
7371
2693
2692
2690
7367
2685
2684
2681
7363
2677
2676
7360
7359
2669
2668
2665
7355
2661
2660
2658
7351
2653
2652
2649
7347
2645
2644
7344
9695
2637
2636
2633
7339
2629
2628
2626
7335
2621
2620
2617
7331
2613
2612
7328
7327
2605
2604
2601
7323
2597
2596
2594
7319
2589
2588
2585
7315
2582
7313
7312
9679
2573
2572
2569
7307
2565
2564
2562
7303
2557
2556
2553
7299
2549
2548
7296
7295
2541
2540
2537
7291
2533
2532
2530
7287
2525
2524
2521
7283
2517
2516
7280
9663
2509
2508
2505
7275
2501
2500
2498
7271
2493
2492
2489
7267
2485
2484
7264
7263
2477
2476
2473
7259
2469
2468
2466
7255
2461
2460
2457
7251
2453
7249
7248
9647
2445
2444
2441
7243
2437
2436
2434
7239
2429
2428
2425
7235
2421
2420
7232
7231
2413
2412
2409
7227
2405
2404
2402
7223
2397
2396
2393
7219
2389
2388
7216
9631
2381
2380
2377
7211
2373
2372
2370
7207
2365
2364
2361
7203
2357
2356
7200
7199
2349
2348
2345
7195
2341
2340
2338
7191
2333
2332
2329
7187
7186
7185
7184
9615
2317
2316
2313
7179
2309
2308
2306
7175
2301
2300
2297
7171
2293
2292
7168
7167
2285
2284
2281
7163
2277
2276
2274
7159
2269
2268
2265
7155
2261
2260
7152
9599
2253
2252
2249
7147
2245
2244
2242
7143
2237
2236
2233
7139
2229
2228
7136
7135
2221
2220
2217
7131
2213
2212
2210
7127
2205
2204
2201
7123
2197
7121
7120
9583
2189
2188
2185
7115
2181
2180
2178
7111
2173
2172
2169
7107
2165
2164
7104
7103
2157
2156
2153
7099
2149
2148
2146
7095
2141
2140
2137
7091
2133
2132
7088
9567
2125
2124
2121
7083
2117
2116
2114
7079
2109
2108
2105
7075
2101
2100
7072
7071
2093
2092
2089
7067
2085
2084
2082
7063
2077
2076
2073
7059
2070
7057
7056
9551
2061
2060
2058
7051
7050
9548
11422
9547
7046
10796
11421
9545
7042
9544
10795
11734
7038
9542
10794
9541
7034
9540
10793
11420
7030
9538
10792
9537
11733
9536
10791
11419
7022
9534
10790
9533
7018
9532
10789
11418
7014
9530
10788
9529
11732
9528
10787
11417
7006
9526
10786
9525
7002
9524
10785
11416
6998
9522
10784
9521
11731
11889
10783
11415
6990
9518
10782
9517
6986
9516
10781
11414
6982
9514
10780
9513
11730
9512
10779
11413
6974
9510
10778
9509
6970
9508
10777
11412
6966
9506
10776
9505
11729
11888
10775
11411
6958
9502
10774
9501
6954
9500
10773
11410
6950
9498
10772
9497
11728
9496
10771
11409
6942
9494
10770
9493
6938
9492
10769
11408
6934
9490
10768
9489
11727
11887
11967
11407
6926
9486
10766
9485
6922
9484
10765
11406
6918
9482
10764
9481
11726
9480
10763
11405
6910
9478
10762
9477
6906
9476
10761
11404
6902
9474
10760
9473
11725
11886
10759
11403
6894
9470
10758
9469
6890
9468
10757
11402
6886
9466
10756
9465
11724
9464
10755
11401
6878
9462
10754
9461
6874
9460
10753
11400
6870
9458
10752
9457
11723
11885
11966
11399
6862
9454
10750
9453
6858
9452
10749
11398
6854
9450
10748
9449
11722
9448
10747
11397
6846
9446
10746
9445
6842
9444
10745
11396
6838
9442
10744
9441
11721
11884
10743
11395
6830
9438
10742
9437
6826
9436
10741
11394
6822
9434
10740
9433
11720
9432
10739
11393
6814
9430
10738
9429
6810
9428
10737
11392
6806
9426
10736
12006
11719
11883
11965
11391
6798
9422
10734
9421
6794
9420
10733
11390
6790
9418
10732
9417
11718
9416
10731
11389
6782
9414
10730
9413
6778
9412
10729
11388
6774
9410
10728
9409
11717
11882
10727
11387
6766
9406
10726
9405
6762
9404
10725
11386
6758
9402
10724
9401
11716
9400
10723
11385
6750
9398
10722
9397
6746
9396
10721
11384
6742
9394
10720
9393
11715
11881
11964
11383
6734
9390
10718
9389
6730
9388
10717
11382
6726
9386
10716
9385
11714
9384
10715
11381
6718
9382
10714
9381
6714
9380
10713
11380
6710
9378
10712
9377
11713
11880
10711
11379
6702
9374
10710
9373
6698
9372
10709
11378
6694
9370
10708
9369
11712
9368
10707
11377
6686
9366
10706
9365
6682
9364
10705
11376
12026
9362
10704
12005
11711
11879
11963
11375
6670
9358
10702
9357
6666
9356
10701
11374
6662
9354
10700
9353
11710
9352
10699
11373
6654
9350
10698
9349
6650
9348
10697
11372
6646
9346
10696
9345
11709
11878
10695
11371
6638
9342
10694
9341
6634
9340
10693
11370
6630
9338
10692
9337
11708
9336
10691
11369
6622
9334
10690
9333
6618
9332
10689
11368
6614
9330
10688
9329
11707
11877
11962
11367
6606
9326
10686
9325
6602
9324
10685
11366
6598
9322
10684
9321
11706
9320
10683
11365
6590
9318
10682
9317
6586
9316
10681
11364
6582
9314
10680
9313
11705
11876
10679
11363
6574
9310
10678
9309
6570
9308
10677
11362
6566
9306
10676
9305
11704
9304
10675
11361
6558
9302
10674
9301
6554
9300
10673
11360
6550
9298
10672
12004
11703
11875
11961
11359
6542
9294
10670
9293
6538
9292
10669
11358
6534
9290
10668
9289
11702
9288
10667
11357
6526
9286
10666
9285
6522
9284
10665
11356
6518
9282
10664
9281
11701
11874
10663
11355
6510
9278
10662
9277
6506
9276
10661
11354
6502
9274
10660
9273
11700
9272
10659
11353
6494
9270
10658
9269
6490
9268
10657
11352
6486
9266
10656
9265
11699
11873
11960
11351
6478
9262
10654
9261
6474
9260
10653
11350
6470
9258
10652
9257
11698
9256
10651
11349
6462
9254
10650
9253
6458
9252
10649
11348
6454
9250
10648
9249
11697
11872
10647
11347
6446
9246
10646
9245
6442
9244
10645
11346
6438
9242
10644
9241
11696
9240
10643
11345
6430
9238
10642
9237
6426
9236
10641
11344
12025
12036
10640
12003
11695
11871
11959
11343
6414
9230
10638
9229
6410
9228
10637
11342
6406
9226
10636
9225
11694
9224
10635
11341
6398
9222
10634
9221
6394
9220
10633
11340
6390
9218
10632
9217
11693
11870
10631
11339
6382
9214
10630
9213
6378
9212
10629
11338
6374
9210
10628
9209
11692
9208
10627
11337
6366
9206
10626
9205
6362
9204
10625
11336
6358
9202
10624
9201
11691
11869
11958
11335
6350
9198
10622
9197
6346
9196
10621
11334
6342
9194
10620
9193
11690
9192
10619
11333
6334
9190
10618
9189
6330
9188
10617
11332
6326
9186
10616
9185
11689
11868
10615
11331
6318
9182
10614
9181
6314
9180
10613
11330
6310
9178
10612
9177
11688
9176
10611
11329
6302
9174
10610
9173
6298
9172
10609
11328
6294
9170
10608
12002
11687
11867
11957
11327
6286
9166
10606
9165
6282
9164
10605
11326
6278
9162
10604
9161
11686
9160
10603
11325
6270
9158
10602
9157
6266
9156
10601
11324
6262
9154
10600
9153
11685
11866
10599
11323
6254
9150
10598
9149
6250
9148
10597
11322
6246
9146
10596
9145
11684
9144
10595
11321
6238
9142
10594
9141
6234
9140
10593
11320
6230
9138
10592
9137
11683
11865
11956
11319
6222
9134
10590
9133
6218
9132
10589
11318
6214
9130
10588
9129
11682
9128
10587
11317
6206
9126
10586
9125
6202
9124
10585
11316
6198
9122
10584
9121
11681
11864
10583
11315
6190
9118
10582
9117
6186
9116
10581
11314
6182
9114
10580
9113
11680
9112
10579
11313
6174
9110
10578
9109
6170
9108
10577
11312
12024
9106
10576
12001
11679
11863
11955
11311
6158
9102
10574
9101
6154
9100
10573
11310
6150
9098
10572
9097
11678
9096
10571
11309
6142
9094
10570
9093
6138
9092
10569
11308
6134
9090
10568
9089
11677
11862
10567
11307
6126
9086
10566
9085
6122
9084
10565
11306
6118
9082
10564
9081
11676
9080
10563
11305
6110
9078
10562
9077
6106
9076
10561
11304
6102
9074
10560
9073
11675
11861
11954
11303
6094
9070
10558
9069
6090
9068
10557
11302
6086
9066
10556
9065
11674
9064
10555
11301
6078
9062
10554
9061
6074
9060
10553
11300
6070
9058
10552
9057
11673
11860
10551
11299
6062
9054
10550
9053
6058
9052
10549
11298
6054
9050
10548
9049
11672
9048
10547
11297
6046
9046
10546
9045
6042
9044
10545
11296
6038
9042
10544
12000
11671
11859
11953
11295
6030
9038
10542
9037
6026
9036
10541
11294
6022
9034
10540
9033
11670
9032
10539
11293
6014
9030
10538
9029
6010
9028
10537
11292
6006
9026
10536
9025
11669
11858
10535
11291
5998
9022
10534
9021
5994
9020
10533
11290
5990
9018
10532
9017
11668
9016
10531
11289
5982
9014
10530
9013
5978
9012
10529
11288
5974
9010
10528
9009
11667
11857
11952
11287
5966
9006
10526
9005
5962
9004
10525
11286
5958
9002
10524
9001
11666
9000
10523
11285
5950
8998
10522
8997
5946
8996
10521
11284
5942
8994
10520
8993
11665
11856
10519
11283
5934
8990
10518
8989
5930
8988
10517
11282
5926
8986
10516
8985
11664
8984
10515
11281
5918
8982
10514
8981
5914
8980
10513
11280
12023
12035
12041
11999
11663
11855
11951
11279
5902
8974
10510
8973
5898
8972
10509
11278
5894
8970
10508
8969
11662
8968
10507
11277
5886
8966
10506
8965
5882
8964
10505
11276
5878
8962
10504
8961
11661
11854
10503
11275
5870
8958
10502
8957
5866
8956
10501
11274
5862
8954
10500
8953
11660
8952
10499
11273
5854
8950
10498
8949
5850
8948
10497
11272
5846
8946
10496
8945
11659
11853
11950
11271
5838
8942
10494
8941
5834
8940
10493
11270
5830
8938
10492
8937
11658
8936
10491
11269
5822
8934
10490
8933
5818
8932
10489
11268
5814
8930
10488
8929
11657
11852
10487
11267
5806
8926
10486
8925
5802
8924
10485
11266
5798
8922
10484
8921
11656
8920
10483
11265
5790
8918
10482
8917
5786
8916
10481
11264
5782
8914
10480
11998
11655
11851
11949
11263
5774
8910
10478
8909
5770
8908
10477
11262
5766
8906
10476
8905
11654
8904
10475
11261
5758
8902
10474
8901
5754
8900
10473
11260
5750
8898
10472
8897
11653
11850
10471
11259
5742
8894
10470
8893
5738
8892
10469
11258
5734
8890
10468
8889
11652
8888
10467
11257
5726
8886
10466
8885
5722
8884
10465
11256
5718
8882
10464
8881
11651
11849
11948
11255
5710
8878
10462
8877
5706
8876
10461
11254
5702
8874
10460
8873
11650
8872
10459
11253
5694
8870
10458
8869
5690
8868
10457
11252
5686
8866
10456
8865
11649
11848
10455
11251
5678
8862
10454
8861
5674
8860
10453
11250
5670
8858
10452
8857
11648
8856
10451
11249
5662
8854
10450
8853
5658
8852
10449
11248
12022
8850
10448
11997
11647
11847
11947
11247
5646
8846
10446
8845
5642
8844
10445
11246
5638
8842
10444
8841
11646
8840
10443
11245
5630
8838
10442
8837
5626
8836
10441
11244
5622
8834
10440
8833
11645
11846
10439
11243
5614
8830
10438
8829
5610
8828
10437
11242
5606
8826
10436
8825
11644
8824
10435
11241
5598
8822
10434
8821
5594
8820
10433
11240
5590
8818
10432
8817
11643
11845
11946
11239
5582
8814
10430
8813
5578
8812
10429
11238
5574
8810
10428
8809
11642
8808
10427
11237
5566
8806
10426
8805
5562
8804
10425
11236
5558
8802
10424
8801
11641
11844
10423
11235
5550
8798
10422
8797
5546
8796
10421
11234
5542
8794
10420
8793
11640
8792
10419
11233
5534
8790
10418
8789
5530
8788
10417
11232
5526
8786
10416
11996
11639
11843
11945
11231
5518
8782
10414
8781
5514
8780
10413
11230
5510
8778
10412
8777
11638
8776
10411
11229
5502
8774
10410
8773
5498
8772
10409
11228
5494
8770
10408
8769
11637
11842
10407
11227
5486
8766
10406
8765
5482
8764
10405
11226
5478
8762
10404
8761
11636
8760
10403
11225
5470
8758
10402
8757
5466
8756
10401
11224
5462
8754
10400
8753
11635
11841
11944
11223
5454
8750
10398
8749
5450
8748
10397
11222
5446
8746
10396
8745
11634
8744
10395
11221
5438
8742
10394
8741
5434
8740
10393
11220
5430
8738
10392
8737
11633
11840
10391
11219
5422
8734
10390
8733
5418
8732
10389
11218
5414
8730
10388
8729
11632
8728
10387
11217
5406
8726
10386
8725
5402
8724
10385
11216
12021
12034
10384
11995
11631
11839
11943
11215
5390
8718
10382
8717
5386
8716
10381
11214
5382
8714
10380
8713
11630
8712
10379
11213
5374
8710
10378
8709
5370
8708
10377
11212
5366
8706
10376
8705
11629
11838
10375
11211
5358
8702
10374
8701
5354
8700
10373
11210
5350
8698
10372
8697
11628
8696
10371
11209
5342
8694
10370
8693
5338
8692
10369
11208
5334
8690
10368
8689
11627
11837
11942
11207
5326
8686
10366
8685
5322
8684
10365
11206
5318
8682
10364
8681
11626
8680
10363
11205
5310
8678
10362
8677
5306
8676
10361
11204
5302
8674
10360
8673
11625
11836
10359
11203
5294
8670
10358
8669
5290
8668
10357
11202
5286
8666
10356
8665
11624
8664
10355
11201
5278
8662
10354
8661
5274
8660
10353
11200
5270
8658
10352
11994
11623
11835
11941
11199
5262
8654
10350
8653
5258
8652
10349
11198
5254
8650
10348
8649
11622
8648
10347
11197
5246
8646
10346
8645
5242
8644
10345
11196
5238
8642
10344
8641
11621
11834
10343
11195
5230
8638
10342
8637
5226
8636
10341
11194
5222
8634
10340
8633
11620
8632
10339
11193
5214
8630
10338
8629
5210
8628
10337
11192
5206
8626
10336
8625
11619
11833
11940
11191
5198
8622
10334
8621
5194
8620
10333
11190
5190
8618
10332
8617
11618
8616
10331
11189
5182
8614
10330
8613
5178
8612
10329
11188
5174
8610
10328
8609
11617
11832
10327
11187
5166
8606
10326
8605
5162
8604
10325
11186
5158
8602
10324
8601
11616
8600
10323
11185
5150
8598
10322
8597
5146
8596
10321
11184
12020
8594
10320
11993
11615
11831
11939
11183
5134
8590
10318
8589
5130
8588
10317
11182
5126
8586
10316
8585
11614
8584
10315
11181
5118
8582
10314
8581
5114
8580
10313
11180
5110
8578
10312
8577
11613
11830
10311
11179
5102
8574
10310
8573
5098
8572
10309
11178
5094
8570
10308
8569
11612
8568
10307
11177
5086
8566
10306
8565
5082
8564
10305
11176
5078
8562
10304
8561
11611
11829
11938
11175
5070
8558
10302
8557
5066
8556
10301
11174
5062
8554
10300
8553
11610
8552
10299
11173
5054
8550
10298
8549
5050
8548
10297
11172
5046
8546
10296
8545
11609
11828
10295
11171
5038
8542
10294
8541
5034
8540
10293
11170
5030
8538
10292
8537
11608
8536
10291
11169
5022
8534
10290
8533
5018
8532
10289
11168
5014
8530
10288
11992
11607
11827
11937
11167
5006
8526
10286
8525
5002
8524
10285
11166
4998
8522
10284
8521
11606
8520
10283
11165
4990
8518
10282
8517
4986
8516
10281
11164
4982
8514
10280
8513
11605
11826
10279
11163
4974
8510
10278
8509
4970
8508
10277
11162
4966
8506
10276
8505
11604
8504
10275
11161
4958
8502
10274
8501
4954
8500
10273
11160
4950
8498
10272
8497
11603
11825
11936
11159
4942
8494
10270
8493
4938
8492
10269
11158
4934
8490
10268
8489
11602
8488
10267
11157
4926
8486
10266
8485
4922
8484
10265
11156
4918
8482
10264
8481
11601
11824
10263
11155
4910
8478
10262
8477
4906
8476
10261
11154
4902
8474
10260
8473
11600
8472
10259
11153
4894
8470
10258
8469
4890
8468
10257
11152
12019
12033
12040
11991
11599
11823
11935
11151
4878
8462
10254
8461
4874
8460
10253
11150
4870
8458
10252
8457
11598
8456
10251
11149
4862
8454
10250
8453
4858
8452
10249
11148
4854
8450
10248
8449
11597
11822
10247
11147
4846
8446
10246
8445
4842
8444
10245
11146
4838
8442
10244
8441
11596
8440
10243
11145
4830
8438
10242
8437
4826
8436
10241
11144
4822
8434
10240
8433
11595
11821
11934
11143
4814
8430
10238
8429
4810
8428
10237
11142
4806
8426
10236
8425
11594
8424
10235
11141
4798
8422
10234
8421
4794
8420
10233
11140
4790
8418
10232
8417
11593
11820
10231
11139
4782
8414
10230
8413
4778
8412
10229
11138
4774
8410
10228
8409
11592
8408
10227
11137
4766
8406
10226
8405
4762
8404
10225
11136
4758
8402
10224
11990
11591
11819
11933
11135
4750
8398
10222
8397
4746
8396
10221
11134
4742
8394
10220
8393
11590
8392
10219
11133
4734
8390
10218
8389
4730
8388
10217
11132
4726
8386
10216
8385
11589
11818
10215
11131
4718
8382
10214
8381
4714
8380
10213
11130
4710
8378
10212
8377
11588
8376
10211
11129
4702
8374
10210
8373
4698
8372
10209
11128
4694
8370
10208
8369
11587
11817
11932
11127
4686
8366
10206
8365
4682
8364
10205
11126
4678
8362
10204
8361
11586
8360
10203
11125
4670
8358
10202
8357
4666
8356
10201
11124
4662
8354
10200
8353
11585
11816
10199
11123
4654
8350
10198
8349
4650
8348
10197
11122
4646
8346
10196
8345
11584
8344
10195
11121
4638
8342
10194
8341
4634
8340
10193
11120
12018
8338
10192
11989
11583
11815
11931
11119
4622
8334
10190
8333
4618
8332
10189
11118
4614
8330
10188
8329
11582
8328
10187
11117
4606
8326
10186
8325
4602
8324
10185
11116
4598
8322
10184
8321
11581
11814
10183
11115
4590
8318
10182
8317
4586
8316
10181
11114
4582
8314
10180
8313
11580
8312
10179
11113
4574
8310
10178
8309
4570
8308
10177
11112
4566
8306
10176
8305
11579
11813
11930
11111
4558
8302
10174
8301
4554
8300
10173
11110
4550
8298
10172
8297
11578
8296
10171
11109
4542
8294
10170
8293
4538
8292
10169
11108
4534
8290
10168
8289
11577
11812
10167
11107
4526
8286
10166
8285
4522
8284
10165
11106
4518
8282
10164
8281
11576
8280
10163
11105
4510
8278
10162
8277
4506
8276
10161
11104
4502
8274
10160
11988
11575
11811
11929
11103
4494
8270
10158
8269
4490
8268
10157
11102
4486
8266
10156
8265
11574
8264
10155
11101
4478
8262
10154
8261
4474
8260
10153
11100
4470
8258
10152
8257
11573
11810
10151
11099
4462
8254
10150
8253
4458
8252
10149
11098
4454
8250
10148
8249
11572
8248
10147
11097
4446
8246
10146
8245
4442
8244
10145
11096
4438
8242
10144
8241
11571
11809
11928
11095
4430
8238
10142
8237
4426
8236
10141
11094
4422
8234
10140
8233
11570
8232
10139
11093
4414
8230
10138
8229
4410
8228
10137
11092
4406
8226
10136
8225
11569
11808
10135
11091
4398
8222
10134
8221
4394
8220
10133
11090
4390
8218
10132
8217
11568
8216
10131
11089
4382
8214
10130
8213
4378
8212
10129
11088
12017
12032
10128
11987
11567
11807
11927
11087
4366
8206
10126
8205
4362
8204
10125
11086
4358
8202
10124
8201
11566
8200
10123
11085
4350
8198
10122
8197
4346
8196
10121
11084
4342
8194
10120
8193
11565
11806
10119
11083
4334
8190
10118
8189
4330
8188
10117
11082
4326
8186
10116
8185
11564
8184
10115
11081
4318
8182
10114
8181
4314
8180
10113
11080
4310
8178
10112
8177
11563
11805
11926
11079
4302
8174
10110
8173
4298
8172
10109
11078
4294
8170
10108
8169
11562
8168
10107
11077
4286
8166
10106
8165
4282
8164
10105
11076
4278
8162
10104
8161
11561
11804
10103
11075
4270
8158
10102
8157
4266
8156
10101
11074
4262
8154
10100
8153
11560
8152
10099
11073
4254
8150
10098
8149
4250
8148
10097
11072
4246
8146
10096
11986
11559
11803
11925
11071
4238
8142
10094
8141
4234
8140
10093
11070
4230
8138
10092
8137
11558
8136
10091
11069
4222
8134
10090
8133
4218
8132
10089
11068
4214
8130
10088
8129
11557
11802
10087
11067
4206
8126
10086
8125
4202
8124
10085
11066
4198
8122
10084
8121
11556
8120
10083
11065
4190
8118
10082
8117
4186
8116
10081
11064
4182
8114
10080
8113
11555
11801
11924
11063
4174
8110
10078
8109
4170
8108
10077
11062
4166
8106
10076
8105
11554
8104
10075
11061
4158
8102
10074
8101
4154
8100
10073
11060
4150
8098
10072
8097
11553
11800
10071
11059
4142
8094
10070
8093
4138
8092
10069
11058
4134
8090
10068
8089
11552
8088
10067
11057
4126
8086
10066
8085
4122
8084
10065
11056
12016
8082
10064
11985
11551
11799
11923
11055
4110
8078
10062
8077
4106
8076
10061
11054
4102
8074
10060
8073
11550
8072
10059
11053
4094
8070
10058
8069
4090
8068
10057
11052
4086
8066
10056
8065
11549
11798
10055
11051
4078
8062
10054
8061
4074
8060
10053
11050
4070
8058
10052
8057
11548
8056
10051
11049
4062
8054
10050
8053
4058
8052
10049
11048
4054
8050
10048
8049
11547
11797
11922
11047
4046
8046
10046
8045
4042
8044
10045
11046
4038
8042
10044
8041
11546
8040
10043
11045
4030
8038
10042
8037
4026
8036
10041
11044
4022
8034
10040
8033
11545
11796
10039
11043
4014
8030
10038
8029
4010
8028
10037
11042
4006
8026
10036
8025
11544
8024
10035
11041
3998
8022
10034
8021
3994
8020
10033
11040
3990
8018
10032
11984
11543
11795
11921
11039
3982
8014
10030
8013
3978
8012
10029
11038
3974
8010
10028
8009
11542
8008
10027
11037
3966
8006
10026
8005
3962
8004
10025
11036
3958
8002
10024
8001
11541
11794
10023
11035
3950
7998
10022
7997
3946
7996
10021
11034
3942
7994
10020
7993
11540
7992
10019
11033
3934
7990
10018
7989
3930
7988
10017
11032
3926
7986
10016
7985
11539
11793
11920
11031
3918
7982
10014
7981
3914
7980
10013
11030
3910
7978
10012
7977
11538
7976
10011
11029
3902
7974
10010
7973
3898
7972
10009
11028
3894
7970
10008
7969
11537
11792
10007
11027
3886
7966
10006
7965
3882
7964
10005
11026
3878
7962
10004
7961
11536
7960
10003
11025
3870
7958
10002
7957
3866
7956
10001
11024
12015
12031
12039
11983
12043
11791
11919
11023
3854
7950
9998
7949
3850
7948
9997
11022
3846
7946
9996
7945
11534
7944
9995
11021
3838
7942
9994
7941
3834
7940
9993
11020
3830
7938
9992
7937
11533
11790
9991
11019
3822
7934
9990
7933
3818
7932
9989
11018
3814
7930
9988
7929
11532
7928
9987
11017
3806
7926
9986
7925
3802
7924
9985
11016
3798
7922
9984
7921
11531
11789
11918
11015
3790
7918
9982
7917
3786
7916
9981
11014
3782
7914
9980
7913
11530
7912
9979
11013
3774
7910
9978
7909
3770
7908
9977
11012
3766
7906
9976
7905
11529
11788
9975
11011
3758
7902
9974
7901
3754
7900
9973
11010
3750
7898
9972
7897
11528
7896
9971
11009
3742
7894
9970
7893
3738
7892
9969
11008
3734
7890
9968
11982
11527
11787
11917
11007
3726
7886
9966
7885
3722
7884
9965
11006
3718
7882
9964
7881
11526
7880
9963
11005
3710
7878
9962
7877
3706
7876
9961
11004
3702
7874
9960
7873
11525
11786
9959
11003
3694
7870
9958
7869
3690
7868
9957
11002
3686
7866
9956
7865
11524
7864
9955
11001
3678
7862
9954
7861
3674
7860
9953
11000
3670
7858
9952
7857
11523
11785
11916
10999
3662
7854
9950
7853
3658
7852
9949
10998
3654
7850
9948
7849
11522
7848
9947
10997
3646
7846
9946
7845
3642
7844
9945
10996
3638
7842
9944
7841
11521
11784
9943
10995
3630
7838
9942
7837
3626
7836
9941
10994
3622
7834
9940
7833
11520
7832
9939
10993
3614
7830
9938
7829
3610
7828
9937
10992
12014
7826
9936
11981
11519
11783
11915
10991
3598
7822
9934
7821
3594
7820
9933
10990
3590
7818
9932
7817
11518
7816
9931
10989
3582
7814
9930
7813
3578
7812
9929
10988
3574
7810
9928
7809
11517
11782
9927
10987
3566
7806
9926
7805
3562
7804
9925
10986
3558
7802
9924
7801
11516
7800
9923
10985
3550
7798
9922
7797
3546
7796
9921
10984
3542
7794
9920
7793
11515
11781
11914
10983
3534
7790
9918
7789
3530
7788
9917
10982
3526
7786
9916
7785
11514
7784
9915
10981
3518
7782
9914
7781
3514
7780
9913
10980
3510
7778
9912
7777
11513
11780
9911
10979
3502
7774
9910
7773
3498
7772
9909
10978
3494
7770
9908
7769
11512
7768
9907
10977
3486
7766
9906
7765
3482
7764
9905
10976
3478
7762
9904
11980
11511
11779
11913
10975
3470
7758
9902
7757
3466
7756
9901
10974
3462
7754
9900
7753
11510
7752
9899
10973
3454
7750
9898
7749
3450
7748
9897
10972
3446
7746
9896
7745
11509
11778
9895
10971
3438
7742
9894
7741
3434
7740
9893
10970
3430
7738
9892
7737
11508
7736
9891
10969
3422
7734
9890
7733
3418
7732
9889
10968
3414
7730
9888
7729
11507
11777
11912
10967
3406
7726
9886
7725
3402
7724
9885
10966
3398
7722
9884
7721
11506
7720
9883
10965
3390
7718
9882
7717
3386
7716
9881
10964
3382
7714
9880
7713
11505
11776
9879
10963
3374
7710
9878
7709
3370
7708
9877
10962
3366
7706
9876
7705
11504
7704
9875
10961
3358
7702
9874
7701
3354
7700
9873
10960
12013
12030
9872
11979
11503
11775
11911
10959
3342
7694
9870
7693
3338
7692
9869
10958
3334
7690
9868
7689
11502
7688
9867
10957
3326
7686
9866
7685
3322
7684
9865
10956
3318
7682
9864
7681
11501
11774
9863
10955
3310
7678
9862
7677
3306
7676
9861
10954
3302
7674
9860
7673
11500
7672
9859
10953
3294
7670
9858
7669
3290
7668
9857
10952
3286
7666
9856
7665
11499
11773
11910
10951
3278
7662
9854
7661
3274
7660
9853
10950
3270
7658
9852
7657
11498
7656
9851
10949
3262
7654
9850
7653
3258
7652
9849
10948
3254
7650
9848
7649
11497
11772
9847
10947
3246
7646
9846
7645
3242
7644
9845
10946
3238
7642
9844
7641
11496
7640
9843
10945
3230
7638
9842
7637
3226
7636
9841
10944
3222
7634
9840
11978
11495
11771
11909
10943
3214
7630
9838
7629
3210
7628
9837
10942
3206
7626
9836
7625
11494
7624
9835
10941
3198
7622
9834
7621
3194
7620
9833
10940
3190
7618
9832
7617
11493
11770
9831
10939
3182
7614
9830
7613
3178
7612
9829
10938
3174
7610
9828
7609
11492
7608
9827
10937
3166
7606
9826
7605
3162
7604
9825
10936
3158
7602
9824
7601
11491
11769
11908
10935
3150
7598
9822
7597
3146
7596
9821
10934
3142
7594
9820
7593
11490
7592
9819
10933
3134
7590
9818
7589
3130
7588
9817
10932
3126
7586
9816
7585
11489
11768
9815
10931
3118
7582
9814
7581
3114
7580
9813
10930
3110
7578
9812
7577
11488
7576
9811
10929
3102
7574
9810
7573
3098
7572
9809
10928
12012
7570
9808
11977
11487
11767
11907
10927
3086
7566
9806
7565
3082
7564
9805
10926
3078
7562
9804
7561
11486
7560
9803
10925
3070
7558
9802
7557
3066
7556
9801
10924
3062
7554
9800
7553
11485
11766
9799
10923
3054
7550
9798
7549
3050
7548
9797
10922
3046
7546
9796
7545
11484
7544
9795
10921
3038
7542
9794
7541
3034
7540
9793
10920
3030
7538
9792
7537
11483
11765
11906
10919
3022
7534
9790
7533
3018
7532
9789
10918
3014
7530
9788
7529
11482
7528
9787
10917
3006
7526
9786
7525
3002
7524
9785
10916
2998
7522
9784
7521
11481
11764
9783
10915
2990
7518
9782
7517
2986
7516
9781
10914
2982
7514
9780
7513
11480
7512
9779
10913
2974
7510
9778
7509
2970
7508
9777
10912
2966
7506
9776
11976
11479
11763
11905
10911
2958
7502
9774
7501
2954
7500
9773
10910
2950
7498
9772
7497
11478
7496
9771
10909
2942
7494
9770
7493
2938
7492
9769
10908
2934
7490
9768
7489
11477
11762
9767
10907
2926
7486
9766
7485
2922
7484
9765
10906
2918
7482
9764
7481
11476
7480
9763
10905
2910
7478
9762
7477
2906
7476
9761
10904
2902
7474
9760
7473
11475
11761
11904
10903
2894
7470
9758
7469
2890
7468
9757
10902
2886
7466
9756
7465
11474
7464
9755
10901
2878
7462
9754
7461
2874
7460
9753
10900
2870
7458
9752
7457
11473
11760
9751
10899
2862
7454
9750
7453
2858
7452
9749
10898
2854
7450
9748
7449
11472
7448
9747
10897
2846
7446
9746
7445
2842
7444
9745
10896
12011
12029
12038
11975
11471
11759
11903
10895
2830
7438
9742
7437
2826
7436
9741
10894
2822
7434
9740
7433
11470
7432
9739
10893
2814
7430
9738
7429
2810
7428
9737
10892
2806
7426
9736
7425
11469
11758
9735
10891
2798
7422
9734
7421
2794
7420
9733
10890
2790
7418
9732
7417
11468
7416
9731
10889
2782
7414
9730
7413
2778
7412
9729
10888
2774
7410
9728
7409
11467
11757
11902
10887
2766
7406
9726
7405
2762
7404
9725
10886
2758
7402
9724
7401
11466
7400
9723
10885
2750
7398
9722
7397
2746
7396
9721
10884
2742
7394
9720
7393
11465
11756
9719
10883
2734
7390
9718
7389
2730
7388
9717
10882
2726
7386
9716
7385
11464
7384
9715
10881
2718
7382
9714
7381
2714
7380
9713
10880
2710
7378
9712
11974
11463
11755
11901
10879
2702
7374
9710
7373
2698
7372
9709
10878
2694
7370
9708
7369
11462
7368
9707
10877
2686
7366
9706
7365
2682
7364
9705
10876
2678
7362
9704
7361
11461
11754
9703
10875
2670
7358
9702
7357
2666
7356
9701
10874
2662
7354
9700
7353
11460
7352
9699
10873
2654
7350
9698
7349
2650
7348
9697
10872
2646
7346
9696
7345
11459
11753
11900
10871
2638
7342
9694
7341
2634
7340
9693
10870
2630
7338
9692
7337
11458
7336
9691
10869
2622
7334
9690
7333
2618
7332
9689
10868
2614
7330
9688
7329
11457
11752
9687
10867
2606
7326
9686
7325
2602
7324
9685
10866
2598
7322
9684
7321
11456
7320
9683
10865
2590
7318
9682
7317
2586
7316
9681
10864
12010
7314
9680
11973
11455
11751
11899
10863
2574
7310
9678
7309
2570
7308
9677
10862
2566
7306
9676
7305
11454
7304
9675
10861
2558
7302
9674
7301
2554
7300
9673
10860
2550
7298
9672
7297
11453
11750
9671
10859
2542
7294
9670
7293
2538
7292
9669
10858
2534
7290
9668
7289
11452
7288
9667
10857
2526
7286
9666
7285
2522
7284
9665
10856
2518
7282
9664
7281
11451
11749
11898
10855
2510
7278
9662
7277
2506
7276
9661
10854
2502
7274
9660
7273
11450
7272
9659
10853
2494
7270
9658
7269
2490
7268
9657
10852
2486
7266
9656
7265
11449
11748
9655
10851
2478
7262
9654
7261
2474
7260
9653
10850
2470
7258
9652
7257
11448
7256
9651
10849
2462
7254
9650
7253
2458
7252
9649
10848
2454
7250
9648
11972
11447
11747
11897
10847
2446
7246
9646
7245
2442
7244
9645
10846
2438
7242
9644
7241
11446
7240
9643
10845
2430
7238
9642
7237
2426
7236
9641
10844
2422
7234
9640
7233
11445
11746
9639
10843
2414
7230
9638
7229
2410
7228
9637
10842
2406
7226
9636
7225
11444
7224
9635
10841
2398
7222
9634
7221
2394
7220
9633
10840
2390
7218
9632
7217
11443
11745
11896
10839
2382
7214
9630
7213
2378
7212
9629
10838
2374
7210
9628
7209
11442
7208
9627
10837
2366
7206
9626
7205
2362
7204
9625
10836
2358
7202
9624
7201
11441
11744
9623
10835
2350
7198
9622
7197
2346
7196
9621
10834
2342
7194
9620
7193
11440
7192
9619
10833
2334
7190
9618
7189
2330
7188
9617
10832
12009
12028
9616
11971
11439
11743
11895
10831
2318
7182
9614
7181
2314
7180
9613
10830
2310
7178
9612
7177
11438
7176
9611
10829
2302
7174
9610
7173
2298
7172
9609
10828
2294
7170
9608
7169
11437
11742
9607
10827
2286
7166
9606
7165
2282
7164
9605
10826
2278
7162
9604
7161
11436
7160
9603
10825
2270
7158
9602
7157
2266
7156
9601
10824
2262
7154
9600
7153
11435
11741
11894
10823
2254
7150
9598
7149
2250
7148
9597
10822
2246
7146
9596
7145
11434
7144
9595
10821
2238
7142
9594
7141
2234
7140
9593
10820
2230
7138
9592
7137
11433
11740
9591
10819
2222
7134
9590
7133
2218
7132
9589
10818
2214
7130
9588
7129
11432
7128
9587
10817
2206
7126
9586
7125
2202
7124
9585
10816
2198
7122
9584
11970
11431
11739
11893
10815
2190
7118
9582
7117
2186
7116
9581
10814
2182
7114
9580
7113
11430
7112
9579
10813
2174
7110
9578
7109
2170
7108
9577
10812
2166
7106
9576
7105
11429
11738
9575
10811
2158
7102
9574
7101
2154
7100
9573
10810
2150
7098
9572
7097
11428
7096
9571
10809
2142
7094
9570
7093
2138
7092
9569
10808
2134
7090
9568
7089
11427
11737
11892
10807
2126
7086
9566
7085
2122
7084
9565
10806
2118
7082
9564
7081
11426
7080
9563
10805
2110
7078
9562
7077
2106
7076
9561
10804
2102
7074
9560
7073
11425
11736
9559
10803
2094
7070
9558
7069
2090
7068
9557
10802
2086
7066
9556
7065
11424
7064
9555
10801
2078
7062
9554
7061
2074
7060
9553
10800
12008
7058
9552
11969
11423
11735
11891
10799
2062
7054
9550
7053
12045
7052
9549
10798
12027
12037
12042
12007
12044
11890
11968
10797
9546
