1000
25104
12684
20674
15883
31136
20487
14096
29223
9082
3628
7875
21735
11511
24259
24342
4581
16211
486
17484
24237
11011
29445
21921
30934
32072
30765
14209
20338
5125
13961
32248
23465
9166
28713
874
27808
25665
20226
6020
27296
22169
24886
6770
21876
23168
10902
22610
530
1317
28517
14569
23422
28303
7263
6037
10988
26929
28666
22403
11045
22462
18668
2082
27435
5438
15853
11736
17440
9058
25278
755
26212
4884
24170
17634
16894
23379
14028
24997
20029
4670
30033
6530
29854
15470
2304
26874
8945
9865
2487
20219
18616
32020
16567
17239
17360
5769
6754
29045
83
9130
25924
2887
20412
14868
593
18555
15180
27927
27245
26102
21933
26821
11570
14718
20438
17225
19693
11702
21806
30843
7145
14928
29428
17329
32497
11390
3806
19415
14608
21417
12544
21954
9371
26214
9456
28865
32113
13222
13864
20853
8322
29740
2987
20195
25742
20549
26348
13768
28719
28083
18923
26156
12570
6634
18593
28474
22690
25727
2462
7503
382
15837
14833
11857
25291
28218
30792
8258
13397
30921
31576
19989
10258
16177
30591
20160
7407
31039
1960
19090
28367
21719
7536
15047
2001
21041
15495
18266
5842
12354
1368
14106
3892
32119
21228
9728
21981
8361
28683
30144
16258
28238
10149
11422
17445
7660
13425
13955
3036
13268
21460
15440
14549
13068
4
1394
4759
11149
5485
6071
30346
30894
26452
2399
12730
17377
1978
14711
10200
8093
18051
25186
27522
20123
11223
15033
11203
2885
29129
6229
6878
25452
16694
18857
12871
31801
13808
6485
30707
21094
28188
12281
10449
19117
10457
18503
27801
9857
14371
26973
30404
12541
18934
6993
14555
14362
19638
18957
2549
9764
29390
19037
26492
20335
6552
13638
13103
18502
6013
3482
4717
22308
13661
25545
21168
22311
22320
27642
30552
7873
6126
14938
21674
16049
23725
6580
23576
11569
8969
12355
32194
12657
3785
26308
17214
9029
31424
17870
1940
21274
4336
15718
28813
11823
11766
2767
3374
29442
5026
12447
15743
2568
12005
13592
18321
22176
29936
6836
15806
5194
7066
18178
6707
5140
12546
19377
13228
28246
22134
17898
28543
31903
8852
18404
21724
12271
28335
178
25939
5927
4981
5727
24214
10685
22734
26172
18817
10932
7431
8057
31319
14284
30511
27635
26191
22774
22721
6989
29263
9226
29316
1090
7927
18620
24752
4153
13793
6349
25170
9498
23591
24702
8177
24929
11814
9034
17778
24177
18562
4308
29497
27946
25195
17951
19089
189
23838
12029
6478
15295
27822
7114
26801
21373
15876
24409
29579
15760
15908
2351
18341
23473
26291
4079
5728
6606
13238
22
30873
12893
9885
744
10703
3312
31360
20907
32392
27401
28072
26898
6640
22320
17489
4348
9924
2628
26798
3167
5998
15119
19502
1406
12658
3100
28158
2659
26632
3021
10959
11657
18954
31400
14809
7897
1809
19442
31520
20695
20444
5247
31478
32286
5617
23496
20161
8970
28294
830
12030
16308
7329
14302
29318
30243
1663
8710
20240
22720
6707
18311
760
32011
25999
21499
19519
9869
25927
15193
20690
7693
20308
27334
23567
2311
23703
31662
5509
21850
21951
7444
5371
3393
26476
10022
30644
10116
404
3349
23282
10224
17959
8483
24505
9220
19182
24318
7125
32749
12985
12364
7199
30645
25017
24455
23547
18615
20779
11531
22053
3926
17974
14957
4782
11502
28695
16399
22081
18955
12667
16625
22187
18649
6444
12490
6298
15324
19952
16472
23205
13537
29103
17396
12685
53
16339
26729
14787
8212
27380
10758
554
7268
32181
16882
5149
31396
17129
32192
15540
29215
30971
13635
31555
12389
21644
21156
14628
16891
5725
8369
11959
29522
14448
21368
6566
15862
30314
32533
10350
5640
13628
28872
16155
11246
3586
7755
31058
30281
43
8034
3477
6183
3803
26035
30147
30587
19853
9944
222
6090
8189
11443
12817
3366
12613
1
4338
7008
26182
8498
20228
21882
20297
17273
26240
20827
23782
15903
5717
17350
23590
10268
24429
6285
32228
20968
26418
23298
28025
4495
25425
687
15000
5380
29373
30791
6774
11959
2040
26332
17454
20585
18574
11601
27749
10303
1506
1043
9257
5142
13100
11012
7967
24343
31939
13240
9438
32139
25752
15332
12694
15088
2051
11283
2549
3660
29379
20123
17995
2241
9024
21200
6380
4706
9234
4215
21462
26949
24263
8062
29075
5849
3041
6122
9569
20346
25631
3600
13969
28739
30462
7944
11053
3876
19070
8543
1501
20788
10281
19980
6923
31560
15186
30117
16710
28868
25755
5587
24804
5297
26298
25348
9964
16656
20604
6751
24371
18542
18441
12285
14788
13753
7019
11606
32645
15954
14922
21497
31256
6755
31993
22657
4864
14195
23735
18884
28165
31032
302
30797
729
31916
18240
29197
31227
4451
9475
26189
20700
23835
3850
1511
2369
23957
17127
13238
26600
15523
6893
6475
1646
10883
20283
29665
15472
12907
18422
11667
9201
15717
25813
5837
15611
14173
24035
21505
29833
2680
8576
21403
4773
25768
21417
24630
21454
31614
21114
8976
12700
16959
25585
10939
7847
17977
28917
18966
14756
9559
29079
25468
15313
21236
28311
29755
9876
7917
15402
29768
29790
13050
20986
24113
20694
31294
25711
29522
7220
10012
9005
4172
15850
19277
16606
9651
2698
13871
10289
10503
16612
3424
546
4582
25198
21388
29053
14207
27370
20867
10141
8778
11074
5519
13946
9719
19383
32004
17379
22436
14650
31768
519
13394
538
6133
4410
2970
26080
18189
12022
668
7288
11182
22048
17209
6289
23766
13453
11138
18757
12616
6597
4463
7933
16607
17159
28373
22415
4131
10381
2450
21930
6682
12304
27658
1908
11361
26767
16856
8305
18810
13133
27837
10919
1384
32281
26076
13056
4217
29393
16170
5359
25700
16425
22816
10582
18323
24489
8371
23720
6850
31989
27013
28747
9417
25169
14429
27456
20662
3684
4565
32261
4639
22332
8530
23994
25527
16019
19513
23172
5150
23377
1376
13615
21758
31826
29891
30743
16467
26728
18297
22344
18442
24484
15334
23524
17358
16849
15921
24261
4383
32322
10488
5732
31140
12494
32323
15353
21442
4120
11447
3044
4461
4372
13581
9548
12606
25542
17346
3334
17862
11597
4879
22456
1827
8993
10523
16190
8912
27545
18032
10060
15810
26544
6315
21845
23728
18952
1400
24492
