1000
30707
43
1
53
178
22
4
554
222
382
302
83
519
830
404
2549
755
486
1940
687
2051
1501
729
189
2351
546
538
1384
1376
1827
760
3806
3926
6298
874
2987
3477
3366
2767
2040
1043
2241
2304
3876
1960
1090
1511
530
1317
6478
2887
744
593
668
1406
1908
1809
3684
1663
3044
2311
1000
2082
7125
5438
4581
9166
6444
6552
3482
8322
5725
4884
3586
3803
3785
4338
4336
3374
2462
4670
1506
5140
2549
3628
3041
3600
4981
5587
2487
7019
6755
2001
4153
2369
1368
3892
2680
4773
7114
9130
7917
4079
2698
3036
3312
13068
1394
2628
4463
2450
2399
4217
1978
5247
4565
5125
7329
2885
4383
4120
3334
8912
5509
1400
10022
3349
8483
9857
7199
12541
6993
4782
9371
9764
9456
13537
9058
8212
6013
4717
13661
12389
14628
7873
6126
5640
6580
7755
6183
12657
6090
8189
7008
6634
14028
5717
6285
6020
4495
2568
6774
11601
6836
5142
7066
6530
11283
3660
9024
4215
8062
5849
6770
5927
5727
8945
6923
9865
5297
6751
12285
11606
6989
9226
4864
7927
15495
4451
3850
7875
6475
1646
5769
4308
14173
6754
19089
8361
10939
7847
9559
15313
9876
11422
17445
4172
5728
10289
3424
9885
8778
5519
14549
13394
2970
4348
4759
3167
5485
6071
3100
2659
3021
8305
10919
7897
5359
8371
6850
8093
5617
4639
16019
5150
11223
15033
8710
15921
6707
5732
6878
4372
9548
4879
8993
14096
6315
6485
3393
5371
26476
10116
10449
10224
10457
9220
19182
19415
12364
14608
24455
18615
11531
12544
14555
11502
16399
18955
12667
11736
12490
15324
16472
20335
17396
12685
13103
13222
10758
7268
16882
5149
17129
15540
13635
22311
21156
16891
8369
11959
14448
6566
21674
10350
13628
11246
13768
11569
8034
12355
26035
15883
9944
12684
11443
9029
12570
9082
8498
20228
17273
15718
15903
11823
10268
22690
20968
23298
5026
12447
5380
7503
11959
13592
17454
15837
10303
14833
9257
5194
7967
13240
6707
15332
12546
19377
8258
20123
13397
15470
4706
9234
8852
18404
11011
6122
9569
10258
13969
7944
11053
8543
20160
10281
7407
15186
16710
10932
7431
8057
9964
14284
18542
18441
13753
20219
15954
7536
15047
18616
14195
10902
28165
18620
22610
16567
13793
6349
20700
5842
12354
13238
8177
6893
10883
9034
12907
11667
9201
5837
15611
21505
9728
8576
25768
21417
21454
8976
12700
15295
17977
18966
14756
21373
15876
24409
10149
15402
13050
20986
18341
23473
7220
7660
13425
6606
13238
10503
16612
4582
21388
13268
10703
10141
11074
9719
19383
17379
14650
18555
6133
4410
17489
11511
7288
17209
6289
11138
5998
6037
7933
17159
4131
10381
6682
12304
11361
16856
10959
11657
12730
26076
13056
10988
11570
16425
10582
14711
14718
10200
9417
14429
20662
18051
20161
8530
23994
17225
12030
16308
13615
14302
16467
18297
11203
11702
17358
16849
11045
10488
6229
12494
15353
11447
4461
9869
12606
15193
17862
7145
12871
10523
16190
18032
10060
13808
21845
18952
7444
17329
18668
21094
32497
28188
30644
12281
32248
11390
23282
19117
17959
27435
24505
18503
27801
24318
23465
32749
12985
14371
26973
30645
25017
30404
23547
21417
20779
18934
22053
15853
17974
14957
14362
21954
28695
19638
22081
18957
26214
16625
22187
18649
29390
17440
19037
16211
19952
26492
23205
28865
29103
28713
32113
13638
16339
26729
14787
18502
27380
25104
13864
25278
32181
20853
22308
31396
29223
32192
25545
29215
30971
21168
31555
29740
21644
22320
27642
26212
30552
20195
27808
29522
25742
21368
14938
15862
30314
32533
20549
16049
23725
28872
16155
26348
23576
24170
31058
30281
8969
28719
25665
17634
32194
28083
30147
30587
19853
16894
26308
18923
17214
17484
12817
26156
12613
31424
17870
23379
26182
20226
21274
21882
20297
18593
26240
20827
23782
28813
28474
17350
23590
11766
24429
24997
32228
25727
26418
29442
28025
24237
25425
20029
15000
15743
29373
30791
12005
31136
27296
26332
18321
20585
18574
22176
27749
29936
22169
30033
11857
15806
13100
11012
25291
24343
31939
18178
9438
32139
25752
28218
12694
15088
29854
30792
13228
24886
29379
28246
17995
22134
17898
21200
6380
28543
30921
31903
21462
26949
24263
31576
29075
21724
12271
19989
28335
20346
25631
26874
25939
28739
30462
16177
21876
30591
19070
29445
24214
20788
10685
19980
22734
31560
26172
30117
18817
28868
25755
31039
24804
23168
26298
25348
31319
16656
20604
19090
24371
30511
28367
27635
14788
26191
22774
21719
32645
22721
14922
21497
31256
29263
31993
22657
29316
21921
23735
18884
32020
31032
21041
30797
24752
31916
18240
29197
31227
18266
9475
26189
25170
23835
17239
9498
23591
23957
17127
24702
26600
15523
17360
24929
11814
14106
20283
29665
15472
17778
18422
24177
18562
15717
25813
32119
21228
29497
24035
27946
29833
25195
17951
21403
29045
30934
21981
24630
23838
31614
21114
12029
28683
16959
25585
28517
27822
32072
28917
30144
16258
26801
29079
25468
28238
21236
28311
29755
14569
29579
15760
29768
29790
15908
25924
24113
20694
31294
25711
29522
26291
10012
9005
21735
15850
19277
16606
9651
20412
13871
13955
23422
20674
30873
12893
14868
25198
30765
29053
14207
27370
20867
20487
21460
15440
31360
13946
20907
32392
32004
27401
22436
28072
31768
26898
28303
6640
15180
7263
22320
26080
18189
12022
14209
9924
11182
22048
27927
26798
23766
13453
11149
18757
12616
6597
15119
19502
16607
27245
28373
22415
12658
26102
30346
21930
28158
30894
27658
26632
26452
26767
21933
20338
18810
13133
27837
26821
18954
32281
31400
17377
14809
29393
16170
26929
25700
19442
22816
31520
18323
24489
20695
23720
20444
31989
27013
28747
31478
25169
32286
27456
24259
23496
20438
32261
25186
22332
8970
28294
25527
27522
19513
23172
28666
23377
20123
19693
21758
31826
29891
30743
29318
26728
30243
22344
18442
24484
15334
23524
20240
22403
22720
24261
29129
32322
18311
21806
31140
32011
32323
25999
21442
21499
13961
19519
25452
30843
13581
25927
16694
25542
17346
20690
18857
11597
7693
22456
20308
27334
14928
22462
23567
27545
31801
23703
15810
26544
31662
29428
23728
24342
21850
24492
