10000
6233
15750
27459
4719
13106
22467
14445
17037
6729
368
20187
13353
22782
29685
12189
7207
26742
15478
2463
10963
16541
6334
29390
28789
31339
8310
15484
28710
26471
3739
26374
21729
17002
16175
30900
31965
23974
13614
15328
20250
29158
15555
10331
3898
29463
32188
31756
9107
3592
4668
18138
386
13166
30127
28109
13314
21547
24579
26991
12413
13008
24854
17273
28130
28256
20586
6059
29175
10839
25888
7164
18673
30698
2596
29683
6978
25745
17061
21333
21938
20931
13000
13312
6065
31232
8349
8983
23531
18197
338
26975
3870
23964
26278
4841
2344
450
24737
6642
7269
14669
10114
14599
12087
20189
8698
10349
5094
6769
7063
19135
4779
13102
16259
3289
23047
28252
11118
31989
18777
20402
11977
23828
18864
20179
2613
13472
10462
5656
17211
9551
10958
7824
24637
1866
17687
19781
8364
4239
14544
30145
1404
2963
32423
26065
15829
24876
14637
24201
19468
31151
8564
7816
30417
14677
8668
24958
23210
7140
4906
30955
12192
13195
20442
25129
5943
3853
4535
32172
1700
19234
19880
19337
8507
21274
461
20789
5927
5315
10698
3215
23645
11149
19811
6177
19411
18156
23882
25763
2796
20478
21044
11201
16695
4718
16946
31
30810
27800
24639
7833
14409
19181
6677
25807
13244
29337
18502
4321
6367
24420
9351
11895
23115
14550
31311
21765
1077
8863
17825
6989
29157
27702
13349
25637
30570
25535
15486
26746
21389
20530
16344
8853
32259
22202
27072
32413
9703
20315
16953
29789
29799
19672
9740
28232
26557
23508
6495
8634
23137
15671
10377
15489
2684
8147
19237
2972
13728
7496
32101
32578
7351
32292
938
12327
1082
2383
3153
18938
1188
25255
9167
32562
16165
15591
12032
27146
19098
25293
24508
32458
27837
23420
22444
29513
29593
11807
27995
16304
17218
2255
18320
7296
27586
20151
17116
8663
23382
20853
21871
27631
219
14788
25903
26855
29315
25432
17420
13254
27852
12298
18061
8381
15795
5685
10415
24236
28708
28256
13552
20968
19382
17437
24999
3132
31893
11824
22678
1581
30655
29172
7362
32130
28532
30203
17027
7428
27623
18421
28119
20867
23610
14803
2811
28697
13225
23084
30013
4531
26374
19423
12
18380
24165
16634
5713
3708
12056
7386
25602
8114
12766
404
15859
3005
18775
19604
15344
15122
27835
18052
14602
15689
19148
2672
11822
2408
6409
26663
6908
4964
25381
17892
28885
23269
28343
17709
13366
22346
1843
12028
18501
25837
17945
27421
6314
6056
11116
1751
5536
5784
6758
3790
13900
25888
3690
16424
30029
15665
7226
21743
31636
24265
4970
28598
28022
30906
21525
27264
3583
3757
11470
3293
11402
102
21721
27990
4238
5706
22172
523
22459
14110
32336
9371
31302
11025
8444
3396
27009
4093
20388
2380
31918
25322
19133
28831
8213
17108
18917
7865
31316
20654
27601
29382
31735
20646
25223
6920
3400
28843
12237
12154
20072
22572
1505
24499
7583
25891
8298
14348
22513
14931
10671
16901
2034
717
7
997
30427
3769
28560
9121
21468
11603
13348
12543
26036
26676
22409
23291
31360
979
16360
5226
2512
26955
641
27613
15616
23903
20124
6856
20934
10427
1219
4068
2823
5500
20014
30929
9199
26099
18559
3840
31040
10406
6576
11216
23786
3480
73
26615
18397
8395
13270
18980
24091
3586
10648
18659
30993
20939
4475
9152
11303
31677
8008
22447
30614
26111
29724
12971
7545
1546
15385
19102
19752
15023
21595
23425
6337
15195
3373
20676
26887
3226
23677
32240
25456
7642
5262
19083
30329
29810
29421
21820
61
2018
7078
21039
17222
13148
21687
10427
7587
24708
5573
5186
13882
20341
16398
19545
5216
8196
4767
30761
21927
72
11975
28949
30199
9306
16587
6302
24033
27481
8411
17795
11055
21937
69
3116
26560
12445
30441
26184
8851
6891
1261
32182
7969
18176
23730
7841
3824
7707
2310
5360
2405
10462
17307
30941
13786
24842
4023
12003
23536
20618
27950
7902
20006
8627
14222
26222
25259
1226
1433
2716
28273
3782
7416
27840
30339
30040
20013
1698
2968
19497
19658
12767
1000
10083
22496
32398
1854
18290
18107
23844
8527
12812
19916
8085
20042
23662
4071
5564
13744
19177
20399
18685
1894
18846
21838
6953
12041
8838
23657
19617
20865
29877
7762
11711
18649
4319
19584
32625
4685
32539
3901
18215
25253
4583
23711
6640
21698
10860
15289
8927
26231
4612
18450
26804
14234
3322
2391
5816
16218
2705
29516
19689
27602
5703
8712
15191
24543
28250
9826
3278
17199
25484
30375
25781
22683
26147
22414
29750
20151
25653
20845
27296
32423
23842
1452
17673
3380
20066
30842
16695
8735
23937
8896
30657
10676
25447
24659
24945
21667
15581
3694
19437
18956
1101
28255
406
16345
6345
8320
10417
27984
5711
19305
7621
3048
9036
17252
19779
23132
14174
17954
20588
22015
16222
7852
20848
7759
17054
17819
31443
14028
28015
20876
30229
6923
9447
19407
15762
22790
2017
15711
17831
9654
324
2071
16662
8164
20361
24610
1196
13628
9591
31156
20001
23971
18481
16119
29247
8394
20083
8777
13894
6659
25881
24740
22672
28244
15585
18525
3185
26826
1393
22546
28001
12560
6556
18910
11613
20544
16609
24270
650
30713
10804
32409
6172
16306
1026
32651
1654
19534
21871
10947
5778
5616
31970
20638
21668
16400
30659
371
13818
14287
22403
16001
22055
3207
2013
14117
3936
13991
19036
26193
29222
16574
2846
9273
24614
1749
29399
79
20061
2
23064
30578
29311
17978
466
23138
24474
20583
13590
30840
22006
4794
14366
25236
19009
31043
10385
23126
26600
28863
13059
16785
4808
29105
16827
7676
11270
16820
2234
1323
7739
24335
4857
1214
29909
19082
13553
23257
698
9088
2144
4820
23598
18998
21835
23091
10230
31851
3135
8664
3005
8240
13789
24439
14264
12538
31638
843
21894
758
11698
30215
24154
20636
27287
13072
7259
18055
19272
21225
23371
388
14636
6638
3175
13033
20753
24390
24975
24360
30576
24595
9127
27299
498
21227
18493
26818
6708
20364
2668
24899
15815
24267
2816
32722
32636
18126
15322
25050
28126
26491
6807
30362
17151
15152
32364
9595
16760
20405
32084
11937
25259
19311
11374
31168
14923
21206
16288
18225
13087
25129
19585
30533
2306
28512
13430
23513
9263
26722
31259
18474
14779
24952
1508
21227
21859
2049
7684
32405
12424
11624
5517
15359
31352
32340
30425
31534
30191
14878
11562
15982
4062
32392
29069
25505
21354
31660
32516
6104
24376
9266
20963
10528
16360
11718
30331
10911
21471
30153
10998
7903
7242
7751
22658
7273
8031
30506
10162
8342
16358
1965
13344
1186
11769
19475
9048
18690
21768
31640
8945
10999
27424
27304
4605
14436
1388
23887
22948
21981
22012
24049
14603
27392
30405
27707
2171
10504
26089
6233
14271
8095
5945
24169
3021
5108
16120
22064
24489
19982
14818
2828
27783
20576
13933
4138
23856
11677
847
9465
12454
28877
10048
32223
12299
19361
9729
1322
31679
32515
5789
10313
29641
12786
28399
1340
32632
10893
10340
3145
30793
7533
8707
27121
15372
1848
25514
19746
10819
17523
9882
23982
4299
23448
18229
30460
19390
11625
1031
31486
7319
32643
11780
20834
31895
5430
11792
26381
28264
19092
965
16837
4865
26056
8560
31789
1481
4778
18780
15863
17407
15504
20564
1109
9049
14950
26979
20144
7147
257
24286
925
26955
20400
23716
8717
18163
2836
12197
4803
19430
14898
7841
11788
10647
22983
16434
18858
20998
31195
29197
25361
18732
22937
21893
14806
9625
30046
30033
28260
1116
15120
30862
30961
29731
22705
1800
3248
7075
22836
17077
15176
7994
911
31362
27782
2515
12305
31314
32334
15627
2038
7236
8408
11410
25401
32565
17177
26835
14505
1671
9086
15575
21567
1824
22752
25446
18351
17845
26549
6000
18749
10824
14211
940
29906
19695
31899
21887
9039
16344
27139
30495
19489
14986
16308
13560
9494
2669
2309
21071
29806
27789
8040
20773
18742
13467
17748
29022
3537
25909
28034
11042
10456
7526
604
10372
8228
32625
16819
609
29224
29898
176
17547
6532
29542
27661
32039
28376
10292
6276
23380
23766
10988
30600
8462
6812
7943
1076
27729
24640
26126
15489
7041
18860
18200
15035
20745
23468
12175
822
23107
24389
28978
23101
32152
1865
8544
13899
29672
5160
32147
8830
4395
27145
31019
9544
24665
19737
22637
32616
13960
14371
31947
22296
340
354
18021
9096
21636
16787
11985
27788
31467
12621
279
12945
3723
28821
21248
4822
23553
27822
9105
31705
5405
22574
17106
1551
5840
26967
26324
17623
17995
21155
4593
9137
18789
10657
11862
9131
7741
12288
703
3357
22049
13033
25730
27030
30639
29843
19151
23062
19514
21521
10038
7550
7280
10094
10089
23364
8249
31739
17476
1643
9698
12520
16906
27827
13434
8210
1522
17933
11644
18716
25826
22609
12719
12993
20346
819
19787
30312
32596
18548
12125
10745
2442
9301
28780
7152
31353
19025
11357
5552
24261
6667
29588
6169
23966
24710
22364
18012
18497
14740
5513
29454
17089
9617
10076
892
27143
10064
14246
7487
6935
32342
17456
21008
16278
20806
28251
15837
17289
23709
16132
19228
6240
31135
25002
4447
26931
4498
6867
552
25675
20777
32171
22527
15844
12355
9455
31683
20529
8662
29449
21566
31905
37
7549
13307
12897
2362
1923
22876
15906
32656
12277
13543
18204
17168
13932
27105
7507
30270
15271
15646
15641
949
8492
26135
11220
6097
27697
30269
4609
25259
20412
19085
13945
13898
8714
15205
16115
21783
16686
32406
22987
1170
11002
28602
13570
14404
19490
13000
26245
26868
19103
25829
10674
27678
20306
20349
5656
24481
4842
20883
13182
32184
12807
29525
3879
27947
3231
22516
13909
25031
13474
434
14860
8459
12249
7229
8216
16164
4372
16699
25938
10268
11396
27430
29982
18766
27494
2650
14904
28445
737
28780
11441
10981
4658
1470
308
21810
27654
32080
23950
48
3879
31449
13933
28259
4699
24343
14952
24984
1930
11875
28224
22044
6686
17800
24166
32299
27823
20693
2493
4523
31200
14705
27040
17947
31876
31983
15143
710
8966
8994
28070
9532
4615
17971
23159
27138
31304
24816
10746
19849
17867
22375
2521
31069
8245
28084
6289
4511
24183
8471
10798
30389
2477
5962
19029
20288
4422
6161
8072
28238
26726
17682
5030
27090
4744
999
26033
30033
25448
20082
2260
21725
30240
23920
29861
31815
8081
24913
19111
11921
24580
15688
29971
12706
6161
30878
8920
27197
1217
23115
17632
29748
18159
25287
28821
2777
31220
6174
19364
21942
7555
22595
25856
28030
22225
9638
7979
11587
19705
8712
4017
9192
9376
11150
30709
14810
24276
20501
15151
24315
7994
2758
30134
21727
7529
32746
6523
26939
17809
11007
13270
13466
19552
13067
16518
12626
14886
22832
11763
16055
12599
13697
30389
25742
29585
13844
29786
27333
27582
5208
20324
6497
15612
13481
12434
13495
7836
9250
5985
2527
1704
10419
31185
8038
26568
6003
4460
24131
1638
25911
31109
18188
10513
9571
702
1898
10271
27392
24525
971
8343
16399
3967
10582
20046
10013
10236
7204
20815
23320
26446
5549
25216
16737
11549
1920
15235
16930
16828
22072
13787
31458
3690
16555
25936
32599
10961
18276
12692
7291
25555
10324
13094
20962
8070
17092
22391
30026
17021
30606
4172
13428
31306
22925
4707
26930
4416
16978
26457
29634
12158
7960
22219
3930
11561
2554
27324
21764
23032
868
4918
24748
24054
24520
11572
19575
6019
15762
28864
30295
6812
5981
2649
17373
13661
18023
25495
22606
7620
2370
24338
28920
11448
25293
2943
23494
19018
25955
4636
15379
28474
15954
25679
4540
24509
5519
27785
13945
893
5544
18033
17773
32482
12281
16959
8443
29072
28963
14181
2780
32305
31162
27253
622
32628
28478
2623
23887
3669
31053
2105
20011
15776
7958
20517
19922
11952
6417
8941
6798
25469
27374
6354
16819
29142
22987
3781
26487
31722
4777
789
16644
4621
5409
9547
29900
25017
13907
7507
21789
21971
20512
19932
10485
3120
28825
5632
30487
17496
7606
22056
1886
11146
332
15402
3666
10752
4409
6837
14073
5491
2017
20463
32496
27874
16607
32604
6329
400
19956
8962
18519
12620
22595
14283
28184
5620
8641
2346
13235
20028
15079
24577
3986
17324
16554
6339
4721
4584
13996
25814
13096
29492
20916
15163
3269
22071
18012
15472
17118
255
28681
3477
38
25926
25632
28367
17213
2548
17783
4330
28109
11749
27658
28226
18898
2027
13552
10979
31033
18455
3725
16367
941
15924
5384
30272
30382
18837
21247
29775
19427
30225
31354
25428
2481
27211
10782
28591
21004
2871
4772
10375
21389
30937
4233
689
20677
18512
3590
723
12754
7956
16706
21193
21551
4988
6855
17991
3281
30339
30770
4800
4207
27339
28463
16007
13857
27874
17573
2869
18476
12485
25646
24394
22300
30882
27594
29463
17172
18658
8148
17627
28515
7527
23349
6188
21591
1042
20439
1176
25430
16521
11101
22413
28970
23863
29713
19830
6813
19860
12829
26151
22342
1446
14591
22651
11938
10952
9527
26939
17255
16810
25154
10562
10516
32153
19660
24287
14285
5376
17698
7803
21094
16175
17894
22140
21182
16220
21254
21097
4174
8423
21742
31054
13569
2275
13309
19298
21574
16593
18486
25319
30820
24238
28985
31826
6671
11825
27249
18860
13880
16206
12174
5432
30249
15870
1334
30550
7632
30530
31223
9127
13403
12133
29569
4466
6918
11650
7186
838
1585
8263
17457
12769
3254
16376
3231
7761
16761
20919
27787
20313
2881
28674
26629
32278
11974
15485
2741
30178
16139
24306
31437
11129
26605
30102
14396
20315
18172
23182
23589
24433
18059
25265
27791
31730
12035
31120
6238
904
25213
16051
28546
15023
30351
2086
27502
606
8293
28213
23499
25066
10004
17523
2926
26663
20524
9217
12680
10192
31372
27404
797
21289
23419
21912
30904
15074
4596
4988
7260
13375
1088
32686
29629
10870
15307
23745
23216
24409
13104
15020
25057
7988
19094
27085
1476
27641
22079
7982
20942
25498
31582
11782
17380
26039
20265
31363
1044
15481
27696
2502
17539
19646
29165
21296
23974
4470
8860
14044
31413
26188
4941
15724
27229
25994
8759
1289
26550
23862
10063
32677
28532
8065
4889
26243
30049
12899
28606
1786
3595
8831
30816
19574
24761
32076
15018
11199
30116
13942
30379
21374
13412
31874
12516
17917
9897
16562
10911
16430
21291
30248
13443
4591
17636
19533
3942
19340
4732
26740
20322
25733
31237
25275
29995
16274
25832
2610
12703
12261
26655
13376
1951
25519
5285
6978
16414
22501
11307
4212
25719
14660
3597
1301
13060
22163
28804
11974
16876
2088
14877
19252
17468
12461
3946
18166
9530
15140
26871
19385
28150
14889
17791
31130
10529
3191
19552
20435
14626
10926
29773
2202
21607
596
579
27718
7161
537
29886
24500
84
15199
12076
12777
26741
15609
31138
27896
20276
2867
10446
11814
19156
22803
557
18765
13017
26335
12413
15230
22553
10719
23670
12522
790
8548
15797
8707
11403
32010
14329
19422
9285
30777
22673
2012
6708
3826
18453
18057
15810
28616
1109
12740
26467
20268
30351
14881
110
32750
14821
5003
7467
29953
9741
25902
32045
4223
29259
12436
26082
25580
1180
13325
2920
17855
16692
19541
31650
24606
28203
6513
16268
7402
32628
27354
9931
4859
24334
14045
29065
22701
1406
8514
19583
24475
30332
21804
21331
15786
30189
13888
3365
1866
2321
11529
5989
7928
6142
4763
29415
7687
17229
32631
10041
15009
16915
431
12340
20233
23571
32331
27089
26146
21553
16874
28222
28981
22314
1197
6705
2799
17027
25936
11133
27561
22463
8090
11747
29421
12245
504
10794
27189
737
26213
19313
25845
6170
12940
28357
25052
29188
9009
20719
4439
2791
26317
20111
25944
13695
19320
27247
20053
30197
1036
3601
18835
26382
18568
14474
9380
32675
21938
3987
6703
19537
4097
1758
11247
29041
19897
4518
24062
2378
3160
4746
14164
12934
5425
32155
11146
25315
21847
24756
20964
21035
27836
17930
3471
4454
14490
9475
2855
8782
23826
21836
14205
8963
4628
14374
5014
25088
14206
3072
2551
28238
29832
7755
10527
30711
26207
20362
26454
5310
8720
7592
21413
15629
3496
10383
22566
5423
21657
25846
29054
22207
31584
29050
32679
28257
22117
16881
5107
8624
26659
5371
24653
20855
27272
26585
11202
11299
1951
23683
28737
25720
1388
17908
1439
16516
26904
20169
32222
5329
21838
28170
5807
32735
10212
7752
25653
31185
6846
2792
6412
3175
27631
10174
3978
18220
20770
26334
30789
17393
14905
174
20949
20345
10035
576
3547
2678
5459
5599
1858
5812
18302
14824
11716
9365
28134
23004
2736
29885
28901
32178
747
8718
25387
882
31285
18391
24348
5887
15278
22600
21364
23604
19353
14122
813
32563
1631
27853
15522
7930
12503
1345
3060
17976
24004
28616
27821
26206
19616
29324
16035
2296
9624
1678
544
11070
14039
12255
7999
30694
5895
9746
15513
21309
20757
24817
26913
28022
32053
23919
7501
20290
27431
11998
22391
5281
16824
12386
22402
18935
14219
27302
15808
8034
18713
461
4371
26187
4087
16300
28755
3387
8024
3638
29424
3568
2514
30263
31961
433
29797
30278
2460
20446
23225
17908
13006
10955
26791
22858
30125
20174
3323
14451
31748
14231
10616
32693
27727
16320
1053
7078
1312
24229
23975
5532
1985
30838
20823
1125
13851
29835
25077
30008
26582
3575
22549
24812
31426
4703
21913
360
8822
781
17015
7003
23351
19520
30397
4141
1051
1734
17874
19509
25709
30669
20222
25900
8276
17143
14124
31969
24752
684
12271
15407
12869
15028
28612
31276
24603
22789
32663
25508
19748
14553
392
14022
4384
23556
21742
26396
23742
20101
15260
15809
26884
26715
25700
18894
30192
24986
32474
13589
7264
27837
15450
20754
30511
19262
25165
28702
26529
4196
20903
24294
30977
1629
10164
4636
10120
27020
23573
23660
3713
28196
6
16562
16811
17398
738
13418
21983
3207
8168
26215
23794
30566
22847
24009
22749
30908
9272
1321
27163
20005
10964
30230
15699
17854
18054
6341
31799
31616
6201
27652
17836
204
24981
2416
28971
8774
894
14824
8551
16359
17886
11841
27184
27470
19621
12347
3479
16471
24078
24500
5203
11247
24099
20508
17763
5415
9091
6697
16629
7303
2403
13772
17031
26020
25299
12387
20044
7924
13122
4912
19921
15330
20549
3594
24544
5406
20628
14930
24485
25399
27733
2601
26383
18283
12958
14304
20601
22206
14389
18864
31626
23369
9114
32172
22873
16341
14919
12787
981
22952
21302
7466
25701
1183
21156
27434
11723
17789
4885
4597
11598
26243
24472
29423
14104
16961
25420
7243
12765
12459
12835
16067
1469
19055
20198
11148
29292
30342
21113
28297
4240
30217
6241
22719
618
25159
5251
3849
6073
20756
13870
28940
26843
4964
31836
27758
11574
16920
7989
4163
20694
3351
29397
29896
3415
161
26447
19284
2566
13536
18930
10891
18243
7104
11211
27349
22826
24833
4458
9999
13682
4235
20457
13696
6292
30465
15147
11534
17968
28824
2402
19121
10413
6698
4052
19241
5153
6278
15582
3308
12400
27147
29497
3683
20151
30325
10876
7253
11755
20726
30946
17572
29373
24713
27214
24887
22209
25219
18572
20279
21200
31594
14554
9854
18603
18955
21159
1356
28640
12487
5018
17468
2546
18734
21718
9847
8628
13775
9597
23080
23030
17997
11890
23856
3939
8630
868
6682
20906
27409
1288
20817
30684
5174
14501
8848
21525
21219
14550
19099
19039
27659
9100
26925
20179
18801
10578
25393
3842
3446
8661
13620
19091
6447
18851
18971
7981
14523
3379
10769
19351
27092
1318
5572
11805
28835
1996
25041
566
11993
29674
9852
8549
28923
6330
6053
19293
9725
24372
6392
14696
13587
6284
25187
265
26052
5628
18637
2528
3648
28099
32517
6863
31731
4462
25336
16987
19034
6486
11048
7765
7190
26986
2137
18105
27199
4910
3981
24534
24058
6404
51
6063
26702
30379
15004
4770
3123
4869
31406
2887
3820
32541
10972
10651
663
9832
25430
21854
24323
21579
27004
1977
7361
13022
17305
24612
1662
9968
13518
135
13456
11595
13644
29855
26318
7480
15046
10404
12453
29766
25895
13097
11112
3912
25472
30275
8936
29853
9540
23533
28741
5044
11191
12715
30467
7630
4004
26478
30816
23558
3918
13752
12517
9871
14506
28416
29756
24894
971
88
15169
8520
29086
25933
22619
24652
727
4879
17933
24724
6955
7890
17352
9880
9408
9075
13572
11203
2018
10847
30351
11898
19191
7089
7716
17243
28341
31130
22591
3010
23186
27398
22576
13714
28028
22908
3694
10290
1739
9798
6447
725
7028
15059
9013
20479
11135
30809
9451
4677
11195
19134
15280
3668
14256
25273
2931
30260
8149
23349
24192
22990
10243
19958
30617
172
2602
7038
19017
4353
4419
27186
3445
10217
24709
8377
23604
18161
15068
24485
22753
15066
24215
15957
1646
24474
18784
20249
19450
26020
30834
11928
22182
31849
30982
8815
19877
1567
23822
2843
3219
14529
26662
11545
22536
20567
2248
5451
16492
13943
29119
7326
9997
17164
26590
20202
6510
31318
6129
14618
30435
27698
2292
25228
5210
6300
32387
30139
21116
32114
24466
23579
23029
12666
30046
20804
29199
12455
5795
12627
9606
15768
4880
1677
10648
31842
29432
6726
15195
10895
24394
3330
26451
6247
17859
14809
28484
18286
3426
26912
16965
21037
28445
5701
15126
309
18130
19707
6323
12642
28800
24983
25897
28509
1463
2234
16041
27748
3917
4657
14043
12366
32595
19225
15476
11465
1863
19271
17163
5607
7819
12775
7465
9177
19734
5474
15519
8698
3690
10886
19740
28431
24774
26337
23806
21196
21660
8813
2153
19611
12357
31859
23190
16282
31732
1961
22894
8162
2537
413
28504
1295
20199
6487
10063
17917
7911
2362
28471
463
8718
2092
21617
14902
5597
22007
28333
25328
11944
26350
27903
2702
11593
29395
31030
123
32021
27384
25961
7226
28175
7077
22482
2543
24412
31930
26847
16417
28151
30101
26503
702
31654
6198
14299
5983
8749
6049
32733
3790
26305
32132
5780
18374
16831
25370
26976
3833
20126
12623
19340
87
14371
11301
25634
3470
13523
19798
11779
19917
10158
12859
15926
31438
14618
8428
17537
16147
31774
26793
31286
14704
29648
8569
29520
22985
3345
3856
1470
31517
24695
10998
15103
24259
20619
6630
32751
27892
22581
4213
1761
24202
7540
27380
4077
13319
7250
31894
2956
7641
32280
22998
19298
14813
28862
8723
13658
18977
4773
3197
11512
18670
18057
15413
9963
32262
945
8112
6882
31018
30312
24413
18337
5599
1201
8071
32084
27762
2871
6524
25123
21562
26243
20463
25862
23325
7281
25243
21211
22101
14821
17705
16822
28788
14522
23892
18040
22694
507
19531
10403
30519
24662
26454
2156
19285
30413
9149
11026
22038
4015
31206
24943
14013
22471
957
15565
23609
22995
23128
1530
28654
20024
30428
10911
23992
4851
6810
5325
7469
24531
638
8409
8227
2789
27050
9578
2675
28976
8030
16848
5884
22435
13339
26263
19946
22604
520
19548
28728
12235
5268
19680
15475
32517
13149
21083
28865
21789
5201
20755
11811
5536
30994
32556
8439
3839
15263
16066
4801
21827
3634
28213
18730
13564
29284
4804
22089
21114
11159
4446
15906
18752
12437
27060
5484
24502
24693
10131
32152
8990
32447
32369
8718
32713
15056
17222
6842
10635
18047
14493
22471
26732
16384
24810
31402
7584
29449
19230
16483
5306
13620
3449
24831
29980
24997
25247
2146
26546
14316
7407
19523
17632
8748
25616
17272
24248
9853
28876
8820
15217
1936
15138
270
21524
22674
20118
11652
11129
2130
14540
12479
20850
10149
18005
26584
9798
28426
457
22236
29281
18314
10518
6348
9801
23266
3351
4328
22228
28388
3945
16685
18841
4123
12922
27165
9636
20398
28642
22462
7278
6278
18679
32741
7948
24499
17819
21940
29606
13324
21849
30306
16171
28950
18097
4922
22339
6440
18607
15591
28805
6860
10947
29678
31979
1383
20172
8828
20098
28957
374
25442
21094
7663
11462
14942
30702
3622
6387
8604
6180
8181
12152
4220
29048
27226
29799
24470
2997
24901
10752
11772
6195
1276
21122
11198
8783
8382
1089
28084
9240
23718
17401
11895
21323
9939
22882
8369
14978
14278
20996
13975
29352
13835
9805
691
4272
15644
13537
5607
7046
19330
2097
32431
7750
23613
6735
19878
10925
12134
2817
17228
24525
1555
31764
2822
18692
21883
2034
10086
10542
13659
1655
29613
1562
3480
5121
24206
2107
18213
3782
16949
672
1063
32363
32136
14118
9047
6610
12973
10989
4776
24371
20172
7944
13611
29294
16150
377
24623
13727
30470
27228
13228
20467
11238
31074
20962
5819
27030
10113
14909
3263
25737
24810
19324
27605
11536
31548
12562
27826
10203
23543
16332
16639
28604
25395
1461
29616
1199
28306
4407
9105
27672
2163
13186
19489
9803
5992
16946
4260
7505
8683
7211
15732
28906
31308
30152
29592
17358
26350
12342
12951
28216
6835
16410
13454
14757
4533
26490
20609
2521
9783
18138
22255
5924
29147
2469
7337
7651
20245
12751
10212
10057
3807
18105
13196
20320
13998
27477
31963
11338
23205
8074
3883
15053
26633
12506
520
29711
29686
7746
23946
28829
25168
29537
6369
15538
30971
24285
26418
16823
13135
2051
18082
26886
27078
26541
1456
23539
8696
10345
12999
1293
6858
20951
10771
13985
26850
17235
13717
6784
14174
16852
29554
20226
197
7444
30353
21835
21565
12274
21860
13517
31487
16404
6918
30734
4617
208
20103
26284
27666
15693
1156
8350
20419
28133
12026
32444
26148
15566
8027
23682
27989
15866
28386
12049
894
24123
16676
3446
7688
19883
5353
3631
270
26955
5945
7659
19214
26602
11450
13202
26853
20041
9529
1413
1530
28284
19846
9255
19641
30355
21381
7580
2883
21114
12418
3793
4195
25886
3525
17852
21701
23761
22374
22757
17506
9968
29027
22565
15423
18115
17136
31405
4183
5028
3086
28235
11733
8804
14687
11241
11655
24042
10809
30039
27280
4893
7417
24650
29021
29701
13722
4772
23258
22060
21126
5109
26597
12363
9131
22594
28931
6946
14290
26630
32337
22952
29740
18807
7102
11364
10798
3850
15736
29723
16287
12089
18596
26539
7408
2436
5202
24887
21963
15542
30384
1668
16366
12905
12925
20643
27706
972
22721
14033
13831
7076
29372
155
23739
14737
2076
838
23451
14995
21875
20077
29665
19148
18151
3052
7438
25736
2860
5885
20353
16506
21167
3745
23881
6984
3860
26434
19768
29771
18147
16278
27704
10640
20862
31942
2274
5410
3927
29136
3405
3979
29279
5674
27428
31640
27330
4008
3580
16221
3025
5023
18404
20089
32063
25419
27709
10651
3217
26478
3276
30533
29392
12090
3341
6608
8833
22129
32714
26289
12759
5835
749
25338
13606
2200
3475
10532
7579
22182
25697
23563
28715
26981
10267
19258
26825
19785
12914
11369
24028
22640
13598
3652
30704
21381
20269
26734
4523
10724
3227
27846
21507
25854
1058
32233
25263
30463
1875
28408
11483
6319
6374
28827
13856
16022
7503
20293
27571
26980
31122
26298
23005
21904
5207
28367
21931
20030
27969
1393
28390
10086
15996
6633
15941
9011
23701
7518
25570
18089
18575
7324
18923
24971
10291
10004
32666
19836
6311
10019
16487
10340
3906
3991
31612
3605
15519
623
28521
5423
9712
21730
11801
4928
26773
5283
7428
27696
23534
29284
17831
28893
1389
13721
2609
4354
4847
7550
4736
25693
20300
21339
1355
20241
17708
20998
24993
17737
1053
26282
3218
29214
15331
11976
26412
17851
8719
14203
169
11966
21972
8704
14566
738
13845
29045
26391
23259
24002
26081
22714
25986
14949
2165
15561
30258
28920
19730
20276
21106
1274
27915
22670
724
30146
24363
22022
11037
17938
4346
23962
11685
8687
17724
4743
7681
5808
15291
15876
18144
4438
1606
24623
18227
5915
12026
19784
2705
27726
5056
11037
8409
7517
6935
25285
14617
7732
9748
23185
17326
29637
25510
3136
32685
7144
26911
19314
30594
10086
13296
20576
12503
14928
30900
23241
5048
26262
25457
304
19700
5332
11546
68
12230
28527
10840
7840
23220
993
14217
30900
9144
3665
9738
18691
3998
9063
3761
144
22701
11358
11678
17298
18569
26971
11060
7791
26968
28157
30306
1768
21028
19509
5159
32145
4736
24920
2133
25477
367
31090
15253
22615
29569
15582
683
13388
7231
7187
11003
29383
7881
11713
12364
8452
4542
13085
32717
9481
31324
13944
27733
28890
745
30743
14319
30189
28753
7487
22166
27869
6928
21903
20029
17762
28498
27283
22547
21121
14425
28053
9988
1792
15136
30646
30595
22045
25662
12350
19591
3200
3340
3377
32211
13677
7178
547
31611
24638
1151
4428
27300
23057
26976
29407
32651
12222
26483
18072
14537
3084
19124
916
24533
17956
13048
6758
29386
13381
27600
32103
23402
5818
31664
845
5987
12041
11857
22528
13778
22382
7763
28585
19974
11911
551
12299
21382
11089
16428
17430
27477
11603
3608
19897
9844
23833
8090
27129
17833
28900
10302
15168
27263
10656
13456
28151
22926
7190
7812
27478
12796
6755
8469
11899
15940
20905
20269
28602
16950
28676
29125
6709
27200
26304
4429
16300
16363
7369
11854
32406
18344
9570
27982
3696
11213
20250
14836
26197
6363
7932
9580
12751
12034
3079
1037
2029
11495
3806
3641
6293
14244
22976
2181
17436
25616
19641
14106
20756
25922
31258
8284
13413
1104
20264
25289
8096
17756
13585
8739
18831
24018
15908
20433
9489
24555
13120
21123
31268
16246
5517
20757
5444
5079
26731
9398
244
15184
22440
13897
32154
17279
3574
19211
11151
15144
20380
1142
7031
20789
11627
5990
14542
25851
25588
32379
17092
27583
15096
11198
18251
20345
31008
32135
21614
10967
16366
31390
21476
1669
25588
6560
17637
31660
5444
6052
18492
24505
27687
8735
12958
23903
11794
22533
6458
7903
24277
26161
3217
28039
29206
17159
30088
27256
12542
19800
18619
17581
10290
21125
1045
4153
12805
16360
10910
8912
28908
879
12947
6537
20018
24458
6588
27618
20716
13896
5114
12293
24880
4029
2080
29770
19330
24486
20227
20988
6287
20048
26837
7520
3358
2229
7342
22259
26179
23528
13932
16884
9685
8116
22205
17442
803
13440
2426
29383
21475
6262
5687
28917
363
22501
16152
784
24100
23779
25062
31628
28475
25142
12129
25848
32409
3445
27864
3388
2326
29802
29688
22047
23785
4539
25826
28428
31843
27849
16000
23573
6366
30937
20760
28216
14832
28530
16161
4321
25828
10757
86
4273
22634
16084
6922
16254
12429
25868
1979
6555
1766
25652
29417
20569
25359
4811
20776
24013
3931
10285
31093
1492
9668
26039
14790
26709
26917
23339
6629
2246
16042
19030
16509
28402
23428
28144
11893
17657
31457
10179
17534
5784
12315
23056
18152
5546
10543
28718
21434
2031
30066
23156
32513
16909
9343
345
2408
21460
20852
29658
25865
18886
28254
21788
31875
10199
25585
19795
28749
369
22909
482
15946
21179
14621
22724
1949
32539
17458
2858
26814
6394
19471
19301
6093
22215
25334
519
15655
22846
6468
26181
14904
9962
6888
30112
21136
232
16665
3781
27448
29935
27721
13233
21574
20621
14932
14104
20655
22963
27902
22792
20573
28788
5276
5834
4225
32266
21265
12809
5675
21786
19196
13109
14104
26425
3888
27434
9418
29614
9829
14349
11742
4985
30509
4471
10651
18069
12329
8150
16839
26235
124
25360
3774
8679
13440
11369
14789
26078
2744
28582
6555
22512
21766
12146
32081
17851
14878
2306
6492
11696
11067
8949
19177
17690
25105
894
9584
8027
31490
4548
32396
23161
32660
18057
27658
29914
29987
20490
26687
12364
17363
11559
4255
9801
2505
964
12940
29048
11931
13935
6764
4214
19204
32067
22782
26071
14557
1548
29422
31080
24392
24492
11943
24247
3887
13501
29800
25814
1005
6519
29850
29531
23626
28884
2145
14507
8109
11507
113
3449
9101
28346
22051
12681
25897
18624
29383
17850
11129
10602
316
10051
1380
12372
32191
4157
30771
29426
30721
8546
29254
29815
15228
14612
22021
21749
20998
15265
12570
31686
5287
12485
29662
16684
16040
23152
15632
23348
14060
10442
3533
4576
900
12148
31164
32388
7037
17
10122
23153
2812
3590
13718
8401
7566
32637
22253
2002
697
4016
15480
5383
8407
26212
7796
20747
2596
2227
31267
24167
18453
18191
22465
30645
28907
19588
11450
6406
15241
13117
11802
22658
1410
16970
10053
12878
32631
14497
10472
19379
29600
18786
9263
29052
23208
11615
17977
21919
12990
28123
10185
20512
19689
19602
9534
10035
1179
27898
29381
8865
5514
8905
16589
28268
955
2487
1211
4278
18911
19077
14815
30431
16867
12606
11943
24046
31683
30909
12819
6706
30367
28527
13673
553
28688
22874
13866
160
15804
13150
1092
4636
25896
15291
14473
12665
26062
25556
28512
30673
26992
3891
7099
29599
20139
17356
1609
31524
16847
12166
19692
32266
22510
9975
30317
6728
24627
367
28271
30789
24437
30265
32161
12864
27148
24349
4664
19183
20452
1065
27805
30566
20176
21682
1122
16443
16160
12693
14715
15848
28277
11458
9643
29808
7380
25084
8764
4678
20474
19674
22003
5738
28911
16402
24387
8661
26590
25078
28353
30743
10788
21055
26072
29503
28327
23818
19902
28411
31849
24352
15014
28416
18269
16250
28472
1196
20345
8709
21566
14314
30220
14242
6304
30551
15698
20337
3474
21411
9797
3407
4876
2617
8375
27037
10362
8994
16798
24132
30134
9766
13231
25845
24627
11061
5678
10934
123
18950
15876
7322
3035
11518
3346
12751
1628
19283
21445
5854
20726
3697
28906
7727
26625
26269
9156
6604
26092
4824
17500
614
7729
8198
22041
3997
25736
25423
10384
9596
21596
29638
31389
15171
11387
26440
21427
8042
4881
22183
1904
15586
21975
27912
6005
17822
31368
1674
26484
26194
13205
8745
30602
26491
3353
10977
6352
24479
26127
23574
20525
23254
2499
17715
23406
7049
32134
12434
3224
22650
22182
29084
28540
7172
11421
24113
28045
10405
31625
30538
25583
1721
2780
1244
24528
8072
11349
10496
29947
2435
26415
11858
25258
27083
25496
5526
31388
3827
10852
9890
32360
10503
3331
2168
26385
17101
18864
9394
19162
24650
16364
23075
21852
26248
18731
17083
1493
12439
2509
4267
10179
30162
20047
18122
14770
25955
18627
20535
13906
6922
17021
15168
29644
20762
5648
7043
3414
29636
1401
22355
2822
31127
16537
25694
15331
9544
12265
14220
30274
5295
22377
27690
12880
16659
26073
26183
13035
21671
17452
29790
12470
31060
14650
13366
15212
1209
30133
16135
17780
9585
7262
24798
3510
30100
6776
24386
23470
5760
25725
4888
16830
14809
27409
22980
22985
15310
23604
8593
12285
12958
1211
5459
20464
5979
26113
11083
10223
27631
21466
6986
13971
604
11976
25
13972
18760
3698
10265
15586
16824
28753
22823
31986
540
16045
3010
10070
27276
17352
24944
5777
28241
23897
23133
15913
5799
1083
3654
4094
8897
31847
27797
19417
26894
16672
18382
27976
23995
365
12329
11178
25209
16588
24961
16518
17280
28709
18540
26657
1491
4861
25260
20559
27334
17644
32454
27017
19646
13137
7920
20032
14649
24388
816
13425
27662
15308
7875
7546
4085
31826
31932
14380
26697
10070
22509
10529
18445
16737
27146
11599
31278
9275
13836
19166
32519
22109
20948
1079
17194
30377
29457
16734
13150
4185
17251
25473
20964
27446
16321
14033
12543
11274
10008
13968
30387
22871
15412
22379
19916
6217
24292
19467
26658
13802
16473
30695
30236
20629
14032
1116
14195
13741
29809
19455
2360
18318
9590
4146
5401
32708
14735
11509
1504
24956
23685
16127
25916
28727
25118
28686
1732
32454
10562
23931
9273
27250
14939
19729
3851
5755
9474
9247
6943
15300
24791
21708
9936
24780
13744
13739
25652
3552
28407
30607
18336
4495
24141
11681
16238
26975
29043
7087
6397
8894
24427
16071
14074
18491
12506
17413
31966
12022
10161
25001
5048
14421
18956
18028
27693
23545
5211
4885
8637
3569
5823
4679
9032
21805
439
8861
17616
9781
26107
1785
7808
22043
11176
4376
23789
14765
1182
23146
26269
17648
24102
32545
31430
16074
5593
3976
11607
23807
30141
11159
25660
23647
15280
31940
14814
26941
12298
539
26858
27682
3966
25233
9556
3779
19521
14742
1691
3377
27246
4585
26446
10064
31658
688
24015
18058
32260
8904
12887
11204
8734
18010
30266
14737
15506
15023
8301
11942
26255
29765
21317
25743
4547
25378
12161
26272
4990
24936
22667
29997
27412
28714
3579
18686
18307
13950
32349
11005
4181
30419
14132
13362
30152
28293
22079
18929
19501
21423
24570
10834
13966
25921
24424
7394
25747
16722
13072
7064
26534
30135
11077
2059
25430
32468
23979
16609
7417
10418
20983
11147
11926
1618
27638
1584
24834
29505
14033
5606
29000
21357
30095
1320
17742
1335
7387
1669
21430
14793
6664
3989
17155
10154
2898
16433
1021
19343
19815
18915
27478
11125
550
27548
3725
20460
29862
21925
26643
26550
32378
2520
1709
18832
21043
3088
19481
18512
20263
30430
32500
3376
17009
18558
13275
27754
14649
31753
20945
26629
18486
17131
13792
21742
27760
29336
14851
22090
26955
31355
9028
8971
18369
30255
15138
18881
23279
12274
6197
26291
28115
10071
23061
47
32340
28731
23671
32030
10626
32249
9625
27099
11552
12002
5089
32582
8800
11239
3777
8212
21997
28825
16093
16489
24878
3924
4464
27560
26826
1462
2795
23690
9319
13654
11488
23405
5048
21683
29471
22255
1206
27755
11295
27324
20269
13486
12447
18596
27003
26353
16012
14321
14996
22503
31526
7927
19786
28077
24671
19180
18636
17989
6531
27130
21100
8773
4894
27539
15525
26576
16923
15109
10076
20934
26153
2126
30054
7992
19299
4913
15179
22303
20271
11401
2889
29773
11366
25054
17052
3491
21174
1846
15357
20101
19781
4909
2921
21387
31895
328
10019
16249
10162
11911
8700
7282
10368
25657
23250
23912
14196
1300
17751
5079
6768
4229
12307
11699
15079
28741
11181
20383
26431
17453
30566
8031
17273
8267
5862
4752
11539
28981
30011
5526
5677
31389
14623
7895
7148
9254
11897
551
23580
2166
26919
6274
19993
31373
1275
4097
8943
30037
9987
30727
28864
10618
9230
23995
11622
7547
28779
3260
15450
5122
15604
18448
5076
11377
25932
3933
15668
29117
4964
17499
13473
19327
15428
17545
27632
1352
23048
19231
29895
24629
1832
12100
5634
25284
24317
21122
20565
23270
18305
21367
5683
18006
2135
22733
15087
5416
21259
2156
23842
31397
8346
32493
20556
16470
2101
23378
18878
20319
29506
13045
21687
25615
21156
447
20941
8116
14652
27290
1422
27828
32687
23593
31336
26841
21866
28086
14790
18925
25316
2156
8316
28807
24867
12486
21093
7460
19074
1095
4426
31609
2225
16236
31494
30728
17405
24543
29416
5106
14290
14061
14937
11020
12414
58
31935
24628
5687
20659
21153
9190
10592
29125
11
2314
21512
31948
29236
23568
13492
19151
16478
12351
18014
3178
13310
22346
18877
7691
7197
30501
21447
27746
28670
12822
9589
32018
1281
5391
12486
28589
23495
16443
28422
2783
18583
32215
27728
10729
31488
15171
11346
7761
10432
6233
19536
23000
24549
253
1643
29869
17458
1269
31268
25568
15300
25084
24092
29721
20214
29713
32541
23690
16257
21
12382
32290
6888
3221
4355
8964
19475
15589
19172
21047
28729
25198
11919
2975
29444
14408
20624
44
13808
32012
3056
6737
18165
24291
3579
27320
27237
28131
20294
19764
31767
2204
7665
23031
27589
30445
7466
30469
22707
10013
24050
7656
4241
16678
29988
10661
30115
1108
12979
16624
4127
8975
24115
12444
20183
4341
7323
19029
15127
30509
25417
7057
9169
17143
7238
4292
1015
647
24524
22739
10281
1043
26373
7372
22416
27435
7190
24532
1034
12361
27484
7009
17799
16041
14837
27561
9395
9306
9603
24666
30933
2198
28972
17803
23798
23631
17382
30962
71
30986
7153
8024
21949
8688
7076
20043
26366
6946
4973
32275
20096
19278
27924
22503
7407
7040
23615
13408
11728
2362
30779
24109
12133
7878
8953
27913
25040
17867
24919
19690
20858
10271
2209
17787
4278
4828
25944
5581
13474
4022
16178
30793
6478
10379
24161
8938
12577
2364
30232
6057
25464
29628
6220
22840
16015
14950
5816
22514
165
13460
29987
11027
15451
24941
20709
27172
7262
11518
25000
15034
2629
2957
30572
26208
15549
24361
6606
3282
28899
23430
11401
18028
21233
23560
15677
19169
23069
24606
24175
28720
7102
8657
13265
5588
22961
31389
5060
20539
20475
2687
25116
26746
1455
21839
2083
1087
9491
19024
11744
2567
7934
27142
6297
5521
7556
32327
21142
4242
2517
6293
40
17322
10595
19115
1514
29591
5699
19798
25671
24233
5846
2438
27708
11893
6312
14245
12639
12750
21144
2343
23841
29425
21050
4195
18256
32256
30841
23201
30688
27570
10625
28788
30186
1096
13276
12362
2037
3779
13018
14145
18805
8276
28727
19516
14737
20
2296
311
10025
29429
22934
32471
7704
1016
30046
11845
14774
7329
11544
13629
161
425
26855
30818
11710
2034
22896
6101
2682
5568
17470
6661
15958
17445
28517
14537
14242
13501
28774
1196
4488
28572
25171
21127
6989
23941
18228
10070
25812
12892
6312
5700
29796
23518
19408
17672
2474
18576
19560
2676
4610
6901
13111
23371
12786
7428
15274
31060
2039
2009
15548
6316
3205
29611
10520
28512
13129
1022
23170
25403
12721
9242
11379
18909
3758
26555
10755
28429
24505
25610
21260
21841
22292
5324
15501
25787
1874
8666
4172
31749
25
6353
12224
6113
10279
28426
32301
1162
30867
24525
5649
19871
32085
31425
28095
24625
16137
30375
12106
4891
31216
7240
18340
2449
17976
23980
28935
9212
5501
28045
15508
29445
10639
27403
24379
24816
26742
30114
17882
1324
12723
15704
13481
22056
6345
25403
30165
11624
10492
15882
23403
20951
5721
22323
6264
31839
32758
13309
13679
2743
10107
16135
9162
21628
16865
26097
13556
22148
17786
16217
30823
10351
22834
19721
17681
28798
18708
11886
29181
18857
9232
22349
559
20459
26363
7857
18384
18145
22743
14888
17035
3731
31829
31022
15670
23186
15000
21738
28341
24387
11068
10264
8731
27002
7575
9031
10771
5194
18238
20804
9087
4380
15307
16342
19294
13823
4574
8363
27635
17983
22882
30355
9508
10553
18194
8940
5152
877
14651
26461
7748
26069
31171
12232
25408
1910
24938
14457
6773
15668
16464
25764
24482
9194
12216
22798
12992
12474
12555
12042
12074
7074
15904
21415
15873
22608
11962
26408
18383
4408
5970
12468
10602
22755
1303
31311
28700
1418
15156
26889
8448
27363
21841
9589
4015
26171
29532
26717
2076
28869
21129
16308
20413
11314
30615
8140
16876
7553
20054
5322
2956
2585
25190
10326
18927
11029
5441
20375
4343
10975
30075
30046
7292
8448
6985
29857
12526
54
11841
5932
28476
10951
30816
27795
8180
8470
10833
3435
14763
32372
13548
7865
9887
14392
23550
10667
3483
21266
26184
7046
8731
668
3786
480
16305
26418
6977
22287
21671
24068
15342
29409
24550
5993
6297
29582
1558
26487
11990
13034
519
1232
25991
7135
29776
10686
31138
29723
22070
19331
10292
28166
5071
23530
14758
5879
4455
18722
21055
30119
8226
12236
11243
27878
9699
29523
7483
13964
31853
12412
4524
2739
19400
15934
22316
18211
25575
12499
25818
11022
22919
4879
32526
31486
27226
18929
23705
8459
27749
22136
12622
7505
19622
27063
16833
23201
24827
32556
25678
15223
4415
29006
4957
29484
7094
15461
29925
32621
30891
25502
31535
21996
8535
11359
733
6741
15877
9176
4650
28804
32628
8923
7539
16117
10109
17389
29943
30076
1269
32669
16347
11318
26325
25364
10353
11967
19096
5358
7609
18341
18917
7240
20008
24605
2926
7706
16297
18421
15128
1224
10466
14794
19804
17907
28600
28539
4589
14997
28949
23261
22939
15693
30184
22193
13175
759
31086
25555
1336
24960
9393
18100
733
30968
9038
6409
18836
29417
13690
9157
8667
19432
9031
5445
11493
23401
29988
26571
319
3544
5539
3118
31411
1253
16512
11472
16749
4639
25310
7375
19548
16324
20691
18304
25307
23511
29735
13337
24977
14708
22617
29101
18069
7265
14307
32606
18646
741
28351
1230
32443
16861
30250
28374
22534
9996
19880
17531
28414
5555
30024
18461
29901
20833
23849
14578
15655
27405
28221
18611
11564
1122
4173
6549
4496
23898
20798
22651
8185
24590
4498
18282
10152
7885
23090
19517
13660
30827
16234
22426
11891
22235
30005
14372
10067
15360
30907
11762
30984
4289
29464
21057
23086
27228
14687
10085
32530
14844
3550
25862
1300
6797
1700
21640
11600
12495
15681
20939
10877
20905
11213
17429
1556
25281
23340
9036
24757
10569
18063
23913
4552
31516
6206
12329
27232
1545
9110
19205
8036
8558
16461
19813
7920
24073
27390
29969
21753
18444
20193
4328
9008
3951
7385
3028
4137
2698
21429
9213
29117
18147
23983
8765
5805
7237
10041
9685
13191
30226
4858
22622
5838
18137
28435
7682
26709
23083
20390
5611
30700
30891
29337
32508
24382
4709
4247
21695
31482
25441
16216
14495
32561
18039
18723
31576
11008
10852
7569
23211
24430
23838
16275
18262
7575
8549
21686
18243
12299
17051
14758
18432
881
6869
16369
30063
29296
16178
30990
26815
2255
18028
12958
17306
474
23980
2033
2976
1544
8099
11468
23061
27612
25046
21866
13270
9
27705
24512
7570
6361
20224
8710
16438
30927
19122
626
12713
17548
32383
15431
13754
4079
20691
30222
2903
18048
17963
3363
6655
29455
14888
14964
4985
10904
12001
29830
24007
7786
9854
12985
22870
6536
15107
30156
22391
27984
26729
14755
21779
4442
15603
13384
19865
31395
25535
1585
14908
28139
15772
16321
4444
20827
31771
24592
23105
16747
29417
12527
10511
27907
4955
9255
5878
31968
17995
5634
2730
2618
6179
6413
25875
26788
27447
12059
26181
18227
9304
5005
24242
27874
1445
31441
158
5173
11173
27433
26068
10781
24723
4782
7576
29724
14841
16020
22236
25001
13441
22447
31415
3286
16903
2102
19218
11824
32242
28360
22949
2023
31685
684
27426
3119
25585
3421
6831
17125
21230
23878
20890
12918
11913
5578
26440
20477
25984
16519
32111
15019
19788
988
27781
18028
4670
8872
21625
6599
28109
10581
9632
25350
5935
27670
13810
26776
8742
14956
13942
30899
16413
27631
7419
31806
6003
10827
22025
12525
9495
7305
21271
20142
23637
22416
18686
7236
30959
14315
12974
14129
14192
2252
27680
4826
26557
7249
31116
29414
3565
14599
20187
25831
1370
173
11103
32060
23032
13370
24002
23350
19430
31009
1084
14457
12611
979
7433
1957
10819
19333
31515
26166
23426
11060
29452
26025
8856
5095
21590
28641
30957
13365
710
19144
30927
14598
17454
32569
14529
2974
5723
10014
28950
12503
8518
26325
8127
11693
6542
5593
7778
5376
10022
23198
24236
8854
9291
15804
16615
1888
18618
30800
14543
19198
5407
415
13473
26244
4816
8189
31350
31871
15291
238
28623
21043
7838
7306
32625
28199
4982
26662
4467
32740
5177
7216
18837
29945
3527
4443
32723
24386
15646
30972
10042
4202
27854
29876
5883
3759
9902
20816
27070
18149
11724
26861
26424
8126
21674
28768
11264
21064
935
13269
926
11191
955
1717
10469
7269
24935
27342
24708
14359
31724
12974
8663
2946
5308
9039
16899
27406
29486
22778
21825
7897
28789
29541
14970
4095
32723
19743
1301
23321
1802
16941
14605
27651
6932
18934
3398
1763
29971
26716
10273
25190
13195
14892
2638
14157
15311
8376
7137
26921
20409
20674
4008
11362
11166
18588
4284
19838
16513
29070
28247
32160
24199
28792
14821
18511
25515
27064
2910
5753
17075
15438
24530
25272
30307
30782
17990
723
13552
5174
20158
10888
30648
9841
28571
2953
11055
9435
21799
14020
6941
28790
20335
8935
28423
12284
21073
31780
19178
15814
15317
8498
26672
11500
21697
29076
15068
10670
16231
20765
30472
14611
18626
1204
2705
7119
20417
19541
24337
22634
14051
24152
30733
12447
5124
10230
16752
1539
4727
30473
8760
29159
15188
28947
10096
5246
6163
31618
23390
24387
25434
31026
7421
24213
15380
308
2990
18084
3779
29390
23338
18321
10519
2754
9147
27857
11199
24019
684
3027
20095
23686
7933
1506
10883
17446
26204
24908
32499
8458
5713
32196
9159
17947
26041
26629
7901
23952
25205
4280
3912
30460
22371
27288
25324
13963
20109
13268
2632
2440
929
28340
7826
1059
23202
19840
11785
19570
11996
5534
8839
14005
3613
15866
30293
30430
13346
19627
11076
2897
23120
14291
14329
17640
12197
19910
24457
4154
3309
26735
10054
25629
14649
28656
24280
31081
21133
28809
28303
12287
11993
18363
24567
17674
18730
11437
21677
16005
3874
6094
24434
12286
8870
19900
29566
15513
25558
4453
24086
31319
22338
16748
32353
6808
15450
25806
12152
31711
26663
27333
6332
2262
14393
8684
22636
2194
12769
10916
15479
17431
8608
26807
32142
9503
20190
14396
12414
12823
6111
27067
25021
2923
2548
18833
3906
19971
18926
13973
29850
32526
24792
3067
23865
25854
16614
25209
28942
29139
5800
27817
12122
8861
14979
29359
3009
30780
22114
12571
24994
28011
5033
7953
12708
3581
25963
24487
23953
4965
17116
25230
22120
10876
26121
30709
28845
18047
25286
23466
21252
9559
10728
31618
13054
26910
19637
31996
21555
27358
5273
17953
32145
10908
17179
3502
22771
149
3598
13941
28917
29639
11276
31233
16647
22963
1312
9849
3009
9058
23491
29638
27511
31654
522
13304
20748
6818
28445
25318
25867
29324
18667
22805
32499
6578
13852
9692
9939
5563
3143
21701
21783
27696
11878
8757
25762
7227
12167
25424
27421
26030
3524
9495
27534
326
6516
18131
5932
11826
23715
5047
4210
14543
5824
8129
25714
24246
8342
27617
11884
13304
19582
5469
6559
28072
5842
5236
13663
13722
15012
20034
20328
27499
32432
32227
18546
30401
20112
14555
5893
3796
29743
4789
27791
6958
1408
9195
12468
4527
23152
30726
18149
30163
7961
9990
21044
23864
22072
7684
27494
7514
24545
23318
32074
1697
22641
8307
15178
20639
25541
25304
26176
7058
14505
30506
21387
11057
147
17244
27233
16037
24466
30355
2918
10709
14465
3208
5758
5094
384
8238
736
32514
15525
20886
15725
32089
26862
17167
16703
14182
32634
29073
7812
10100
20729
27740
25485
11872
22370
12252
7202
26016
20452
10192
23321
21124
12574
7339
551
24252
20882
4154
15349
14875
21079
19848
23670
2459
8719
12287
7033
1952
11289
26063
23930
31105
2056
12692
32446
7748
15699
28467
21663
31401
28493
24580
22820
9835
1368
567
13524
32450
9046
30576
6860
25132
1633
16053
11024
22893
6588
17802
20255
20948
22537
5210
17610
19649
19644
6681
19269
10340
18895
23336
9855
26055
9656
1913
27823
4111
5528
15347
21039
10495
30645
29464
26510
16061
8746
26853
32225
3801
2525
30201
9561
23179
21938
9722
31259
20540
12798
3381
13131
11848
30783
8580
10346
771
32522
6773
16611
11770
9796
7336
480
1659
29589
13433
11874
19287
21274
25567
11665
16358
20570
18324
11089
6732
23420
6007
10005
9979
28343
1582
25848
17785
10249
17423
29962
8804
11052
10561
17639
21171
24518
19230
28559
13374
24544
220
16241
14209
10905
7021
5833
30364
28443
21667
12844
15775
975
14744
31073
26629
24013
5197
21107
14206
7319
6289
11012
2034
32262
22565
11236
1218
20100
16925
19171
17233
10620
12681
12003
26307
7695
20309
6705
12548
3081
19310
20245
9484
19731
12582
8871
7778
32298
23258
12773
479
32079
18642
27907
27573
28544
24424
27906
32432
25320
20589
18308
14523
24915
13256
21727
28837
1764
4960
7280
24869
28938
28221
23346
25884
6576
30442
22670
18715
29364
4381
32117
22053
21915
21145
25005
31158
7043
2900
17256
12035
29016
6357
7451
3460
15435
2273
19853
8368
8832
20310
1583
27912
3079
4951
29611
18006
12302
22441
21695
23351
597
605
29516
6615
5346
1968
13226
20988
16885
15407
11839
14406
12862
4639
1872
11957
4942
17947
30998
30315
4684
16127
17429
11955
28393
9477
31145
17731
14997
29742
21730
15294
6132
3556
5521
26237
3723
3549
4515
2191
18112
26178
28846
28926
16897
1809
17866
32084
25411
5312
31650
9566
23470
29219
18123
29744
20374
8591
4692
4713
18350
16704
6814
17849
17016
9976
10861
2464
31232
24297
11840
9592
12746
4565
4574
25525
8457
5748
7218
20076
19729
12822
15704
5394
26639
19593
760
32647
2040
6973
9939
4690
18879
1958
27547
18479
13515
21730
15368
1223
29352
18588
16424
9406
12029
23344
23799
20210
13246
13071
21039
27394
5538
28518
27233
24846
1240
1530
28997
1726
5622
14422
25679
23942
5938
25641
4482
1576
17876
13034
6281
3450
30699
27837
516
30313
3647
29338
24864
9534
17032
9132
13162
4128
9693
12791
29413
22746
25455
10814
3673
13279
7031
13092
15343
16523
27245
18321
23035
13996
28795
28759
21017
3393
27953
16662
12923
32386
17274
7261
29057
3360
31183
785
3978
28365
2730
29459
2827
32767
6462
6429
23262
9457
24165
23021
25308
15339
25050
30374
5805
1220
21416
20595
16095
8613
6626
3949
5174
5391
26261
12479
9539
24864
27131
16391
14904
11282
29937
16384
11003
3588
8107
1631
23417
27645
18599
3834
21053
1070
32735
2607
7489
3959
12867
10884
30980
7213
10598
30091
28124
1563
13176
7177
22414
12230
1908
7510
2844
24822
14746
14855
3806
28273
21536
31179
6356
3850
26661
18579
18235
474
10982
28406
18270
27086
29492
27091
24239
610
11046
25912
2582
4523
2571
24194
10121
15259
10914
12742
24029
6785
20878
5744
14044
16591
30724
20266
8087
2080
28359
4352
17150
20857
11606
26049
29357
6863
8547
3496
4617
3530
4744
9275
14220
27593
28214
3188
30813
31526
4078
26655
4644
22971
22963
7811
26396
22693
12479
13892
106
17735
12917
1672
2733
17298
13719
857
214
7556
27577
10571
31034
11247
14069
19550
18661
15484
2017
20005
28977
6383
22462
32552
2968
5037
4850
12168
10183
15739
1977
13025
20467
10376
11543
23412
10096
23726
22033
12422
22400
24821
9500
25603
15977
32345
21462
19303
5322
8141
8948
24542
32046
29567
1659
2474
12770
12638
25140
15046
17668
10970
27225
7369
9949
2026
31893
22028
26225
21844
1324
10767
24659
18473
17525
31001
20414
23182
2193
25375
30178
9666
12119
4583
19324
7517
1166
28270
28841
4054
20575
17798
20220
4168
10761
8131
8654
11638
25303
20632
22741
6668
7504
190
2297
10792
25773
14293
24418
18968
22672
10574
19158
21094
16626
18568
20290
23825
7773
26681
14230
30
2652
26896
6614
4431
31793
15257
24942
22323
17861
14688
21447
19295
23781
6489
17175
20986
17578
895
25469
2687
11065
1980
30285
7614
4013
31753
16297
11556
1106
1494
31313
18237
24852
21164
15803
1399
31287
17425
2663
14121
12104
4780
28781
15827
26195
11433
1112
32424
18262
21343
5686
3401
19446
15408
24304
29652
30577
14513
6104
15389
19156
10763
12417
7739
18798
17314
5843
30791
8580
24820
17758
29536
19782
29379
3055
31218
16386
18294
18017
25400
29592
12989
30134
30720
27182
22644
28519
13487
30756
7882
5879
27780
27210
2978
21966
12833
23633
4409
17733
10567
21376
3593
16126
9697
29096
1006
18294
15428
21594
19080
1757
9909
29783
16608
17445
9259
6472
16974
5721
13399
13744
25242
16432
21730
16158
13665
27106
9206
22183
9402
11578
3071
21907
6938
10220
23731
4695
1141
2090
30032
29124
27302
18290
25636
6269
12561
1962
8019
20654
13191
18030
15061
30715
19562
23209
16318
2487
1553
28770
2242
6487
31597
30425
18424
20774
11245
13523
6622
18746
18080
30514
18846
19110
12442
3528
10895
21233
19096
2669
11007
27591
14823
30287
1072
10991
14465
29066
11168
28285
12410
28921
27021
10569
9882
3659
14521
21407
14412
7769
21355
21560
12470
438
4534
30057
31018
25480
31997
15003
26813
23191
15543
10747
14133
8356
16496
24179
5929
21500
19216
30168
15203
30541
17248
12133
19337
9143
28106
20072
3069
8486
29537
5435
15617
22752
23073
27766
29983
22106
21111
2659
31432
19024
32260
11954
24891
17428
5022
18030
27816
5415
1175
3120
405
4870
1858
30867
9090
11078
10932
5863
18120
32227
22472
4650
31175
29142
25446
3636
10560
30693
5636
8497
1024
28607
19564
340
16831
25416
5568
15050
20807
3122
29372
493
12761
22477
6716
30139
31692
23840
26366
26246
23671
31032
21160
29932
2385
1472
8717
7434
28247
24018
9900
493
7086
9485
14713
3401
13962
1256
21217
14190
29006
21573
25608
2935
20213
23882
21845
15301
13744
13676
20016
23212
5328
23500
10762
2923
8679
4551
16030
16226
28970
8648
22391
21375
27930
2145
2739
8698
29028
13211
19206
23618
3333
19594
23298
16695
12209
16164
1429
921
18038
29779
16339
29888
2973
29256
6133
18318
3537
22291
5538
32675
12931
24944
28526
24783
14220
31716
14753
29389
30740
32265
29241
27950
30899
6182
3634
8083
32471
7427
27652
10783
14182
7676
20334
6700
12452
3411
19058
16189
11094
23243
14241
19508
1832
15986
10648
6342
20044
9662
29643
5931
9316
30427
12417
21018
7330
7748
26656
1780
15149
6801
15787
12352
9671
31375
17545
5207
18350
406
25480
11360
27839
26135
26913
30591
6113
24181
13566
3658
6305
28694
6841
2685
9242
13497
25063
5870
29976
2570
1877
15299
14205
24435
9105
15074
17123
5686
6828
4265
26754
10169
31039
27872
22612
1568
8876
14315
24952
27425
13478
30788
4565
2324
17396
11305
30975
21066
22129
27538
4702
19104
15960
26214
6797
5972
15038
4846
21504
16663
352
8330
32490
23651
5535
675
2141
3086
4297
10208
13491
4640
16282
12701
18734
25314
14595
16281
30939
28215
21033
9198
6332
4911
5041
4935
24357
29146
5179
9549
12903
3930
23596
14690
19116
60
14001
5010
11042
3337
5121
17862
13916
1303
24802
14651
25077
13221
30574
27699
19830
11047
3351
14315
16505
23263
16873
13004
21519
8877
13583
741
19296
22824
17049
13465
24465
30701
20092
27029
747
25144
16602
29702
24377
31153
6020
12808
4977
30088
12478
15713
29847
12227
13122
17263
21983
23767
14215
6495
7186
24950
5698
24736
8242
15017
46
20375
9569
11294
17160
29333
26111
10435
24542
30982
31763
10644
22154
25323
10476
26288
19066
8842
16392
9907
25778
1635
14644
6208
5907
32615
11765
27101
9437
5989
17959
5124
5235
11205
22500
2422
28254
16504
16039
16851
28053
32559
11697
21096
1275
14027
428
2376
24106
28437
21903
16030
13679
25776
24257
20545
14101
332
21633
31625
16871
9243
26245
2402
13040
20105
1761
158
7813
2344
2859
21136
6790
5353
26845
13782
32224
15506
4346
9078
14678
23148
12021
10797
11650
26172
20174
3075
8726
8053
11902
23075
17000
10156
16021
746
17198
8524
5666
1598
5509
9867
24019
17441
19257
11421
30301
6533
4160
10023
24094
16226
23943
32758
6657
8199
18674
14065
9635
5806
5790
15948
11956
19794
28521
26367
8095
11461
24756
29047
15725
4861
2407
5771
23782
17326
6198
7345
29434
18207
32547
19826
1120
11062
68
24347
14461
23252
30663
9910
4999
32617
1843
9784
7146
8383
1520
19196
28395
30490
23306
28784
2187
9091
9266
31503
17070
16993
19974
8079
20348
3145
402
10843
13064
30999
2838
23363
47
6462
7689
10610
23748
6492
6751
929
4330
9234
14088
24715
9664
5650
13753
13217
22340
14457
1006
6654
23921
30048
27952
21405
20651
15021
17043
23754
11613
32559
7044
15318
15073
7659
5057
22287
22944
31664
10921
26351
31866
10994
10166
22676
20840
469
10312
13424
23903
22151
15012
23874
3960
21971
10812
15173
3919
10227
24881
10151
19112
22438
790
11324
1625
12163
9463
27508
30308
397
18073
17547
8547
3335
28932
2047
4905
30346
7743
20551
8870
1620
20059
21186
20235
8419
28082
15598
30767
11715
28785
29146
30257
24740
18260
15326
21600
6319
4529
18057
13143
18970
12472
29915
5740
9722
8185
26548
8268
29785
14119
18573
735
21641
14619
11366
9842
22455
21531
8959
19476
10691
30557
17995
12096
15440
8647
24098
27325
10263
3577
27702
9411
14464
24461
13384
18015
21875
13725
5276
16920
16235
18054
17066
11731
20941
26860
16406
13300
16249
11775
7138
8134
32158
28924
21475
2333
20690
32758
27249
25402
12386
16854
1123
29422
29670
32161
9019
28675
32537
9977
20381
21975
24552
21479
18438
10058
4809
16343
1978
10714
24910
32740
14846
23565
3834
19542
28040
11024
18515
873
7220
11165
2104
18769
23288
23073
26485
27002
17946
9759
2709
23828
32160
19663
8696
6863
17929
18188
12325
5091
8506
20077
2656
596
29627
15793
18304
27764
2595
20576
4347
425
4817
1455
2627
13424
24541
10916
16981
13730
1358
20348
25486
13559
10126
11338
5569
2760
3611
14560
18056
12057
20094
31730
19415
8662
9089
21881
5335
10333
17565
18518
23793
1085
20914
1848
5416
1853
9979
18623
30637
10401
11584
9954
31149
32680
31309
3470
3950
18265
21924
31887
30362
20351
30063
8372
31451
32499
1976
2094
26791
19225
23516
30266
8798
18605
16445
6656
2962
14784
26680
11450
16037
15613
28247
15128
16538
561
18119
7651
10021
10251
13836
26082
25860
10016
8179
16122
12434
28209
17096
3736
14490
5041
13002
20820
7017
16514
10716
31694
21543
14336
32637
25308
4711
8512
23802
28392
12284
30105
482
7827
14606
14436
11451
7326
14958
23553
31731
27915
18983
30747
23322
30079
32342
13612
20558
25835
17979
4419
15862
15979
22927
25093
27827
2927
12824
14321
29075
31000
17276
1769
17544
25829
25939
14318
6937
7310
9087
2092
23384
21808
26816
22838
15124
7595
14211
22162
24399
20552
25851
5240
4082
18336
2675
3031
21440
23225
8419
6041
2185
25713
31425
22312
19360
23072
4121
6705
18063
13689
20704
14760
13320
13745
29062
524
12575
15332
26058
4844
11959
18100
32210
22442
5946
20787
22907
32127
31886
6403
9710
2751
25156
4027
22900
31582
30738
31629
24971
1716
22659
2854
30521
29309
8173
24790
3488
5924
28580
22769
3795
31041
12653
3957
23272
7264
12085
26860
15694
29444
21251
8852
19553
4075
9004
11710
26428
31892
20166
23156
17870
22783
24158
5470
20273
10420
23790
15591
10806
28934
3337
20891
15429
3225
32345
1491
2660
22562
5963
28821
12437
7278
26377
26550
25445
22950
21417
17729
12226
22481
30883
7197
27917
8346
18825
8169
5488
18003
19698
17451
30834
7227
952
22186
31688
17404
20579
6424
24174
13432
29412
7668
12791
7621
27783
27823
32290
20086
24611
12558
17069
32285
17043
31183
19310
