10000
2
6
7
9
11
12
17
20
21
25
25
30
31
37
38
40
44
46
47
47
48
51
54
58
60
61
68
68
69
71
72
73
79
84
86
87
88
102
106
110
113
123
123
124
135
144
147
149
155
158
158
160
161
161
165
169
172
173
174
176
190
197
204
208
214
219
220
232
238
244
253
255
257
265
270
270
279
304
308
308
309
311
316
319
324
326
328
332
332
338
340
340
345
352
354
360
363
365
367
367
368
369
371
374
377
384
386
388
392
397
400
402
404
405
406
406
413
415
425
425
428
431
433
434
438
439
447
450
457
461
461
463
466
469
474
474
479
480
480
482
482
493
493
498
504
507
516
519
519
520
520
522
523
524
537
539
540
544
547
550
551
551
551
552
553
557
559
561
566
567
576
579
596
596
597
604
604
605
606
609
610
614
618
622
623
626
638
641
647
650
663
668
672
675
683
684
684
684
688
689
691
697
698
702
702
703
710
710
717
723
723
724
725
727
733
733
735
736
737
737
738
738
741
741
745
746
747
747
749
758
759
760
771
781
784
785
789
790
790
797
803
813
816
819
822
838
838
843
845
847
857
868
868
873
877
879
881
882
892
893
894
894
894
895
900
904
911
916
921
925
926
929
929
935
938
940
941
945
949
952
955
955
957
964
965
971
971
972
975
979
979
981
988
993
997
999
1000
1005
1006
1006
1015
1016
1021
1022
1024
1026
1031
1034
1036
1037
1042
1043
1044
1045
1051
1053
1053
1058
1059
1063
1065
1070
1072
1076
1077
1079
1082
1083
1084
1085
1087
1088
1089
1092
1095
1096
1101
1104
1106
1108
1109
1109
1112
1116
1116
1120
1122
1122
1123
1125
1141
1142
1151
1156
1162
1166
1170
1175
1176
1179
1180
1182
1183
1186
1188
1196
1196
1196
1197
1199
1201
1204
1206
1209
1211
1211
1214
1217
1218
1219
1220
1223
1224
1226
1230
1232
1240
1244
1253
1256
1261
1269
1269
1274
1275
1275
1276
1281
1288
1289
1293
1295
1300
1300
1301
1301
1303
1303
1312
1312
1318
1320
1321
1322
1323
1324
1324
1334
1335
1336
1340
1345
1352
1355
1356
1358
1368
1370
1380
1383
1388
1388
1389
1393
1393
1399
1401
1404
1406
1408
1410
1413
1418
1422
1429
1433
1439
1445
1446
1452
1455
1455
1456
1461
1462
1463
1469
1470
1470
1472
1476
1481
1491
1491
1492
1493
1494
1504
1505
1506
1508
1514
1520
1522
1530
1530
1530
1539
1544
1545
1546
1548
1551
1553
1555
1556
1558
1562
1563
1567
1568
1576
1581
1582
1583
1584
1585
1585
1598
1606
1609
1618
1620
1625
1628
1629
1631
1631
1633
1635
1638
1643
1643
1646
1654
1655
1659
1659
1662
1668
1669
1669
1671
1672
1674
1677
1678
1691
1697
1698
1700
1700
1704
1709
1716
1717
1721
1726
1732
1734
1739
1749
1751
1757
1758
1761
1761
1763
1764
1766
1768
1769
1780
1785
1786
1792
1800
1802
1809
1824
1832
1832
1843
1843
1846
1848
1848
1853
1854
1858
1858
1863
1865
1866
1866
1872
1874
1875
1877
1886
1888
1894
1898
1904
1908
1910
1913
1920
1923
1930
1936
1949
1951
1951
1952
1957
1958
1961
1962
1965
1968
1976
1977
1977
1978
1979
1980
1985
1996
2002
2009
2012
2013
2017
2017
2017
2018
2018
2023
2026
2027
2029
2031
2033
2034
2034
2034
2034
2037
2038
2039
2040
2047
2049
2051
2056
2059
2071
2076
2076
2080
2080
2083
2086
2088
2090
2092
2092
2094
2097
2101
2102
2104
2105
2107
2126
2130
2133
2135
2137
2141
2144
2145
2145
2146
2153
2156
2156
2156
2163
2165
2166
2168
2171
2181
2185
2187
2191
2193
2194
2198
2200
2202
2204
2209
2225
2227
2229
2234
2234
2242
2246
2248
2252
2255
2255
2260
2262
2273
2274
2275
2292
2296
2296
2297
2306
2306
2309
2310
2314
2321
2324
2326
2333
2343
2344
2344
2346
2360
2362
2362
2362
2364
2370
2376
2378
2380
2383
2385
2391
2402
2402
2403
2405
2407
2408
2408
2416
2422
2426
2435
2436
2438
2440
2442
2449
2459
2460
2463
2464
2469
2474
2474
2477
2481
2487
2487
2493
2499
2502
2505
2509
2512
2514
2515
2517
2520
2521
2521
2525
2527
2528
2537
2543
2546
2548
2548
2551
2554
2566
2567
2570
2571
2582
2585
2595
2596
2596
2601
2602
2607
2609
2610
2613
2617
2618
2623
2627
2629
2632
2638
2649
2650
2652
2656
2659
2660
2663
2668
2669
2669
2672
2675
2675
2676
2678
2682
2684
2685
2687
2687
2698
2702
2705
2705
2705
2709
2716
2730
2730
2733
2736
2739
2739
2741
2743
2744
2751
2754
2758
2760
2777
2780
2780
2783
2789
2791
2792
2795
2796
2799
2811
2812
2816
2817
2822
2822
2823
2827
2828
2836
2838
2843
2844
2846
2854
2855
2858
2859
2860
2867
2869
2871
2871
2881
2883
2887
2889
2897
2898
2900
2903
2910
2918
2920
2921
2923
2923
2926
2926
2927
2931
2935
2943
2946
2953
2956
2956
2957
2962
2963
2968
2968
2972
2973
2974
2975
2976
2978
2990
2997
3005
3005
3009
3009
3010
3010
3021
3025
3027
3028
3031
3035
3048
3052
3055
3056
3060
3067
3069
3071
3072
3075
3079
3079
3081
3084
3086
3086
3088
3116
3118
3119
3120
3120
3122
3123
3132
3135
3136
3143
3145
3145
3153
3160
3175
3175
3178
3185
3188
3191
3197
3200
3205
3207
3207
3208
3215
3217
3217
3218
3219
3221
3224
3225
3226
3227
3231
3231
3248
3254
3260
3263
3269
3276
3278
3281
3282
3286
3289
3293
3308
3309
3322
3323
3330
3331
3333
3335
3337
3337
3340
3341
3345
3346
3351
3351
3351
3353
3357
3358
3360
3363
3365
3373
3376
3377
3377
3379
3380
3381
3387
3388
3393
3396
3398
3400
3401
3401
3405
3407
3411
3414
3415
3421
3426
3435
3445
3445
3446
3446
3449
3449
3450
3460
3470
3470
3471
3474
3475
3477
3479
3480
3480
3483
3488
3491
3496
3496
3502
3510
3524
3525
3527
3528
3530
3533
3537
3537
3544
3547
3549
3550
3552
3556
3565
3568
3569
3574
3575
3577
3579
3579
3580
3581
3583
3586
3588
3590
3590
3592
3593
3594
3595
3597
3598
3601
3605
3608
3611
3613
3622
3631
3634
3634
3636
3638
3641
3647
3648
3652
3654
3658
3659
3665
3666
3668
3669
3673
3683
3690
3690
3690
3694
3694
3696
3697
3698
3708
3713
3723
3723
3725
3725
3731
3736
3739
3745
3757
3758
3759
3761
3769
3774
3777
3779
3779
3779
3781
3781
3782
3782
3786
3790
3790
3793
3795
3796
3801
3806
3806
3807
3820
3824
3826
3827
3833
3834
3834
3839
3840
3842
3849
3850
3850
3851
3853
3856
3860
3870
3874
3879
3879
3883
3887
3888
3891
3898
3901
3906
3906
3912
3912
3917
3918
3919
3924
3927
3930
3930
3931
3933
3936
3939
3942
3945
3946
3949
3950
3951
3957
3959
3960
3966
3967
3976
3978
3978
3979
3981
3986
3987
3989
3991
3997
3998
4004
4008
4008
4013
4015
4015
4016
4017
4022
4023
4027
4029
4052
4054
4062
4068
4071
4075
4077
4078
4079
4082
4085
4087
4093
4094
4095
4097
4097
4111
4121
4123
4127
4128
4137
4138
4141
4146
4153
4154
4154
4157
4160
4163
4168
4172
4172
4173
4174
4181
4183
4185
4195
4195
4196
4202
4207
4210
4212
4213
4214
4220
4223
4225
4229
4233
4235
4238
4239
4240
4241
4242
4247
4255
4260
4265
4267
4272
4273
4278
4278
4280
4284
4289
4292
4297
4299
4319
4321
4321
4328
4328
4330
4330
4341
4343
4346
4346
4347
4352
4353
4354
4355
4371
4372
4376
4380
4381
4384
4395
4407
4408
4409
4409
4415
4416
4419
4419
4422
4426
4428
4429
4431
4438
4439
4442
4443
4444
4446
4447
4453
4454
4455
4458
4460
4462
4464
4466
4467
4470
4471
4475
4482
4488
4495
4496
4498
4498
4511
4515
4518
4523
4523
4523
4524
4527
4529
4531
4533
4534
4535
4539
4540
4542
4547
4548
4551
4552
4565
4565
4574
4574
4576
4583
4583
4584
4585
4589
4591
4593
4596
4597
4605
4609
4610
4612
4615
4617
4617
4621
4628
4636
4636
4636
4639
4639
4640
4644
4650
4650
4657
4658
4664
4668
4670
4677
4678
4679
4684
4685
4690
4692
4695
4699
4702
4703
4707
4709
4711
4713
4718
4719
4721
4727
4732
4736
4736
4743
4744
4744
4746
4752
4763
4767
4770
4772
4772
4773
4776
4777
4778
4779
4780
4782
4789
4794
4800
4801
4803
4804
4808
4809
4811
4816
4817
4820
4822
4824
4826
4828
4841
4842
4844
4846
4847
4850
4851
4857
4858
4859
4861
4861
4865
4869
4870
4876
4879
4879
4880
4881
4885
4885
4888
4889
4891
4893
4894
4905
4906
4909
4910
4911
4912
4913
4918
4922
4928
4935
4941
4942
4951
4955
4957
4960
4964
4964
4964
4965
4970
4973
4977
4982
4985
4985
4988
4988
4990
4999
5003
5005
5010
5014
5018
5022
5023
5028
5030
5033
5037
5041
5041
5044
5047
5048
5048
5048
5056
5057
5060
5071
5076
5079
5079
5089
5091
5094
5094
5095
5106
5107
5108
5109
5114
5121
5121
5122
5124
5124
5152
5153
5159
5160
5173
5174
5174
5174
5177
5179
5186
5194
5197
5201
5202
5203
5207
5207
5208
5210
5210
5211
5216
5226
5235
5236
5240
5246
5251
5262
5268
5273
5276
5276
5281
5283
5285
5287
5295
5306
5308
5310
5312
5315
5322
5322
5324
5325
5328
5329
5332
5335
5346
5353
5353
5358
5360
5371
5376
5376
5383
5384
5391
5391
5394
5401
5405
5406
5407
5409
5410
5415
5415
5416
5416
5423
5423
5425
5430
5432
5435
5441
5444
5444
5445
5451
5459
5459
5469
5470
5474
5484
5488
5491
5500
5501
5509
5513
5514
5517
5517
5519
5521
5521
5526
5526
5528
5532
5534
5535
5536
5536
5538
5538
5539
5544
5546
5549
5552
5555
5563
5564
5568
5568
5569
5572
5573
5578
5581
5588
5593
5593
5597
5599
5599
5606
5607
5607
5611
5616
5620
5622
5628
5632
5634
5634
5636
5648
5649
5650
5656
5656
5666
5674
5675
5677
5678
5683
5685
5686
5686
5687
5687
5698
5699
5700
5701
5703
5706
5711
5713
5713
5721
5721
5723
5738
5740
5744
5748
5753
5755
5758
5760
5771
5777
5778
5780
5784
5784
5789
5790
5795
5799
5800
5805
5805
5806
5807
5808
5812
5816
5816
5818
5819
5823
5824
5833
5834
5835
5838
5840
5842
5843
5846
5854
5862
5863
5870
5878
5879
5879
5883
5884
5885
5887
5893
5895
5907
5915
5924
5924
5927
5929
5931
5932
5932
5935
5938
5943
5945
5945
5946
5962
5963
5970
5972
5979
5981
5983
5985
5987
5989
5989
5990
5992
5993
6000
6003
6003
6005
6007
6019
6020
6041
6049
6052
6053
6056
6057
6059
6063
6065
6073
6093
6094
6097
6101
6104
6104
6111
6113
6113
6129
6132
6133
6142
6161
6161
6163
6169
6170
6172
6174
6177
6179
6180
6182
6188
6195
6197
6198
6198
6201
6206
6208
6217
6220
6233
6233
6233
6238
6240
6241
6247
6262
6264
6269
6274
6276
6278
6278
6281
6284
6287
6289
6289
6292
6293
6293
6297
6297
6300
6302
6304
6305
6311
6312
6312
6314
6316
6319
6319
6323
6329
6330
6332
6332
6334
6337
6339
6341
6342
6345
6345
6348
6352
6353
6354
6356
6357
6361
6363
6366
6367
6369
6374
6383
6387
6392
6394
6397
6403
6404
6406
6409
6409
6412
6413
6417
6424
6429
6440
6447
6447
6458
6462
6462
6468
6472
6478
6486
6487
6487
6489
6492
6492
6495
6495
6497
6510
6513
6516
6519
6523
6524
6531
6532
6533
6536
6537
6542
6549
6555
6555
6556
6559
6560
6576
6576
6578
6588
6588
6599
6604
6606
6608
6610
6614
6615
6622
6626
6629
6630
6633
6638
6640
6642
6654
6655
6656
6657
6659
6661
6664
6667
6668
6671
6677
6681
6682
6686
6697
6698
6700
6703
6705
6705
6705
6706
6708
6708
6709
6716
6726
6728
6729
6732
6735
6737
6741
6751
6755
6758
6758
6764
6768
6769
6773
6773
6776
6784
6785
6790
6797
6797
6798
6801
6807
6808
6810
6812
6812
6813
6814
6818
6828
6831
6835
6837
6841
6842
6846
6855
6856
6858
6860
6860
6863
6863
6863
6867
6869
6882
6888
6888
6891
6901
6908
6918
6918
6920
6922
6922
6923
6928
6932
6935
6935
6937
6938
6941
6943
6946
6946
6953
6955
6958
6973
6977
6978
6978
6984
6985
6986
6989
6989
7003
7009
7017
7021
7028
7031
7031
7033
7037
7038
7040
7041
7043
7043
7044
7046
7046
7049
7057
7058
7063
7064
7074
7075
7076
7076
7077
7078
7078
7086
7087
7089
7094
7099
7102
7102
7104
7119
7135
7137
7138
7140
7144
7146
7147
7148
7152
7153
7161
7164
7172
7177
7178
7186
7186
7187
7190
7190
7190
7197
7197
7202
7204
7207
7211
7213
7216
7218
7220
7226
7226
7227
7227
7229
7231
7236
7236
7237
7238
7240
7240
7242
7243
7249
7250
7253
7259
7260
7261
7262
7262
7264
7264
7265
7269
7269
7273
7278
7278
7280
7280
7281
7282
7291
7292
7296
7303
7305
7306
7310
7319
7319
7322
7323
7324
7326
7326
7329
7330
7336
7337
7339
7342
7345
7351
7361
7362
7369
7369
7372
7375
7380
7385
7386
7387
7394
7402
7407
7407
7408
7416
7417
7417
7419
7421
7427
7428
7428
7428
7433
7434
7438
7444
7451
7460
7465
7466
7466
7467
7469
7480
7483
7487
7487
7489
7496
7501
7503
7504
7505
7505
7507
7507
7510
7514
7517
7517
7518
7520
7526
7527
7529
7533
7539
7540
7545
7546
7547
7549
7550
7550
7553
7555
7556
7556
7566
7569
7570
7575
7575
7576
7579
7580
7583
7584
7587
7592
7595
7606
7609
7614
7620
7621
7621
7630
7632
7641
7642
7651
7651
7656
7659
7659
7663
7665
7668
7676
7676
7681
7682
7684
7684
7687
7688
7689
7691
7695
7704
7706
7707
7716
7727
7729
7732
7739
7739
7741
7743
7746
7748
7748
7748
7750
7751
7752
7755
7759
7761
7761
7762
7763
7765
7769
7773
7778
7778
7786
7791
7796
7803
7808
7811
7812
7812
7813
7816
7819
7824
7826
7827
7833
7836
7838
7840
7841
7841
7852
7857
7865
7865
7875
7878
7881
7882
7885
7890
7895
7897
7901
7902
7903
7903
7911
7920
7920
7924
7927
7928
7930
7932
7933
7934
7943
7944
7948
7953
7956
7958
7960
7961
7969
7979
7981
7982
7988
7989
7992
7994
7994
7999
8008
8019
8024
8024
8027
8027
8030
8031
8031
8034
8036
8038
8040
8042
8053
8065
8070
8071
8072
8072
8074
8079
8081
8083
8085
8087
8090
8090
8095
8095
8096
8099
8107
8109
8112
8114
8116
8116
8126
8127
8129
8131
8134
8140
8141
8147
8148
8149
8150
8162
8164
8168
8169
8173
8179
8180
8181
8185
8185
8189
8196
8198
8199
8210
8212
8213
8216
8226
8227
8228
8238
8240
8242
8245
8249
8263
8267
8268
8276
8276
8284
8293
8298
8301
8307
8310
8316
8320
8330
8342
8342
8343
8346
8346
8349
8350
8356
8363
8364
8368
8369
8372
8375
8376
8377
8381
8382
8383
8394
8395
8401
8407
8408
8409
8409
8411
8419
8419
8423
8428
8439
8443
8444
8448
8448
8452
8457
8458
8459
8459
8462
8469
8470
8471
8486
8492
8497
8498
8506
8507
8512
8514
8518
8520
8524
8527
8535
8544
8546
8547
8547
8548
8549
8549
8551
8558
8560
8564
8569
8580
8580
8591
8593
8604
8608
8613
8624
8627
8628
8630
8634
8637
8641
8647
8648
8654
8657
8661
8661
8662
8662
8663
8663
8664
8666
8667
8668
8679
8679
8683
8684
8687
8688
8696
8696
8698
8698
8698
8700
8704
8707
8707
8709
8710
8712
8712
8714
8717
8717
8718
8718
8718
8719
8719
8720
8723
8726
8731
8731
8734
8735
8735
8739
8742
8745
8746
8748
8749
8757
8759
8760
8764
8765
8773
8774
8777
8782
8783
8798
8800
8804
8804
8813
8815
8820
8822
8828
8830
8831
8832
8833
8838
8839
8842
8848
8851
8852
8853
8854
8856
8860
8861
8861
8863
8865
8870
8870
8871
8872
8876
8877
8894
8896
8897
8904
8905
8912
8920
8923
8927
8935
8936
8938
8940
8941
8943
8945
8948
8949
8953
8959
8962
8963
8964
8966
8971
8975
8983
8990
8994
8994
9004
9008
9009
9011
9013
9019
9028
9031
9031
9032
9036
9036
9038
9039
9039
9046
9047
9048
9049
9058
9063
9075
9078
9086
9087
9087
9088
9089
9090
9091
9091
9096
9100
9101
9105
9105
9105
9107
9110
9114
9121
9127
9127
9131
9131
9132
9137
9143
9144
9147
9149
9152
9156
9157
9159
9162
9167
9169
9176
9177
9190
9192
9194
9195
9198
9199
9206
9212
9213
9217
9230
9232
9234
9240
9242
9242
9243
9247
9250
9254
9255
9255
9259
9263
9263
9266
9266
9272
9273
9273
9275
9275
9285
9291
9301
9304
9306
9306
9316
9319
9343
9351
9365
9371
9376
9380
9393
9394
9395
9398
9402
9406
9408
9411
9418
9435
9437
9447
9451
9455
9457
9463
9465
9474
9475
9477
9481
9484
9485
9489
9491
9494
9495
9495
9500
9503
9508
9527
9529
9530
9532
9534
9534
9539
9540
9544
9544
9547
9549
9551
9556
9559
9561
9566
9569
9570
9571
9578
9580
9584
9585
9589
9589
9590
9591
9592
9595
9596
9597
9603
9606
9617
9624
9625
9625
9632
9635
9636
9638
9643
9654
9656
9662
9664
9666
9668
9671
9685
9685
9692
9693
9697
9698
9699
9703
9710
9712
9722
9722
9725
9729
9738
9740
9741
9746
9748
9759
9766
9781
9783
9784
9796
9797
9798
9798
9801
9801
9803
9805
9826
9829
9832
9835
9841
9842
9844
9847
9849
9852
9853
9854
9854
9855
9867
9871
9880
9882
9882
9887
9890
9897
9900
9902
9907
9909
9910
9931
9936
9939
9939
9939
9949
9954
9962
9963
9968
9968
9975
9976
9977
9979
9979
9987
9988
9990
9996
9997
9999
10004
10004
10005
10008
10013
10013
10014
10016
10019
10019
10021
10022
10023
10025
10035
10035
10038
10041
10041
10042
10048
10051
10053
10054
10057
10058
10063
10063
10064
10064
10067
10070
10070
10070
10071
10076
10076
10083
10085
10086
10086
10086
10089
10094
10096
10096
10100
10107
10109
10113
10114
10120
10121
10122
10126
10131
10149
10151
10152
10154
10156
10158
10161
10162
10162
10164
10166
10169
10174
10179
10179
10183
10185
10192
10192
10199
10203
10208
10212
10212
10217
10220
10223
10227
10230
10230
10236
10243
10249
10251
10263
10264
10265
10267
10268
10271
10271
10273
10279
10281
10285
10290
10290
10291
10292
10292
10302
10312
10313
10324
10326
10331
10333
10340
10340
10340
10345
10346
10349
10351
10353
10362
10368
10372
10375
10376
10377
10379
10383
10384
10385
10401
10403
10404
10405
10406
10413
10415
10417
10418
10419
10420
10427
10427
10432
10435
10442
10446
10456
10462
10462
10466
10469
10472
10476
10485
10492
10495
10496
10503
10504
10511
10513
10516
10518
10519
10520
10527
10528
10529
10529
10532
10542
10543
10553
10560
10561
10562
10562
10567
10569
10569
10571
10574
10578
10581
10582
10592
10595
10598
10602
10602
10610
10616
10618
10620
10625
10626
10635
10639
10640
10644
10647
10648
10648
10648
10651
10651
10651
10656
10657
10661
10667
10670
10671
10674
10676
10686
10691
10698
10709
10714
10716
10719
10724
10728
10729
10745
10746
10747
10752
10752
10755
10757
10761
10762
10763
10767
10769
10771
10771
10781
10782
10783
10788
10792
10794
10797
10798
10798
10804
10806
10809
10812
10814
10819
10819
10824
10827
10833
10834
10839
10840
10843
10847
10852
10852
10860
10861
10870
10876
10876
10877
10883
10884
10886
10888
10891
10893
10895
10895
10904
10905
10908
10910
10911
10911
10911
10914
10916
10916
10921
10925
10926
10932
10934
10947
10947
10951
10952
10955
10958
10961
10963
10964
10967
10970
10972
10975
10977
10979
10981
10982
10988
10989
10991
10994
10998
10998
10999
11002
11003
11003
11005
11007
11007
11008
11012
11020
11022
11024
11024
11025
11026
11027
11029
11037
11037
11042
11042
11046
11047
11048
11052
11055
11055
11057
11060
11060
11061
11062
11065
11067
11068
11070
11076
11077
11078
11083
11089
11089
11094
11101
11103
11112
11116
11118
11125
11129
11129
11129
11133
11135
11146
11146
11147
11148
11149
11150
11151
11159
11159
11165
11166
11168
11173
11176
11178
11181
11191
11191
11195
11198
11198
11199
11199
11201
11202
11203
11204
11205
11211
11213
11213
11216
11220
11236
11238
11239
11241
11243
11245
11247
11247
11247
11264
11270
11274
11276
11282
11289
11294
11295
11299
11301
11303
11305
11307
11314
11318
11324
11338
11338
11346
11349
11357
11358
11359
11360
11362
11364
11366
11366
11369
11369
11374
11377
11379
11387
11396
11401
11401
11402
11403
11410
11421
11421
11433
11437
11441
11448
11450
11450
11450
11451
11458
11461
11462
11465
11468
11470
11472
11483
11488
11493
11495
11500
11507
11509
11512
11518
11518
11529
11534
11536
11539
11543
11544
11545
11546
11549
11552
11556
11559
11561
11562
11564
11572
11574
11578
11584
11587
11593
11595
11598
11599
11600
11603
11603
11606
11607
11613
11613
11615
11622
11624
11624
11625
11627
11638
11644
11650
11650
11652
11655
11665
11677
11678
11681
11685
11693
11696
11697
11698
11699
11710
11710
11711
11713
11715
11716
11718
11723
11724
11728
11731
11733
11742
11744
11747
11749
11755
11762
11763
11765
11769
11770
11772
11775
11779
11780
11782
11785
11788
11792
11794
11801
11802
11805
11807
11811
11814
11822
11824
11824
11825
11826
11839
11840
11841
11841
11845
11848
11854
11857
11858
11862
11872
11874
11875
11878
11884
11886
11890
11891
11893
11893
11895
11895
11897
11898
11899
11902
11911
11911
11913
11919
11921
11926
11928
11931
11937
11938
11942
11943
11943
11944
11952
11954
11955
11956
11957
11959
11962
11966
11967
11974
11974
11975
11976
11976
11977
11985
11990
11993
11993
11996
11998
12001
12002
12003
12003
12021
12022
12026
12026
12028
12029
12032
12034
12035
12035
12041
12041
12042
12049
12056
12057
12059
12074
12076
12085
12087
12089
12090
12096
12100
12104
12106
12119
12122
12125
12129
12133
12133
12133
12134
12146
12148
12152
12152
12154
12158
12161
12163
12166
12167
12168
12174
12175
12189
12192
12197
12197
12209
12216
12222
12224
12226
12227
12230
12230
12232
12235
12236
12237
12245
12249
12252
12255
12261
12265
12271
12274
12274
12277
12281
12284
12284
12285
12286
12287
12287
12288
12293
12298
12298
12299
12299
12299
12302
12305
12307
12315
12325
12327
12329
12329
12329
12340
12342
12347
12350
12351
12352
12355
12357
12361
12362
12363
12364
12364
12366
12372
12382
12386
12386
12387
12400
12410
12412
12413
12413
12414
12414
12417
12417
12418
12422
12424
12429
12434
12434
12434
12436
12437
12437
12439
12442
12444
12445
12447
12447
12452
12453
12454
12455
12459
12461
12468
12468
12470
12470
12472
12474
12478
12479
12479
12479
12485
12485
12486
12486
12487
12495
12499
12503
12503
12503
12506
12506
12516
12517
12520
12522
12525
12526
12527
12538
12542
12543
12543
12548
12555
12558
12560
12561
12562
12570
12571
12574
12575
12577
12582
12599
12606
12611
12620
12621
12622
12623
12626
12627
12638
12639
12642
12653
12665
12666
12680
12681
12681
12692
12692
12693
12701
12703
12706
12708
12713
12715
12719
12721
12723
12740
12742
12746
12750
12751
12751
12751
12754
12759
12761
12765
12766
12767
12769
12769
12770
12773
12775
12777
12786
12786
12787
12791
12791
12796
12798
12805
12807
12808
12809
12812
12819
12822
12822
12823
12824
12829
12833
12835
12844
12859
12862
12864
12867
12869
12878
12880
12887
12892
12897
12899
12903
12905
12914
12917
12918
12922
12923
12925
12931
12934
12940
12940
12945
12947
12951
12958
12958
12958
12958
12971
12973
12974
12974
12979
12985
12989
12990
12992
12993
12999
13000
13000
13002
13004
13006
13008
13017
13018
13022
13025
13033
13033
13034
13034
13035
13040
13045
13048
13054
13059
13060
13064
13067
13071
13072
13072
13085
13087
13092
13094
13096
13097
13102
13104
13106
13109
13111
13117
13120
13122
13122
13129
13131
13135
13137
13143
13148
13149
13150
13150
13162
13166
13175
13176
13182
13186
13191
13191
13195
13195
13196
13202
13205
13211
13217
13221
13225
13226
13228
13231
13233
13235
13244
13246
13254
13256
13265
13268
13269
13270
13270
13270
13275
13276
13279
13296
13300
13304
13304
13307
13309
13309
13310
13312
13314
13319
13320
13324
13325
13337
13339
13344
13346
13348
13349
13353
13362
13365
13366
13366
13370
13374
13375
13376
13381
13384
13384
13388
13399
13403
13408
13412
13413
13418
13424
13424
13425
13428
13430
13432
13433
13434
13440
13440
13441
13443
13454
13456
13456
13460
13465
13466
13467
13472
13473
13473
13474
13474
13478
13481
13481
13486
13487
13491
13492
13495
13497
13501
13501
13515
13517
13518
13523
13523
13524
13536
13537
13543
13548
13552
13552
13552
13553
13556
13559
13560
13564
13566
13569
13570
13572
13583
13585
13587
13589
13590
13598
13606
13611
13612
13614
13620
13620
13628
13629
13644
13654
13658
13659
13660
13661
13663
13665
13673
13676
13677
13679
13679
13682
13689
13690
13695
13696
13697
13714
13717
13718
13719
13721
13722
13722
13725
13727
13728
13730
13739
13741
13744
13744
13744
13744
13745
13752
13753
13754
13772
13775
13778
13782
13786
13787
13789
13792
13802
13808
13810
13818
13823
13831
13835
13836
13836
13844
13845
13851
13852
13856
13857
13866
13870
13880
13882
13888
13892
13894
13896
13897
13898
13899
13900
13906
13907
13909
13916
13932
13932
13933
13933
13935
13941
13942
13942
13943
13944
13945
13945
13950
13960
13962
13963
13964
13966
13968
13971
13972
13973
13975
13985
13991
13996
13996
13998
14001
14005
14013
14020
14022
14027
14028
14032
14033
14033
14033
14039
14043
14044
14044
14045
14051
14060
14061
14065
14069
14073
14074
14088
14101
14104
14104
14104
14106
14110
14117
14118
14119
14121
14122
14124
14129
14132
14133
14145
14157
14164
14174
14174
14181
14182
14182
14190
14192
14195
14196
14203
14205
14205
14206
14206
14209
14211
14211
14215
14217
14219
14220
14220
14220
14222
14230
14231
14234
14241
14242
14242
14244
14245
14246
14256
14264
14271
14278
14283
14285
14287
14290
14290
14291
14293
14299
14304
14307
14314
14315
14315
14315
14316
14318
14319
14321
14321
14329
14329
14336
14348
14349
14359
14366
14371
14371
14372
14374
14380
14389
14392
14393
14396
14396
14404
14406
14408
14409
14412
14421
14422
14425
14436
14436
14445
14451
14457
14457
14457
14461
14464
14465
14465
14473
14474
14490
14490
14493
14495
14497
14501
14505
14505
14506
14507
14513
14521
14522
14523
14523
14529
14529
14537
14537
14540
14542
14543
14543
14544
14550
14550
14553
14554
14555
14557
14560
14566
14578
14591
14595
14598
14599
14599
14602
14603
14605
14606
14611
14612
14617
14618
14618
14619
14621
14623
14626
14636
14637
14644
14649
14649
14649
14650
14651
14651
14652
14660
14669
14677
14678
14687
14687
14688
14690
14696
14704
14705
14708
14713
14715
14735
14737
14737
14737
14740
14742
14744
14746
14753
14755
14757
14758
14758
14760
14763
14765
14770
14774
14779
14784
14788
14789
14790
14790
14793
14794
14803
14806
14809
14809
14810
14813
14814
14815
14818
14821
14821
14821
14823
14824
14824
14832
14836
14837
14841
14844
14846
14851
14855
14860
14875
14877
14878
14878
14881
14886
14888
14888
14889
14892
14898
14902
14904
14904
14904
14905
14908
14909
14919
14923
14928
14930
14931
14932
14937
14939
14942
14949
14950
14950
14952
14956
14958
14964
14970
14978
14979
14986
14995
14996
14997
14997
15000
15003
15004
15009
15012
15012
15014
15017
15018
15019
15020
15021
15023
15023
15023
15028
15034
15035
15038
15046
15046
15050
15053
15056
15059
15061
15066
15068
15068
15073
15074
15074
15079
15079
15087
15096
15103
15107
15109
15120
15122
15124
15126
15127
15128
15128
15136
15138
15138
15140
15143
15144
15147
15149
15151
15152
15156
15163
15168
15168
15169
15171
15171
15173
15176
15178
15179
15184
15188
15191
15195
15195
15199
15203
15205
15212
15217
15223
15228
15230
15235
15241
15253
15257
15259
15260
15263
15265
15271
15274
15278
15280
15280
15289
15291
15291
15291
15294
15299
15300
15300
15301
15307
15307
15308
15310
15311
15317
15318
15322
15326
15328
15330
15331
15331
15332
15339
15342
15343
15344
15347
15349
15357
15359
15360
15368
15372
15379
15380
15385
15389
15402
15407
15407
15408
15412
15413
15423
15428
15428
15429
15431
15435
15438
15440
15450
15450
15450
15451
15461
15472
15475
15476
15478
15479
15480
15481
15484
15484
15485
15486
15489
15489
15501
15504
15506
15506
15508
15513
15513
15519
15519
15522
15525
15525
15538
15542
15543
15548
15549
15555
15561
15565
15566
15575
15581
15582
15582
15585
15586
15586
15589
15591
15591
15591
15598
15603
15604
15609
15612
15613
15616
15617
15627
15629
15632
15641
15644
15646
15646
15655
15655
15665
15668
15668
15670
15671
15677
15681
15688
15689
15693
15693
15694
15698
15699
15699
15704
15704
15711
15713
15724
15725
15725
15732
15736
15739
15750
15762
15762
15768
15772
15775
15776
15786
15787
15793
15795
15797
15803
15804
15804
15808
15809
15810
15814
15815
15827
15829
15837
15844
15848
15859
15862
15863
15866
15866
15870
15873
15876
15876
15877
15882
15904
15906
15906
15908
15913
15924
15926
15934
15940
15941
15946
15948
15954
15957
15958
15960
15977
15979
15982
15986
15996
16000
16001
16005
16007
16012
16015
16020
16021
16022
16030
16030
16035
16037
16037
16039
16040
16041
16041
16042
16045
16051
16053
16055
16061
16066
16067
16071
16074
16084
16093
16095
16115
16117
16119
16120
16122
16126
16127
16127
16132
16135
16135
16137
16139
16147
16150
16152
16158
16160
16161
16164
16164
16165
16171
16175
16175
16178
16178
16189
16206
16216
16217
16218
16220
16221
16222
16226
16226
16231
16234
16235
16236
16238
16241
16246
16249
16249
16250
16254
16257
16259
16268
16274
16275
16278
16278
16281
16282
16282
16287
16288
16297
16297
16300
16300
16304
16305
16306
16308
16308
16318
16320
16321
16321
16324
16332
16339
16341
16342
16343
16344
16344
16345
16347
16358
16358
16359
16360
16360
16360
16363
16364
16366
16366
16367
16369
16376
16384
16384
16386
16391
16392
16398
16399
16400
16402
16404
16406
16410
16413
16414
16417
16424
16424
16428
16430
16432
16433
16434
16438
16443
16443
16445
16461
16464
16470
16471
16473
16478
16483
16487
16489
16492
16496
16504
16505
16506
16509
16512
16513
16514
16516
16518
16518
16519
16521
16523
16537
16538
16541
16554
16555
16562
16562
16574
16587
16588
16589
16591
16593
16602
16607
16608
16609
16609
16611
16614
16615
16624
16626
16629
16634
16639
16644
16647
16659
16662
16662
16663
16665
16672
16676
16678
16684
16685
16686
16692
16695
16695
16695
16699
16703
16704
16706
16722
16734
16737
16737
16747
16748
16749
16752
16760
16761
16785
16787
16798
16810
16811
16819
16819
16820
16822
16823
16824
16824
16827
16828
16830
16831
16831
16833
16837
16839
16847
16848
16851
16852
16854
16861
16865
16867
16871
16873
16874
16876
16876
16881
16884
16885
16897
16899
16901
16903
16906
16909
16915
16920
16920
16923
16925
16930
16941
16946
16946
16949
16950
16953
16959
16961
16965
16970
16974
16978
16981
16987
16993
17000
17002
17009
17015
17016
17021
17021
17027
17027
17031
17032
17035
17037
17043
17043
17049
17051
17052
17054
17061
17066
17069
17070
17075
17077
17083
17089
17092
17092
17096
17101
17106
17108
17116
17116
17118
17123
17125
17131
17136
17143
17143
17150
17151
17155
17159
17160
17163
17164
17167
17168
17172
17175
17177
17179
17194
17198
17199
17211
17213
17218
17222
17222
17228
17229
17233
17235
17243
17244
17248
17251
17252
17255
17256
17263
17272
17273
17273
17274
17276
17279
17280
17289
17298
17298
17305
17306
17307
17314
17322
17324
17326
17326
17352
17352
17356
17358
17363
17373
17380
17382
17389
17393
17396
17398
17401
17404
17405
17407
17413
17420
17423
17425
17428
17429
17429
17430
17431
17436
17437
17441
17442
17445
17445
17446
17451
17452
17453
17454
17456
17457
17458
17458
17468
17468
17470
17476
17496
17499
17500
17506
17523
17523
17525
17531
17534
17537
17539
17544
17545
17545
17547
17547
17548
17565
17572
17573
17578
17581
17610
17616
17623
17627
17632
17632
17636
17637
17639
17640
17644
17648
17657
17668
17672
17673
17674
17681
17682
17687
17690
17698
17705
17708
17709
17715
17724
17729
17731
17733
17735
17737
17742
17748
17751
17756
17758
17762
17763
17773
17780
17783
17785
17786
17787
17789
17791
17795
17798
17799
17800
17802
17803
17809
17819
17819
17822
17825
17831
17831
17833
17836
17845
17849
17850
17851
17851
17852
17854
17855
17859
17861
17862
17866
17867
17867
17870
17874
17876
17882
17886
17892
17894
17907
17908
17908
17917
17917
17929
17930
17933
17933
17938
17945
17946
17947
17947
17947
17953
17954
17956
17959
17963
17968
17971
17976
17976
17977
17978
17979
17983
17989
17990
17991
17995
17995
17995
17997
18003
18005
18006
18006
18010
18012
18012
18014
18015
18017
18021
18023
18028
18028
18028
18028
18030
18030
18033
18038
18039
18040
18047
18047
18048
18052
18054
18054
18055
18056
18057
18057
18057
18057
18058
18059
18061
18063
18063
18069
18069
18072
18073
18080
18082
18084
18089
18097
18100
18100
18105
18105
18107
18112
18115
18119
18120
18122
18123
18126
18130
18131
18137
18138
18138
18144
18145
18147
18147
18149
18149
18151
18152
18156
18159
18161
18163
18165
18166
18172
18176
18188
18188
18191
18194
18197
18200
18204
18207
18211
18213
18215
18220
18225
18227
18227
18228
18229
18235
18237
18238
18243
18243
18251
18256
18260
18262
18262
18265
18269
18270
18276
18282
18283
18286
18290
18290
18294
18294
18302
18304
18304
18305
18307
18308
18314
18318
18318
18320
18321
18321
18324
18336
18336
18337
18340
18341
18344
18350
18350
18351
18363
18369
18374
18380
18382
18383
18384
18391
18397
18404
18421
18421
18424
18432
18438
18444
18445
18448
18450
18453
18453
18455
18461
18473
18474
18476
18479
18481
18486
18486
18491
18492
18493
18497
18501
18502
18511
18512
18512
18515
18518
18519
18525
18540
18546
18548
18558
18559
18568
18568
18569
18572
18573
18575
18576
18579
18583
18588
18588
18596
18596
18599
18603
18605
18607
18611
18618
18619
18623
18624
18626
18627
18636
18637
18642
18646
18649
18658
18659
18661
18667
18670
18673
18674
18679
18685
18686
18686
18690
18691
18692
18708
18713
18715
18716
18722
18723
18730
18730
18731
18732
18734
18734
18742
18746
18749
18752
18760
18765
18766
18769
18775
18777
18780
18784
18786
18789
18798
18801
18805
18807
18825
18831
18832
18833
18835
18836
18837
18837
18841
18846
18846
18851
18857
18858
18860
18860
18864
18864
18864
18877
18878
18879
18881
18886
18894
18895
18898
18909
18910
18911
18915
18917
18917
18923
18925
18926
18927
18929
18929
18930
18934
18935
18938
18950
18955
18956
18956
18968
18970
18971
18977
18980
18983
18998
19009
19017
19018
19024
19024
19025
19029
19029
19030
19034
19036
19039
19055
19058
19066
19074
19077
19080
19082
19083
19085
19091
19092
19094
19096
19096
19098
19099
19102
19103
19104
19110
19111
19112
19115
19116
19121
19122
19124
19133
19134
19135
19144
19148
19148
19151
19151
19156
19156
19158
19162
19166
19169
19171
19172
19177
19177
19178
19180
19181
19183
19191
19196
19196
19198
19204
19205
19206
19211
19214
19216
19218
19225
19225
19228
19230
19230
19231
19234
19237
19241
19252
19257
19258
19262
19269
19271
19272
19278
19283
19284
19285
19287
19293
19294
19295
19296
19298
19298
19299
19301
19303
19305
19310
19310
19311
19313
19314
19320
19324
19324
19327
19330
19330
19331
19333
19337
19337
19340
19340
19343
19351
19353
19360
19361
19364
19379
19382
19385
19390
19400
19407
19408
19411
19415
19417
19422
19423
19427
19430
19430
19432
19437
19446
19450
19455
19467
19468
19471
19475
19475
19476
19481
19489
19489
19490
19497
19501
19508
19509
19509
19514
19516
19517
19520
19521
19523
19531
19533
19534
19536
19537
19541
19541
19542
19545
19548
19548
19550
19552
19552
19553
19560
19562
19564
19570
19574
19575
19582
19583
19584
19585
19588
19591
19593
19594
19602
19604
19611
19616
19617
19621
19622
19627
19637
19641
19641
19644
19646
19646
19649
19658
19660
19663
19672
19674
19680
19689
19689
19690
19692
19695
19698
19700
19705
19707
19721
19729
19729
19730
19731
19734
19737
19740
19743
19746
19748
19752
19764
19768
19779
19781
19781
19782
19784
19785
19786
19787
19788
19794
19795
19798
19798
19800
19804
19811
19813
19815
19826
19830
19830
19836
19838
19840
19846
19848
19849
19853
19860
19865
19871
19877
19878
19880
19880
19883
19897
19897
19900
19902
19910
19916
19916
19917
19921
19922
19932
19946
19956
19958
19971
19974
19974
19982
19993
20001
20005
20005
20006
20008
20011
20013
20014
20016
20018
20024
20028
20029
20030
20032
20034
20041
20042
20043
20044
20044
20046
20047
20048
20053
20054
20059
20061
20066
20072
20072
20076
20077
20077
20082
20083
20086
20089
20092
20094
20095
20096
20098
20100
20101
20101
20103
20105
20109
20111
20112
20118
20124
20126
20139
20142
20144
20151
20151
20151
20158
20166
20169
20172
20172
20174
20174
20176
20179
20179
20183
20187
20187
20189
20190
20193
20198
20199
20202
20210
20213
20214
20220
20222
20224
20226
20227
20233
20235
20241
20245
20245
20249
20250
20250
20255
20263
20264
20265
20266
20268
20269
20269
20269
20271
20273
20276
20276
20279
20288
20290
20290
20293
20294
20300
20306
20309
20310
20313
20315
20315
20319
20320
20322
20324
20328
20334
20335
20337
20341
20345
20345
20345
20346
20348
20348
20349
20351
20353
20361
20362
20364
20374
20375
20375
20380
20381
20383
20388
20390
20398
20399
20400
20402
20405
20409
20412
20413
20414
20417
20419
20433
20435
20439
20442
20446
20452
20452
20457
20459
20460
20463
20463
20464
20467
20467
20474
20475
20477
20478
20479
20490
20501
20508
20512
20512
20517
20524
20525
20529
20530
20535
20539
20540
20544
20545
20549
20551
20552
20556
20558
20559
20564
20565
20567
20569
20570
20573
20575
20576
20576
20576
20579
20583
20586
20588
20589
20595
20601
20609
20618
20619
20621
20624
20628
20629
20632
20636
20638
20639
20643
20646
20651
20654
20654
20655
20659
20674
20676
20677
20690
20691
20691
20693
20694
20704
20709
20716
20719
20726
20726
20729
20745
20747
20748
20753
20754
20755
20756
20756
20757
20757
20760
20762
20765
20770
20773
20774
20776
20777
20787
20789
20789
20798
20804
20804
20806
20807
20815
20816
20817
20820
20823
20827
20833
20834
20840
20845
20848
20850
20852
20853
20855
20857
20858
20862
20865
20867
20876
20878
20882
20883
20886
20890
20891
20903
20905
20905
20906
20914
20916
20919
20931
20934
20934
20939
20939
20941
20941
20942
20945
20948
20948
20949
20951
20951
20962
20962
20963
20964
20964
20968
20983
20986
20988
20988
20996
20998
20998
20998
21004
21008
21017
21018
21028
21033
21035
21037
21039
21039
21039
21043
21043
21044
21044
21047
21050
21053
21055
21055
21057
21064
21066
21071
21073
21079
21083
21093
21094
21094
21094
21096
21097
21100
21106
21107
21111
21113
21114
21114
21116
21121
21122
21122
21123
21124
21125
21126
21127
21129
21133
21136
21136
21142
21144
21145
21153
21155
21156
21156
21159
21160
21164
21167
21171
21174
21179
21182
21186
21193
21196
21200
21206
21211
21217
21219
21225
21227
21227
21230
21233
21233
21247
21248
21251
21252
21254
21259
21260
21265
21266
21271
21274
21274
21289
21291
21296
21302
21309
21317
21323
21331
21333
21339
21343
21354
21355
21357
21364
21367
21374
21375
21376
21381
21381
21382
21387
21387
21389
21389
21405
21407
21411
21413
21415
21416
21417
21423
21427
21429
21430
21434
21440
21445
21447
21447
21460
21462
21466
21468
21471
21475
21475
21476
21479
21500
21504
21507
21512
21519
21521
21524
21525
21525
21531
21536
21543
21547
21551
21553
21555
21560
21562
21565
21566
21566
21567
21573
21574
21574
21579
21590
21591
21594
21595
21596
21600
21607
21614
21617
21625
21628
21633
21636
21640
21641
21657
21660
21663
21667
21667
21668
21671
21671
21674
21677
21682
21683
21686
21687
21687
21695
21695
21697
21698
21701
21701
21708
21718
21721
21725
21727
21727
21729
21730
21730
21730
21730
21738
21742
21742
21742
21743
21749
21753
21764
21765
21766
21768
21779
21783
21783
21786
21788
21789
21789
21799
21804
21805
21808
21810
21820
21825
21827
21835
21835
21836
21838
21838
21839
21841
21841
21844
21845
21847
21849
21852
21854
21859
21860
21866
21866
21871
21871
21875
21875
21881
21883
21887
21893
21894
21903
21903
21904
21907
21912
21913
21915
21919
21924
21925
21927
21931
21937
21938
21938
21938
21940
21942
21949
21963
21966
21971
21971
21972
21975
21975
21981
21983
21983
21996
21997
22003
22006
22007
22012
22015
22021
22022
22025
22028
22033
22038
22041
22043
22044
22045
22047
22049
22051
22053
22055
22056
22056
22060
22064
22070
22071
22072
22072
22079
22079
22089
22090
22101
22106
22109
22114
22117
22120
22129
22129
22136
22140
22148
22151
22154
22162
22163
22166
22172
22182
22182
22182
22183
22183
22186
22193
22202
22205
22206
22207
22209
22215
22219
22225
22228
22235
22236
22236
22253
22255
22255
22259
22287
22287
22291
22292
22296
22300
22303
22312
22314
22316
22323
22323
22338
22339
22340
22342
22346
22346
22349
22355
22364
22370
22371
22374
22375
22377
22379
22382
22391
22391
22391
22391
22400
22402
22403
22409
22413
22414
22414
22416
22416
22426
22435
22438
22440
22441
22442
22444
22447
22447
22455
22459
22462
22462
22463
22465
22467
22471
22471
22472
22477
22481
22482
22496
22500
22501
22501
22503
22503
22509
22510
22512
22513
22514
22516
22527
22528
22533
22534
22536
22537
22546
22547
22549
22553
22562
22565
22565
22566
22572
22574
22576
22581
22591
22594
22595
22595
22600
22604
22606
22608
22609
22612
22615
22617
22619
22622
22634
22634
22636
22637
22640
22641
22644
22650
22651
22651
22658
22658
22659
22667
22670
22670
22672
22672
22673
22674
22676
22678
22683
22693
22694
22701
22701
22705
22707
22714
22719
22721
22724
22733
22739
22741
22743
22746
22749
22752
22752
22753
22755
22757
22769
22771
22778
22782
22782
22783
22789
22790
22792
22798
22803
22805
22820
22823
22824
22826
22832
22834
22836
22838
22840
22846
22847
22858
22870
22871
22873
22874
22876
22882
22882
22893
22894
22896
22900
22907
22908
22909
22919
22925
22926
22927
22934
22937
22939
22944
22948
22949
22950
22952
22952
22961
22963
22963
22963
22971
22976
22980
22983
22985
22985
22987
22987
22990
22995
22998
23000
23004
23005
23021
23029
23030
23031
23032
23032
23035
23047
23048
23056
23057
23061
23061
23062
23064
23069
23072
23073
23073
23075
23075
23080
23083
23084
23086
23090
23091
23101
23105
23107
23115
23115
23120
23126
23128
23132
23133
23137
23138
23146
23148
23152
23152
23153
23156
23156
23159
23161
23170
23179
23182
23182
23185
23186
23186
23190
23191
23198
23201
23201
23202
23205
23208
23209
23210
23211
23212
23216
23220
23225
23225
23241
23243
23250
23252
23254
23257
23258
23258
23259
23261
23262
23263
23266
23269
23270
23272
23279
23288
23291
23298
23306
23318
23320
23321
23321
23322
23325
23336
23338
23339
23340
23344
23346
23348
23349
23349
23350
23351
23351
23363
23364
23369
23371
23371
23378
23380
23382
23384
23390
23401
23402
23403
23405
23406
23412
23417
23419
23420
23420
23425
23426
23428
23430
23448
23451
23466
23468
23470
23470
23491
23494
23495
23499
23500
23508
23511
23513
23516
23518
23528
23530
23531
23533
23534
23536
23539
23543
23545
23550
23553
23553
23556
23558
23560
23563
23565
23568
23571
23573
23573
23574
23579
23580
23589
23593
23596
23598
23604
23604
23604
23609
23610
23613
23615
23618
23626
23631
23633
23637
23645
23647
23651
23657
23660
23662
23670
23670
23671
23671
23677
23682
23683
23685
23686
23690
23690
23701
23705
23709
23711
23715
23716
23718
23726
23730
23731
23739
23742
23745
23748
23754
23761
23766
23767
23779
23781
23782
23785
23786
23789
23790
23793
23794
23798
23799
23802
23806
23807
23818
23822
23825
23826
23828
23828
23833
23838
23840
23841
23842
23842
23844
23849
23856
23856
23862
23863
23864
23865
23874
23878
23881
23882
23882
23887
23887
23892
23897
23898
23903
23903
23903
23912
23913
23919
23920
23921
23930
23931
23937
23941
23942
23943
23946
23950
23952
23953
23962
23964
23966
23971
23974
23974
23975
23979
23980
23980
23982
23983
23992
23995
23995
24002
24002
24004
24007
24009
24013
24013
24015
24018
24018
24019
24019
24028
24029
24033
24042
24046
24049
24050
24054
24058
24062
24068
24073
24078
24086
24091
24092
24094
24098
24099
24100
24102
24106
24109
24113
24115
24123
24131
24132
24141
24152
24154
24158
24161
24165
24165
24166
24167
24169
24174
24175
24179
24181
24183
24192
24194
24199
24201
24202
24206
24213
24215
24229
24233
24236
24236
24238
24239
24242
24246
24247
24248
24252
24257
24259
24261
24265
24267
24270
24276
24277
24280
24285
24286
24287
24291
24292
24294
24297
24304
24306
24315
24317
24323
24334
24335
24337
24338
24343
24347
24348
24349
24352
24357
24360
24361
24363
24371
24372
24376
24377
24379
24382
24386
24386
24387
24387
24387
24388
24389
24390
24392
24394
24394
24399
24409
24412
24413
24418
24420
24424
24424
24427
24430
24433
24434
24435
24437
24439
24457
24458
24461
24465
24466
24466
24470
24472
24474
24474
24475
24479
24481
24482
24485
24485
24486
24487
24489
24492
24499
24499
24500
24500
24502
24505
24505
24508
24509
24512
24518
24520
24524
24525
24525
24525
24528
24530
24531
24532
24533
24534
24541
24542
24542
24543
24543
24544
24544
24545
24549
24550
24552
24555
24567
24570
24577
24579
24580
24580
24590
24592
24595
24603
24605
24606
24606
24610
24611
24612
24614
24623
24623
24625
24627
24627
24628
24629
24637
24638
24639
24640
24650
24650
24652
24653
24659
24659
24662
24665
24666
24671
24693
24695
24708
24708
24709
24710
24713
24715
24723
24724
24736
24737
24740
24740
24748
24752
24756
24756
24757
24761
24774
24780
24783
24790
24791
24792
24798
24802
24810
24810
24812
24816
24816
24817
24820
24821
24822
24827
24831
24833
24834
24842
24846
24852
24854
24864
24864
24867
24869
24876
24878
24880
24881
24887
24887
24891
24894
24899
24901
24908
24910
24913
24915
24919
24920
24935
24936
24938
24941
24942
24943
24944
24944
24945
24950
24952
24952
24956
24958
24960
24961
24971
24971
24975
24977
24981
24983
24984
24986
24993
24994
24997
24999
25000
25001
25001
25002
25005
25017
25021
25031
25040
25041
25046
25050
25050
25052
25054
25057
25062
25063
25066
25077
25077
25078
25084
25084
25088
25093
25105
25116
25118
25123
25129
25129
25132
25140
25142
25144
25154
25156
25159
25165
25168
25171
25187
25190
25190
25198
25205
25209
25209
25213
25216
25219
25223
25228
25230
25233
25236
25242
25243
25247
25253
25255
25258
25259
25259
25259
25260
25263
25265
25272
25273
25275
25281
25284
25285
25286
25287
25289
25293
25293
25299
25303
25304
25307
25308
25308
25310
25314
25315
25316
25318
25319
25320
25322
25323
25324
25328
25334
25336
25338
25350
25359
25360
25361
25364
25370
25375
25378
25381
25387
25393
25395
25399
25400
25401
25402
25403
25403
25408
25411
25416
25417
25419
25420
25423
25424
25428
25430
25430
25430
25432
25434
25441
25442
25445
25446
25446
25447
25448
25455
25456
25457
25464
25469
25469
25472
25473
25477
25480
25480
25484
25485
25486
25495
25496
25498
25502
25505
25508
25510
25514
25515
25519
25525
25535
25535
25541
25555
25555
25556
25558
25567
25568
25570
25575
25580
25583
25585
25585
25588
25588
25602
25603
25608
25610
25615
25616
25616
25629
25632
25634
25636
25637
25641
25646
25652
25652
25653
25653
25657
25660
25662
25671
25675
25678
25679
25679
25693
25694
25697
25700
25701
25709
25713
25714
25719
25720
25725
25730
25733
25736
25736
25737
25742
25743
25745
25747
25762
25763
25764
25773
25776
25778
25781
25787
25806
25807
25812
25814
25814
25818
25826
25826
25828
25829
25829
25831
25832
25835
25837
25845
25845
25846
25848
25848
25851
25851
25854
25854
25856
25860
25862
25862
25865
25867
25868
25875
25881
25884
25886
25888
25888
25891
25895
25896
25897
25897
25900
25902
25903
25909
25911
25912
25916
25921
25922
25926
25932
25933
25936
25936
25938
25939
25944
25944
25955
25955
25961
25963
25984
25986
25991
25994
26016
26020
26020
26025
26030
26033
26036
26039
26039
26041
26049
26052
26055
26056
26058
26062
26063
26065
26068
26069
26071
26072
26073
26078
26081
26082
26082
26089
26092
26097
26099
26107
26111
26111
26113
26121
26126
26127
26135
26135
26146
26147
26148
26151
26153
26161
26166
26171
26172
26176
26178
26179
26181
26181
26183
26184
26184
26187
26188
26193
26194
26195
26197
26204
26206
26207
26208
26212
26213
26214
26215
26222
26225
26231
26235
26237
26243
26243
26243
26244
26245
26245
26246
26248
26255
26261
26262
26263
26269
26269
26272
26278
26282
26284
26288
26289
26291
26298
26304
26305
26307
26317
26318
26324
26325
26325
26334
26335
26337
26350
26350
26351
26353
26363
26366
26366
26367
26373
26374
26374
26377
26381
26382
26383
26385
26391
26396
26396
26408
26412
26415
26418
26418
26424
26425
26428
26431
26434
26440
26440
26446
26446
26447
26451
26454
26454
26457
26461
26467
26471
26478
26478
26483
26484
26485
26487
26487
26490
26491
26491
26503
26510
26529
26534
26539
26541
26546
26548
26549
26550
26550
26550
26555
26557
26557
26560
26568
26571
26576
26582
26584
26585
26590
26590
26597
26600
26602
26605
26615
26625
26629
26629
26629
26629
26630
26633
26639
26643
26655
26655
26656
26657
26658
26659
26661
26662
26662
26663
26663
26663
26672
26676
26680
26681
26687
26697
26702
26709
26709
26715
26716
26717
26722
26726
26729
26731
26732
26734
26735
26740
26741
26742
26742
26746
26746
26754
26773
26776
26788
26791
26791
26793
26804
26807
26813
26814
26815
26816
26818
26825
26826
26826
26835
26837
26841
26843
26845
26847
26850
26853
26853
26855
26855
26858
26860
26860
26861
26862
26868
26871
26884
26886
26887
26889
26894
26896
26904
26910
26911
26912
26913
26913
26917
26919
26921
26925
26930
26931
26939
26939
26941
26955
26955
26955
26955
26967
26968
26971
26975
26975
26976
26976
26979
26980
26981
26986
26991
26992
27002
27002
27003
27004
27009
27017
27020
27021
27029
27030
27030
27037
27040
27050
27060
27063
27064
27067
27070
27072
27078
27083
27085
27086
27089
27090
27091
27092
27099
27101
27105
27106
27121
27129
27130
27131
27138
27139
27142
27143
27145
27146
27146
27147
27148
27163
27165
27172
27182
27184
27186
27189
27197
27199
27200
27210
27211
27214
27225
27226
27226
27228
27228
27229
27232
27233
27233
27237
27245
27246
27247
27249
27249
27250
27253
27256
27263
27264
27272
27276
27280
27283
27287
27288
27290
27296
27299
27300
27302
27302
27304
27320
27324
27324
27325
27330
27333
27333
27334
27339
27342
27349
27354
27358
27363
27374
27380
27384
27390
27392
27392
27394
27398
27403
27404
27405
27406
27409
27409
27412
27421
27421
27424
27425
27426
27428
27430
27431
27433
27434
27434
27435
27446
27447
27448
27459
27470
27477
27477
27478
27478
27481
27484
27494
27494
27499
27502
27508
27511
27534
27538
27539
27547
27548
27560
27561
27561
27570
27571
27573
27577
27582
27583
27586
27589
27591
27593
27594
27600
27601
27602
27605
27612
27613
27617
27618
27623
27631
27631
27631
27631
27632
27635
27638
27641
27645
27651
27652
27652
27654
27658
27658
27659
27661
27662
27666
27670
27672
27678
27680
27682
27687
27690
27693
27696
27696
27696
27697
27698
27699
27702
27702
27704
27705
27706
27707
27708
27709
27718
27721
27726
27727
27728
27729
27733
27733
27740
27746
27748
27749
27754
27755
27758
27760
27762
27764
27766
27780
27781
27782
27783
27783
27785
27787
27788
27789
27791
27791
27795
27797
27800
27805
27816
27817
27821
27822
27823
27823
27823
27826
27827
27827
27828
27835
27836
27837
27837
27837
27839
27840
27846
27849
27852
27853
27854
27857
27864
27869
27872
27874
27874
27874
27878
27892
27896
27898
27902
27903
27906
27907
27907
27912
27912
27913
27915
27915
27917
27924
27930
27947
27950
27950
27952
27953
27969
27976
27982
27984
27984
27989
27990
27995
28001
28011
28015
28022
28022
28028
28030
28034
28039
28040
28045
28045
28053
28053
28070
28072
28077
28082
28084
28084
28086
28095
28099
28106
28109
28109
28109
28115
28119
28123
28124
28126
28130
28131
28133
28134
28139
28144
28150
28151
28151
28157
28166
28170
28175
28184
28196
28199
28203
28209
28213
28213
28214
28215
28216
28216
28221
28221
28222
28224
28226
28232
28235
28238
28238
28241
28244
28247
28247
28247
28250
28251
28252
28254
28254
28255
28256
28256
28257
28259
28260
28264
28268
28270
28271
28273
28273
28277
28284
28285
28293
28297
28303
28306
28327
28333
28340
28341
28341
28343
28343
28346
28351
28353
28357
28359
28360
28365
28367
28367
28374
28376
28386
28388
28390
28392
28393
28395
28399
28402
28406
28407
28408
28411
28414
28416
28416
28422
28423
28426
28426
28428
28429
28431
28435
28437
28443
28445
28445
28445
28463
28467
28471
28472
28474
28475
28476
28478
28484
28493
28498
28504
28509
28512
28512
28512
28515
28517
28518
28519
28521
28521
28526
28527
28527
28530
28532
28532
28539
28540
28544
28546
28559
28560
28571
28572
28580
28582
28585
28589
28591
28598
28600
28602
28602
28604
28606
28607
28612
28616
28616
28623
28640
28641
28642
28654
28656
28670
28674
28675
28676
28681
28686
28688
28694
28697
28700
28702
28708
28709
28710
28714
28715
28718
28720
28727
28727
28728
28729
28731
28737
28741
28741
28749
28753
28753
28755
28759
28768
28770
28774
28779
28780
28780
28781
28784
28785
28788
28788
28788
28789
28789
28790
28792
28795
28798
28800
28804
28804
28805
28807
28809
28821
28821
28821
28824
28825
28825
28827
28829
28831
28835
28837
28841
28843
28845
28846
28862
28863
28864
28864
28865
28869
28876
28877
28884
28885
28890
28893
28899
28900
28901
28906
28906
28907
28908
28911
28917
28917
28920
28920
28921
28923
28924
28926
28931
28932
28934
28935
28938
28940
28942
28947
28949
28949
28950
28950
28957
28963
28970
28970
28971
28972
28976
28977
28978
28981
28981
28985
28997
29000
29006
29006
29016
29021
29022
29027
29028
29041
29043
29045
29047
29048
29048
29050
29052
29054
29057
29062
29065
29066
29069
29070
29072
29073
29075
29076
29084
29086
29096
29101
29105
29117
29117
29119
29124
29125
29125
29136
29139
29142
29142
29146
29146
29147
29157
29158
29159
29165
29172
29175
29181
29188
29197
29199
29206
29214
29219
29222
29224
29236
29241
29247
29254
29256
29259
29279
29281
29284
29284
29292
29294
29296
29309
29311
29315
29324
29324
29333
29336
29337
29337
29338
29352
29352
29357
29359
29364
29372
29372
29373
29379
29381
29382
29383
29383
29383
29386
29389
29390
29390
29392
29395
29397
29399
29407
29409
29412
29413
29414
29415
29416
29417
29417
29417
29421
29421
29422
29422
29423
29424
29425
29426
29429
29432
29434
29444
29444
29445
29449
29449
29452
29454
29455
29457
29459
29463
29463
29464
29464
29471
29484
29486
29492
29492
29497
29503
29505
29506
29513
29516
29516
29520
29523
29525
29531
29532
29536
29537
29537
29541
29542
29554
29566
29567
29569
29569
29582
29585
29588
29589
29591
29592
29592
29593
29599
29600
29606
29611
29611
29613
29614
29616
29627
29628
29629
29634
29636
29637
29638
29638
29639
29641
29643
29644
29648
29652
29658
29662
29665
29670
29672
29674
29678
29683
29685
29686
29688
29701
29702
29711
29713
29713
29721
29723
29723
29724
29724
29731
29735
29740
29742
29743
29744
29748
29750
29756
29765
29766
29770
29771
29773
29773
29775
29776
29779
29783
29785
29786
29789
29790
29796
29797
29799
29799
29800
29802
29806
29808
29809
29810
29815
29830
29832
29835
29843
29847
29850
29850
29853
29855
29857
29861
29862
29869
29876
29877
29885
29886
29888
29895
29896
29898
29900
29901
29906
29909
29914
29915
29925
29932
29935
29937
29943
29945
29947
29953
29962
29969
29971
29971
29976
29980
29982
29983
29987
29987
29988
29988
29995
29997
30005
30008
30011
30013
30024
30026
30029
30032
30033
30033
30037
30039
30040
30046
30046
30046
30046
30048
30049
30054
30057
30063
30063
30066
30075
30076
30079
30088
30088
30091
30095
30100
30101
30102
30105
30112
30114
30115
30116
30119
30125
30127
30133
30134
30134
30134
30135
30139
30139
30141
30145
30146
30152
30152
30153
30156
30162
30163
30165
30168
30178
30178
30184
30186
30189
30189
30191
30192
30197
30199
30201
30203
30215
30217
30220
30222
30225
30226
30229
30230
30232
30236
30240
30248
30249
30250
30255
30257
30258
30260
30263
30265
30266
30266
30269
30270
30272
30274
30275
30278
30285
30287
30293
30295
30301
30306
30306
30307
30308
30312
30312
30313
30315
30317
30325
30329
30331
30332
30339
30339
30342
30346
30351
30351
30351
30353
30355
30355
30355
30362
30362
30364
30367
30374
30375
30375
30377
30379
30379
30382
30384
30387
30389
30389
30397
30401
30405
30413
30417
30419
30425
30425
30427
30427
30428
30430
30430
30431
30435
30441
30442
30445
30460
30460
30463
30465
30467
30469
30470
30472
30473
30487
30490
30495
30501
30506
30506
30509
30509
30511
30514
30519
30521
30530
30533
30533
30538
30541
30550
30551
30557
30566
30566
30566
30570
30572
30574
30576
30576
30577
30578
30591
30594
30595
30600
30602
30606
30607
30614
30615
30617
30637
30639
30645
30645
30646
30648
30655
30657
30659
30663
30669
30673
30684
30688
30693
30694
30695
30698
30699
30700
30701
30702
30704
30709
30709
30711
30713
30715
30720
30721
30724
30726
30727
30728
30733
30734
30738
30740
30743
30743
30747
30756
30761
30767
30770
30771
30777
30779
30780
30782
30783
30788
30789
30789
30791
30793
30793
30800
30809
30810
30813
30816
30816
30816
30818
30820
30823
30827
30834
30834
30838
30840
30841
30842
30862
30867
30867
30878
30882
30883
30891
30891
30899
30899
30900
30900
30900
30904
30906
30907
30908
30909
30927
30927
30929
30933
30937
30937
30939
30941
30946
30955
30957
30959
30961
30962
30968
30971
30972
30975
30977
30980
30982
30982
30984
30986
30990
30993
30994
30998
30999
31000
31001
31008
31009
31018
31018
31019
31022
31026
31030
31032
31033
31034
31039
31040
31041
31043
31053
31054
31060
31060
31069
31073
31074
31080
31081
31086
31090
31093
31105
31109
31116
31120
31122
31127
31130
31130
31135
31138
31138
31145
31149
31151
31153
31156
31158
31162
31164
31168
31171
31175
31179
31183
31183
31185
31185
31195
31200
31206
31216
31218
31220
31223
31232
31232
31233
31237
31258
31259
31259
31267
31268
31268
31276
31278
31285
31286
31287
31302
31304
31306
31308
31309
31311
31311
31313
31314
31316
31318
31319
31324
31336
31339
31350
31352
31353
31354
31355
31360
31362
31363
31368
31372
31373
31375
31388
31389
31389
31389
31390
31395
31397
31401
31402
31405
31406
31411
31413
31415
31425
31425
31426
31430
31432
31437
31438
31441
31443
31449
31451
31457
31458
31467
31482
31486
31486
31487
31488
31490
31494
31503
31515
31516
31517
31524
31526
31526
31534
31535
31548
31576
31582
31582
31584
31594
31597
31609
31611
31612
31616
31618
31618
31625
31625
31626
31628
31629
31636
31638
31640
31640
31650
31650
31654
31654
31658
31660
31660
31664
31664
31677
31679
31683
31683
31685
31686
31688
31692
31694
31705
31711
31716
31722
31724
31730
31730
31731
31731
31732
31735
31739
31748
31749
31753
31753
31756
31763
31764
31767
31771
31774
31780
31789
31793
31799
31806
31815
31826
31826
31829
31836
31839
31842
31843
31847
31849
31849
31851
31853
31859
31866
31871
31874
31875
31876
31886
31887
31892
31893
31893
31894
31895
31895
31899
31905
31918
31930
31932
31935
31940
31942
31947
31948
31961
31963
31965
31966
31968
31969
31970
31979
31983
31986
31989
31996
31997
32010
32012
32018
32021
32030
32039
32045
32046
32053
32060
32063
32067
32074
32076
32079
32080
32081
32084
32084
32084
32085
32089
32101
32103
32111
32114
32117
32127
32130
32132
32134
32135
32136
32142
32145
32145
32147
32152
32152
32153
32154
32155
32158
32160
32160
32161
32161
32171
32172
32172
32178
32182
32184
32188
32191
32196
32210
32211
32215
32222
32223
32224
32225
32227
32227
32233
32240
32242
32249
32256
32259
32260
32260
32262
32262
32265
32266
32266
32275
32278
32280
32285
32290
32290
32292
32298
32299
32301
32305
32327
32331
32334
32336
32337
32340
32340
32342
32342
32345
32345
32349
32353
32360
32363
32364
32369
32372
32378
32379
32383
32386
32387
32388
32392
32396
32398
32405
32406
32406
32409
32409
32413
32423
32423
32424
32431
32432
32432
32443
32444
32446
32447
32450
32454
32454
32458
32468
32471
32471
32474
32482
32490
32493
32496
32499
32499
32499
32500
32508
32513
32514
32515
32516
32517
32517
32519
32522
32526
32526
32530
32537
32539
32539
32541
32541
32545
32547
32552
32556
32556
32559
32559
32561
32562
32563
32565
32569
32578
32582
32595
32596
32599
32604
32606
32615
32616
32617
32621
32625
32625
32625
32628
32628
32628
32631
32631
32632
32634
32636
32637
32637
32643
32647
32651
32651
32656
32660
32663
32666
32669
32675
32675
32677
32679
32680
32685
32686
32687
32693
32708
32713
32714
32717
32722
32723
32723
32733
32735
32735
32740
32740
32741
32746
32750
32751
32758
32758
32758
32767
