1000
339
11556
27711
12665
15262
11110
7770
30664
10510
7994
5805
31389
10087
12521
22452
146
14504
6405
15361
11523
6542
27880
24798
20512
8538
3933
9268
32064
20180
6556
14763
23417
9872
20604
6931
25709
18032
31204
22531
1382
21098
9858
2239
22182
7819
17344
26719
23800
14908
2548
23086
2443
16581
6871
24145
27648
4879
25657
14761
19138
24238
6899
21754
5526
5662
25116
5964
26227
15949
29312
16273
1171
13658
22093
393
7626
22173
3344
27107
10775
8167
11232
19877
11641
15371
19929
18637
19459
5789
26829
4152
25651
23801
23093
6852
9088
4231
16494
26034
18738
3646
29730
22606
2934
12135
13828
2769
21170
26532
25792
29830
16150
1072
20273
17708
11380
28776
30421
28060
10321
9099
22143
7083
3644
7102
332
11602
15966
2643
11736
24332
8787
5450
434
14720
29752
21016
12557
608
31749
23976
18104
13457
14109
13728
10320
17292
7716
14053
10932
11780
32017
25953
19129
9161
4484
24836
24095
17132
25433
11272
20676
12324
2941
9850
16920
3696
23808
25334
5841
6654
9324
14514
21216
27212
29014
14013
20387
8077
7730
23689
8796
32590
2668
15272
18146
17497
15028
26323
25238
9689
21401
21040
13209
22976
8793
2261
60
5734
10231
23432
6840
22386
23183
27848
19744
27134
4327
15890
16787
1014
19526
8797
15030
27329
21641
14823
12385
27940
23155
23347
9369
13411
5189
3410
17599
12457
2190
30563
11014
9385
31557
26966
21547
5254
12565
25077
7520
7152
31992
13860
24201
28561
19463
15719
29866
3495
9105
10150
20640
25074
17770
24621
24080
24784
28293
8695
22174
23975
25541
8492
21855
8323
16657
28136
16016
32512
16039
29758
20360
31851
24754
15741
27371
13604
17694
22193
29985
6470
939
109
21766
14986
21568
3016
27875
12649
28547
2214
8094
23937
23974
10553
13869
1338
10115
32455
14672
6313
7660
29613
4992
7093
11068
9892
3874
31608
25394
2883
1281
21224
17664
29637
20219
25270
25502
26637
21243
16502
26724
28135
14887
257
9176
9873
10330
25111
8389
25978
2004
14153
28045
9289
15664
7702
4031
30753
22423
15701
21996
27683
4404
5075
31671
25909
13287
6716
21548
29442
13886
15423
28243
12866
9377
27885
26628
9276
10956
23138
25340
8073
20867
1192
20529
15898
17536
15320
1379
27773
13489
18818
20724
32347
10912
18767
32761
27718
23859
29925
2705
7857
24725
26379
23158
27200
16756
6670
24529
8515
24685
9571
26707
24189
8644
32397
27777
27945
17753
16706
18255
29247
31447
17097
3057
15091
1583
29862
28142
21630
2117
23161
28534
20770
16360
5924
18933
24168
22280
21804
17640
4269
4131
3682
28400
2012
26625
30402
27940
20861
32673
3739
21676
11247
25203
8176
17036
3825
31944
11038
9661
7528
22150
1728
28546
25692
26144
14032
7673
2883
4037
16143
21744
22914
9432
29862
30971
13617
30625
4877
195
32542
22338
6188
28833
28693
2028
11200
13420
23391
2898
5633
19343
31369
19806
2434
31582
9831
2339
17496
31658
8535
31252
19582
20882
22218
11635
19320
19613
13313
2060
19767
23046
32277
21538
26173
8791
18746
27562
1281
9529
30020
21175
29333
18315
21355
22070
18054
1969
22859
731
20996
19503
1327
2139
17986
118
22414
23772
6688
29693
1494
13481
29448
12180
19049
8747
5397
13558
30181
29205
7803
23709
9641
6110
4643
17882
17301
15988
30101
3364
13072
20783
1563
15537
20304
4355
18723
11075
7894
2555
31718
15685
24631
31970
9799
15382
21538
4419
21758
14245
26783
25493
16117
9790
10645
17327
23026
13987
6799
14210
8823
2143
23999
5638
6887
15959
19524
20085
17897
8098
25512
12216
8209
15002
11437
17438
23742
15923
32585
5460
27198
32140
18415
27794
313
20932
12816
25362
17228
19983
23522
22214
11508
31241
30560
5962
24238
1610
31890
24344
348
12090
20750
27899
18923
16934
2239
20934
24627
30868
9189
17989
11550
7636
28253
7540
21517
13016
25635
9967
23415
1094
16149
5546
18643
26314
4601
16098
13241
3505
5314
17747
5188
12212
1551
1196
20666
28177
17909
20800
20079
12769
3582
24574
2534
29605
27249
27299
31290
8482
22740
25646
17340
5487
12208
20884
32222
22348
13204
6838
4176
4533
32092
26512
27496
31415
5555
23987
8135
7299
27095
20981
6458
13505
32157
16999
222
7718
32436
11399
2696
30793
7469
5047
12643
434
19771
19438
10203
22580
22072
23726
32442
4990
21225
4150
18321
28140
1795
760
13914
28579
11758
18253
1627
20444
9928
29032
9806
128
8621
8072
28606
6134
12854
21106
28084
3384
27455
10783
30355
31277
26606
23218
7489
22579
26097
28077
15751
27386
21766
9059
10171
19865
32705
2225
12188
21979
12682
5353
8829
16858
32229
25615
26790
25552
3318
24904
22007
16425
4420
30095
28110
20957
19133
3754
7723
26876
15098
4700
13842
22411
28357
4573
6961
24718
216
20871
707
7526
14824
30930
12724
19805
29154
32386
2054
17280
5749
9503
23411
26285
31440
7078
25940
30700
21677
5758
18369
4866
2702
29869
28154
7492
14150
17740
19461
5802
1724
16696
16793
292
20460
3339
9275
21041
4142
22347
13479
8877
11195
9953
881
4330
5997
28108
2284
2307
20422
13334
29771
26477
16692
28423
30214
10703
1427
22682
2432
8724
6900
23341
486
24510
30621
25980
24154
17277
8017
15056
10577
28928
7633
4980
26425
4875
2722
8553
22624
9674
31249
19802
4625
15205
32629
16338
13056
28372
9396
2733
14055
30965
31496
1741
11634
7131
10499
14862
22617
22633
6609
22907
29899
8736
12734
15298
13331
1334
11255
20453
10102
29416
1429
27699
9050
10257
6615
2423
23982
25082
21423
15983
19333
21876
6273
3967
516
7204
20519
26279
7807
3103
11832
18355
31199
11703
8330
5297
11079
17300
1781
30376
7671
6406
6234
16007
15984
2713
6372
21084
728
31978
17806
31430
21153
13754
6374
9389
4454
19265
19728
27440
20757
7620
16141
32223
28499
3946
5950
14123
8732
28236
23331
30490
14250
17611
19561
5696
3481
1062
14628
1258
840
15692
8537
27292
27522
23534
21951
22974
16734
6105
29638
27538
9315
4227
25305
22633
24560
18147
14048
24599
475
27014
7178
5796
17497
9952
12233
26948
20254
31200
27422
28553
5061
9415
534
23768
18801
20025
