1000
60
109
118
128
146
195
216
222
257
292
313
332
339
348
393
434
434
475
486
516
534
608
707
728
731
760
840
881
939
1014
1062
1072
1094
1171
1192
1196
1258
1281
1281
1327
1334
1338
1379
1382
1427
1429
1494
1551
1563
1583
1610
1627
1724
1728
1741
1781
1795
1969
2004
2012
2028
2054
2060
2117
2139
2143
2190
2214
2225
2239
2239
2261
2284
2307
2339
2423
2432
2434
2443
2534
2548
2555
2643
2668
2696
2702
2705
2713
2722
2733
2769
2883
2883
2898
2934
2941
3016
3057
3103
3318
3339
3344
3364
3384
3410
3481
3495
3505
3582
3644
3646
3682
3696
3739
3754
3825
3874
3933
3946
3967
4031
4037
4131
4142
4150
4152
4176
4227
4231
4269
4327
4330
4355
4404
4419
4420
4454
4484
4533
4573
4601
4625
4643
4700
4866
4875
4877
4879
4980
4990
4992
5047
5061
5075
5188
5189
5254
5297
5314
5353
5397
5450
5460
5487
5526
5546
5555
5633
5638
5662
5696
5734
5749
5758
5789
5796
5802
5805
5841
5924
5950
5962
5964
5997
6105
6110
6134
6188
6234
6273
6313
6372
6374
6405
6406
6458
6470
6542
6556
6609
6615
6654
6670
6688
6716
6799
6838
6840
6852
6871
6887
6899
6900
6931
6961
7078
7083
7093
7102
7131
7152
7178
7204
7299
7469
7489
7492
7520
7526
7528
7540
7620
7626
7633
7636
7660
7671
7673
7702
7716
7718
7723
7730
7770
7803
7807
7819
7857
7894
7994
8017
8072
8073
8077
8094
8098
8135
8167
8176
8209
8323
8330
8389
8482
8492
8515
8535
8537
8538
8553
8621
8644
8695
8724
8732
8736
8747
8787
8791
8793
8796
8797
8823
8829
8877
9050
9059
9088
9099
9105
9161
9176
9189
9268
9275
9276
9289
9315
9324
9369
9377
9385
9389
9396
9415
9432
9503
9529
9571
9641
9661
9674
9689
9790
9799
9806
9831
9850
9858
9872
9873
9892
9928
9952
9953
9967
10087
10102
10115
10150
10171
10203
10231
10257
10320
10321
10330
10499
10510
10553
10577
10645
10703
10775
10783
10912
10932
10956
11014
11038
11068
11075
11079
11110
11195
11200
11232
11247
11255
11272
11380
11399
11437
11508
11523
11550
11556
11602
11634
11635
11641
11703
11736
11758
11780
11832
12090
12135
12180
12188
12208
12212
12216
12233
12324
12385
12457
12521
12557
12565
12643
12649
12665
12682
12724
12734
12769
12816
12854
12866
13016
13056
13072
13204
13209
13241
13287
13313
13331
13334
13411
13420
13457
13479
13481
13489
13505
13558
13604
13617
13658
13728
13754
13828
13842
13860
13869
13886
13914
13987
14013
14032
14048
14053
14055
14109
14123
14150
14153
14210
14245
14250
14504
14514
14628
14672
14720
14761
14763
14823
14824
14862
14887
14908
14986
15002
15028
15030
15056
15091
15098
15205
15262
15272
15298
15320
15361
15371
15382
15423
15537
15664
15685
15692
15701
15719
15741
15751
15890
15898
15923
15949
15959
15966
15983
15984
15988
16007
16016
16039
16098
16117
16141
16143
16149
16150
16273
16338
16360
16425
16494
16502
16581
16657
16692
16696
16706
16734
16756
16787
16793
16858
16920
16934
16999
17036
17097
17132
17228
17277
17280
17292
17300
17301
17327
17340
17344
17438
17496
17497
17497
17536
17599
17611
17640
17664
17694
17708
17740
17747
17753
17770
17806
17882
17897
17909
17986
17989
18032
18054
18104
18146
18147
18253
18255
18315
18321
18355
18369
18415
18637
18643
18723
18738
18746
18767
18801
18818
18923
18933
19049
19129
19133
19138
19265
19320
19333
19343
19438
19459
19461
19463
19503
19524
19526
19561
19582
19613
19728
19744
19767
19771
19802
19805
19806
19865
19877
19929
19983
20025
20079
20085
20180
20219
20254
20273
20304
20360
20387
20422
20444
20453
20460
20512
20519
20529
20604
20640
20666
20676
20724
20750
20757
20770
20783
20800
20861
20867
20871
20882
20884
20932
20934
20957
20981
20996
21016
21040
21041
21084
21098
21106
21153
21170
21175
21216
21224
21225
21243
21355
21401
21423
21517
21538
21538
21547
21548
21568
21630
21641
21676
21677
21744
21754
21758
21766
21766
21804
21855
21876
21951
21979
21996
22007
22070
22072
22093
22143
22150
22173
22174
22182
22193
22214
22218
22280
22338
22347
22348
22386
22411
22414
22423
22452
22531
22579
22580
22606
22617
22624
22633
22633
22682
22740
22859
22907
22914
22974
22976
23026
23046
23086
23093
23138
23155
23158
23161
23183
23218
23331
23341
23347
23391
23411
23415
23417
23432
23522
23534
23689
23709
23726
23742
23768
23772
23800
23801
23808
23859
23937
23974
23975
23976
23982
23987
23999
24080
24095
24145
24154
24168
24189
24201
24238
24238
24332
24344
24510
24529
24560
24574
24599
24621
24627
24631
24685
24718
24725
24754
24784
24798
24836
24904
25074
25077
25082
25111
25116
25203
25238
25270
25305
25334
25340
25362
25394
25433
25493
25502
25512
25541
25552
25615
25635
25646
25651
25657
25692
25709
25792
25909
25940
25953
25978
25980
26034
26097
26144
26173
26227
26279
26285
26314
26323
26379
26425
26477
26512
26532
26606
26625
26628
26637
26707
26719
26724
26783
26790
26829
26876
26948
26966
27014
27095
27107
27134
27198
27200
27212
27249
27292
27299
27329
27371
27386
27422
27440
27455
27496
27522
27538
27562
27648
27683
27699
27711
27718
27773
27777
27794
27848
27875
27880
27885
27899
27940
27940
27945
28045
28060
28077
28084
28108
28110
28135
28136
28140
28142
28154
28177
28236
28243
28253
28293
28357
28372
28400
28423
28499
28534
28546
28547
28553
28561
28579
28606
28693
28776
28833
28928
29014
29032
29154
29205
29247
29312
29333
29416
29442
29448
29605
29613
29637
29638
29693
29730
29752
29758
29771
29830
29862
29862
29866
29869
29899
29925
29985
30020
30095
30101
30181
30214
30355
30376
30402
30421
30490
30560
30563
30621
30625
30664
30700
30753
30793
30868
30930
30965
30971
31199
31200
31204
31241
31249
31252
31277
31290
31369
31389
31415
31430
31440
31447
31496
31557
31582
31608
31658
31671
31718
31749
31851
31890
31944
31970
31978
31992
32017
32064
32092
32140
32157
32222
32223
32229
32277
32347
32386
32397
32436
32442
32455
32512
32542
32585
32590
32629
32673
32705
32761
