100
8301
1771
31889
24304
29138
16221
26517
4624
26663
26749
5657
7703
15770
15056
26976
32460
24611
2173
22206
20669
17511
21670
29090
17204
24541
29944
22228
26215
3631
29057
23802
10735
26083
5826
11873
8059
16442
28166
12282
21958
30808
4082
22947
24518
9638
1372
25512
23591
21877
10849
28042
4343
2020
18353
511
28579
29699
22062
7225
5410
22328
8374
4715
6768
21474
14396
2442
18750
9021
28190
22097
2280
7814
18610
28551
6055
25439
9762
21892
25608
6004
379
4850
6812
3935
3584
15057
15345
23753
7364
1981
20162
2002
120
116
619
30643
25473
17811
21919
