100
27460
305
248
1466
1445
486
6797
2141
4110
2056
1890
1000
2752
10388
8817
6422
11266
4385
18523
3257
3242
7382
3979
14910
7246
9934
11477
21651
15596
11260
16531
7641
17635
15747
11650
10538
7423
20625
24616
7435
13313
9841
4540
8363
13834
4202
7534
15589
19812
9262
15286
32726
14839
15825
23582
25995
22767
23396
23370
20972
22056
27718
32147
8066
14652
32617
31985
24234
24721
23606
11806
32180
18924
11515
14518
25157
30856
27331
32665
19709
19263
20896
24362
19253
11745
24243
18885
25180
11624
20415
14208
5782
8107
13207
17334
18591
27942
32680
29426
24661
