100
1894
2351
2168
4319
2366
6377
7868
5132
9061
7838
2615
9180
11147
10170
12926
17960
12517
14669
11115
9254
8651
7781
8055
9347
10169
13282
15175
10825
12432
17368
13708
24212
24835
28593
16304
14818
18803
18397
11195
11883
16593
9221
11320
10680
9052
11201
9595
16485
11824
16929
29527
13748
17652
18988
21459
15264
32288
30014
27022
21332
30513
18883
16409
25436
32532
30824
26409
30103
28760
30902
31714
18848
17127
31872
30642
25474
23265
16665
18797
24455
13644
29403
27341
19001
9625
29653
27892
18191
23798
17840
32728
22904
17648
28950
10561
26368
32422
28687
20715
610
