100
126
511
550
593
971
1026
1343
1396
2014
2247
2341
2730
2852
3023
3221
3539
3595
4335
5062
5505
5807
5890
5967
5969
6060
7225
7307
7439
7449
7906
8335
8581
8910
9137
9200
9229
9259
9921
9971
11191
11656
12152
12776
12833
13858
14904
15066
15188
15392
15472
15621
16093
16102
16251
16504
16566
16625
17043
17228
17867
17909
18215
19150
19434
20006
20007
20213
20575
21157
21316
21690
21708
22243
22798
22892
23254
23338
23461
23769
23869
23901
24430
24659
24683
25484
25714
26228
26858
27825
28086
28176
28747
28811
28845
30177
30476
31333
31574
31756
32583
