10000
6074
11390
5452
29892
6950
25167
978
2178
5182
25427
8226
10431
23105
2653
30737
4362
19284
19082
18840
396
30921
14966
12594
17377
26784
24496
6022
29222
4174
20075
8774
13395
27838
29046
11351
26571
23446
3694
2354
25906
6587
23090
6026
22655
2839
12695
26415
24402
12186
19037
30258
24967
27006
28770
18762
22539
30928
8982
25462
30190
20524
10031
24804
26554
9928
24734
14610
7428
27571
2241
27699
20544
32351
5338
8148
16602
20574
24768
28351
21378
21609
29140
28703
3271
24230
26167
14822
6631
23083
25658
25196
23525
30654
7702
17752
10461
14814
15838
4036
14229
520
19889
22428
26964
819
28724
16967
26103
15773
32063
32394
15937
26569
22231
5545
2163
26824
2653
22479
11036
18361
4612
26543
18995
13452
19081
10604
2659
3595
28958
6326
7846
2330
15783
18999
21525
23869
27944
7213
4095
6748
20606
23128
29752
3011
13134
22806
7603
19565
12092
19405
12627
28802
16221
23177
11007
26654
10222
15078
8949
32596
1606
20529
32096
8051
7433
5834
14380
13703
12447
24268
19225
25123
2020
6640
19982
22110
25889
16559
22961
540
2876
4775
22068
30607
9003
13888
11377
10237
5550
31631
3386
24003
11582
18043
17130
6042
5184
25630
16704
10521
895
20334
26478
17531
13529
10524
10348
20899
28217
26300
3474
13917
14533
32039
18278
29671
6232
2589
16563
15792
22322
16687
26587
27999
14830
8156
8813
30743
12213
11515
7930
18681
21170
18265
31013
9451
19653
18338
25594
31640
29820
31109
20097
18872
13887
12307
13970
28818
7626
31080
7658
9919
5089
13710
21887
26160
9278
5278
4881
31603
24527
16424
1282
6705
12062
13269
22631
6908
10513
2379
25951
17991
16851
15185
30116
20662
26130
9268
22879
27801
22123
15209
15937
5299
22306
22131
31951
29759
2071
28936
20477
4149
30965
16495
11007
5577
19885
5676
8540
29236
1827
21983
5444
6072
17446
618
8227
5086
3750
9810
26998
23299
2337
7016
24542
27922
4191
30120
2162
14227
9567
5473
22618
22757
13201
9366
19610
10439
1862
932
13355
10782
2148
26918
24656
18930
3422
14614
12071
4025
23139
22325
9342
8920
8406
30892
1257
18791
4863
14579
10001
17460
24576
30194
28495
11275
11274
14182
10618
13365
22736
9607
13565
30271
12860
21224
14124
11005
21345
23966
18392
29901
22450
11172
19488
7968
11377
18046
29579
30519
5738
6685
2900
8747
16352
6915
7173
5168
25288
6055
1351
3354
25397
14619
3065
15905
28180
30444
3711
31969
28697
586
21341
10149
30969
27752
9732
7908
24282
3110
13803
30732
13831
26350
27618
19839
28905
8411
10660
20443
15411
14369
10155
31871
27484
4009
25928
7499
2386
3323
24306
30118
24941
19809
32479
16582
5281
13897
31697
25900
3833
25836
6707
365
28992
16685
868
13880
17153
14276
10067
20885
179
24475
23628
16235
23085
3704
12561
25413
13664
8413
9517
16213
18756
31021
15237
3258
25875
31247
6960
10494
14262
23
12936
31971
11132
7844
4225
16479
10770
9220
26682
16357
23728
10463
29394
1766
15504
11986
9085
5016
1956
4698
25047
30710
28040
21492
15992
3080
2230
31874
21960
5476
30713
8433
21780
2037
11300
18713
21986
17403
15875
15844
898
30035
24722
691
16102
30713
17261
32253
13492
26059
31112
5433
6552
12687
14368
16383
223
29496
497
22122
322
18789
4778
7872
7167
29739
7838
24149
6703
3348
15036
29100
21587
103
193
12256
6192
11178
17324
7490
8413
17766
26738
12612
21786
29226
14068
13206
16355
10962
14126
29838
30533
22537
28337
25805
25969
18189
4691
20512
10255
23475
37
16292
31188
9130
5541
18222
23127
12035
13877
16873
26656
20977
5580
16961
8450
13262
7148
14592
31916
20319
29396
6071
5498
18521
5878
29280
21393
14884
31403
25665
20010
25566
4646
15380
22318
21923
23462
13156
25860
780
14320
13626
20134
24309
9981
30713
3579
25732
15600
28295
31841
12647
25419
21677
15752
5468
14945
23233
19591
15095
12047
13442
24361
19872
6311
3907
5000
16603
29485
13132
7134
7372
2502
21629
23703
29690
9581
22068
12459
26195
5096
1649
18474
21872
6906
5176
21785
11803
11227
17719
31356
27406
27365
11945
12724
13566
24464
30074
6667
17368
24736
22956
26254
25931
4253
4345
24091
19590
32388
13498
8634
3907
16060
18183
11568
29700
4171
4896
17874
30108
25162
27915
19352
8178
19862
5247
8306
10754
22217
16129
6623
28964
3177
3405
12475
14737
21855
28663
25432
22563
938
16210
32209
10588
32596
2705
15515
31146
7589
25132
32093
17129
30872
8582
29186
25386
23179
31692
2572
12467
4666
20512
1579
3911
17134
2295
27150
27303
1266
2751
16505
14936
27207
30150
26008
29351
15256
16215
19347
1771
368
26150
28002
24842
11691
17901
25571
29246
31019
20056
20777
16665
18892
8479
5655
6343
13465
23409
1582
15764
28736
3737
3492
19117
19395
11228
32182
7467
32113
26528
29503
28749
24085
22484
2952
3845
25709
20875
23394
16055
29917
18922
23666
18237
22885
15941
17613
15406
30161
26501
31941
27488
3119
15565
9986
5291
9606
2397
28372
20208
29381
6582
4295
15962
14842
17406
20856
32740
9156
20391
22184
28188
32011
76
5775
8998
16622
18395
20850
23555
32509
25593
18808
8468
29097
27298
11450
22489
22776
2576
26009
8703
28030
32735
17748
11674
32648
2926
15578
23215
5786
24456
6108
23029
9500
22340
28199
10460
9296
29225
16177
3791
11399
23446
27633
32694
23957
353
756
1984
11138
32191
4782
9311
25474
22628
30222
11924
32039
25323
20309
14956
3030
13431
9511
4043
25720
2203
21986
8296
19313
1399
21808
7961
16086
11556
26584
7249
12506
32339
20954
19430
18058
2096
10938
22552
28347
30093
19484
26064
25920
21308
3729
11813
30304
5564
18609
20772
5767
8729
17514
17873
8763
24077
7831
2921
23122
2923
17620
32746
28770
29373
1425
32725
14202
8492
26214
13107
19727
15777
13478
11222
20025
14634
1079
14561
27936
24223
4257
5003
31408
1413
13412
18719
14485
27698
27279
1607
1891
32050
3726
10123
17684
1002
20036
13077
28600
5243
602
8119
24680
10986
24790
3375
12924
17789
15855
20905
11006
32360
20255
133
13406
26792
9339
20059
16998
13360
19520
30268
12913
23875
21678
1083
31704
27425
8217
10540
17582
485
16189
31660
11949
19374
17874
19042
28783
31997
19808
25476
3810
30814
6741
30108
19190
21835
5973
28044
6040
20045
6865
30159
11236
23140
10971
31491
1430
30121
13112
22948
28610
23858
25015
6427
25030
16950
7362
22519
19068
14449
18483
19834
7092
25546
19561
1111
10721
10548
5018
12986
13330
26322
29034
21385
10276
30558
10429
25833
30518
1227
970
28677
3678
28201
12914
15883
18330
17610
25295
24182
26378
9379
18447
25235
30812
27636
899
29246
8327
5676
9203
7661
14268
15879
12085
4593
16281
2809
27133
3832
2465
3535
20983
19413
8681
20628
32275
9348
21011
7601
22817
14952
20608
16985
27293
27096
28610
20516
8652
14554
25168
8698
22280
9006
26238
10291
30551
26511
28332
16380
3651
14901
6589
6653
8678
158
4043
29753
5445
31374
5912
11061
1247
31829
30024
26204
20869
7760
28878
25506
19819
1458
1701
9832
16256
10884
10304
3487
12539
16107
5571
5425
14646
7082
10355
18076
15296
21991
8555
7392
19630
25138
20626
24476
12081
26819
10185
14708
8814
12035
3689
3509
28809
14927
2284
20796
29699
4088
2282
27284
1863
13966
31048
23902
4735
23646
23212
17654
11180
18233
1075
25171
31990
29047
23655
16687
25920
30780
7787
14440
1792
16122
32633
18855
14670
27703
18575
9279
3899
9105
14436
20312
26979
8447
16801
16204
17862
6489
31054
23121
16851
1051
18826
12377
710
12902
15488
27190
30772
22343
29590
13314
11492
25916
7911
9918
6625
25844
2292
30009
12237
10583
2710
24627
2680
1222
31544
13763
690
25508
28994
24566
4701
28693
26328
18105
16070
8965
5829
2297
32053
26221
9650
20744
17858
11473
27548
18499
18539
8718
29061
28146
30820
22866
30569
21871
25006
7276
5747
3979
31979
16454
21361
17197
30065
8879
13702
14652
5533
13662
13598
24511
19817
14900
5927
2115
1857
5314
2175
25981
16147
21771
3496
3121
4006
24459
6851
31571
10796
22136
26556
28523
27674
10311
21698
1342
1847
26482
29434
28586
28659
20345
1396
17618
1531
6951
3678
9851
11018
4118
15479
18870
15362
25461
19655
8640
8251
23561
13454
12838
25371
21874
10106
19500
3047
2224
19996
15216
10200
15845
16541
9675
14962
19292
6573
8824
2065
1483
13757
19576
28357
1493
29294
21556
16735
26323
585
21605
22732
25300
10416
28209
20386
28642
29204
28822
7161
17032
15465
3852
31612
22929
9175
27494
26048
30481
10163
30458
30932
10922
7085
28417
5145
20744
14667
30785
5459
11438
26006
7657
27649
31733
32531
14268
30442
12369
18420
31601
24569
10967
16528
15706
27210
8700
1553
9285
26245
5280
2412
21664
16747
28235
12951
22240
24750
16566
17398
15651
16902
13965
4630
19475
4225
9075
25501
11022
9243
21831
3457
24453
8078
2725
8057
6050
8299
12976
13489
2094
13674
23055
15554
25009
3838
26934
20705
8411
7725
6119
26966
15906
5535
14840
1841
173
245
18774
9784
30833
26204
20810
2851
25498
9825
7931
16908
812
3591
23349
24865
8938
20246
29032
25500
22647
21175
26612
12533
15803
6718
3491
9301
10888
8775
8311
10319
12669
31748
20903
15051
25643
4309
19172
27970
8823
17433
6368
13617
31039
26437
7953
8391
21569
13363
30899
17377
1848
16828
27404
28985
29255
9864
19699
5082
17819
15909
1939
15576
10317
17495
5229
14653
18053
15023
7324
17478
2789
19551
7517
10704
1829
9293
13774
27917
20474
26982
502
18299
20541
21813
9990
5143
22345
6324
29918
31438
26277
866
16595
28724
739
8341
23984
23928
3015
16146
21754
1176
24492
5851
17785
29905
20004
328
2803
9050
7647
30553
4923
31825
10702
19019
1131
32758
22919
19049
6253
16407
30956
20517
20928
20939
13063
23399
28024
1891
13369
15653
13959
1694
14228
32564
7740
3868
901
32350
15881
1301
6582
27316
9865
5195
7730
8741
8129
32573
14795
6480
16039
28318
31673
18071
29664
21765
32387
17269
30670
15078
21539
6161
14282
1729
32101
25875
10414
5529
28816
24502
8855
14248
29512
21534
10729
25937
19379
8685
18835
16470
3291
26385
25236
13643
595
19679
5310
20811
32542
11110
9401
8169
5068
30461
844
9577
28646
11295
23000
18737
29324
11641
16421
17530
11869
18496
32609
26955
25751
21192
1638
21928
15231
6483
29500
26375
13316
3367
21983
515
8863
27107
4162
596
12157
17682
30611
26367
8672
15361
6849
3786
31427
13262
21052
6387
8893
24514
31996
15905
12071
480
3780
13723
641
6590
21416
31416
19474
30100
3277
1687
10959
22931
19056
21007
30590
12664
10025
13289
31259
96
18545
28493
3707
734
18531
1659
31791
14155
27839
9660
1451
16477
20276
14999
29352
22011
23263
2887
6598
14416
17167
25197
11638
22815
22347
8963
20503
12118
22678
22673
13151
26853
13297
6051
18173
28368
17954
17018
14972
28547
3252
1538
22123
25447
26687
8964
28859
16306
21481
22429
104
19331
13869
31983
5212
19246
11995
11542
12688
30164
1632
1373
23668
26936
8776
22706
20881
4045
8961
26200
12652
11540
3810
26844
9134
1060
11883
4426
13699
19594
32207
17056
30528
26964
22447
8579
7496
5737
15657
19505
10288
28
24337
20151
22561
30976
19582
10084
28542
16893
27273
28541
2247
6307
6481
31794
958
32703
10819
3025
19912
30252
2968
21306
2453
4076
19742
32659
23043
9591
25148
61
21568
3411
17712
11526
23855
5093
24476
7328
30222
9607
23617
16210
15445
24283
17930
4589
8417
30558
6220
32002
6737
14912
9292
13394
22193
371
28674
10886
12374
26370
29212
27936
27144
8356
20294
31922
30311
14737
31913
30029
20103
7828
27569
6973
7134
12385
8980
8179
14688
20522
26896
13123
20456
6765
25332
13520
4570
17424
19937
6596
23046
19887
13522
23236
12752
309
18394
32291
654
28073
14509
4693
30258
21835
16482
11431
19241
16864
12919
16430
8067
13130
16662
24829
30547
7259
22166
18331
601
8683
10309
10421
25822
20520
26213
13583
2016
14894
11636
21952
13423
14296
7345
30879
32343
13781
13787
249
16895
19454
27196
12421
14737
3558
30950
7321
27995
18867
573
925
886
10541
29877
5825
12965
26901
14045
3051
23679
6840
12957
3059
4817
9156
9659
20755
3134
28761
23460
2457
19496
2915
13418
21215
468
4392
7433
24701
25288
12317
23790
9149
1144
11262
23738
1872
31010
5917
19011
4927
13303
13819
15835
3364
30843
16661
17622
26777
22830
30976
30022
7153
2412
16568
28425
11558
1682
12854
28166
2835
23650
24896
20915
1763
2217
16517
15835
458
16926
23785
14494
8947
9870
25374
27065
10681
5174
9076
24327
12313
12913
2034
31304
29031
28051
12453
27682
26945
27156
10808
24677
24258
13041
29381
16275
12279
10063
16619
10656
29079
27489
16673
3574
14062
24717
15689
1212
5659
26826
25225
19800
15483
31053
6486
5682
10085
16484
9169
29115
21784
25250
30295
7343
497
4924
32339
31127
17890
2995
19287
26001
9759
9907
20076
19027
28442
8764
9126
4462
27314
19711
6651
23760
18087
8971
27988
10381
16210
7592
26341
14815
25235
14979
22458
32619
32522
32268
8595
18117
5002
29981
16882
27447
21194
31196
4978
25022
3934
16354
14682
18006
9190
27549
26994
20087
11142
14578
2070
17632
7830
29991
19080
29331
10138
20481
21387
6433
17524
18473
32301
25127
2008
14036
19172
26649
3841
16035
8924
15422
32674
8648
26000
3580
8736
17259
29848
22358
27646
22604
12737
12979
3737
2729
9059
15841
24085
5474
13039
11865
9367
6747
14792
31429
13748
14370
20564
15807
22058
8914
4946
13788
19406
17463
21358
1769
10694
10034
25362
8308
11512
12895
30336
28047
15554
30198
18974
12752
25580
4335
784
14236
21979
29034
32268
13221
21511
29773
106
434
1967
10287
32635
7839
9163
14197
29212
932
25410
15802
24715
18138
14173
3189
9849
9466
14971
8917
7008
22632
15111
23792
5398
24945
29352
7709
30883
9169
15799
31390
19792
32121
26358
9347
1536
14991
23423
8138
29891
2741
23290
459
7337
23438
30739
16340
21972
15486
32044
20752
30673
12210
2382
10157
32297
3169
31078
17725
23346
22097
29102
28253
27947
11932
7017
16789
18824
16820
27347
13696
21131
22181
344
16941
19220
25498
4
14788
23738
19363
24123
5229
17434
10677
6314
13165
5999
19699
19581
24466
23396
18987
4818
1746
23078
18084
12398
32047
28860
24599
28079
17630
18075
22011
10946
8615
9077
22533
1046
31631
22355
7664
6929
21685
26851
11386
22273
22138
32275
27567
12885
14820
13022
29289
26637
3909
21094
11032
5487
10519
9796
13759
9212
11819
20508
11071
4002
5891
24948
9688
23859
6780
9670
13037
21782
19887
21203
4615
22077
31514
4923
25885
21846
29947
8011
13843
23622
26365
22550
30080
7635
27414
6343
22196
29088
26032
12853
11514
19551
27911
17592
11802
2114
16338
27708
15906
4530
3877
29331
10342
19524
8086
31760
27078
17385
1439
25169
28719
32357
323
12636
29541
258
15604
31470
19199
24197
29621
29711
26035
24929
17020
4330
17875
9771
10458
4828
10008
14926
31965
15563
12703
4864
22070
8633
24113
28788
13463
16792
28615
337
25951
26720
9805
23140
27769
864
3751
5777
29825
24785
5106
13072
2601
3505
13836
31702
9948
17871
2390
7248
20129
10786
25528
10327
17729
12638
23270
12641
7852
1737
30690
15348
11929
19275
17347
10593
7021
27845
4532
27054
6238
1956
10815
2516
2776
1718
15308
29227
7967
30012
13412
26914
4151
14144
26811
11827
9985
7209
11374
16662
13478
32652
16265
10549
3128
27717
13644
20833
16279
30151
14383
19395
9106
15280
20259
4629
24399
19361
2075
5650
2797
21836
11211
13866
8551
25806
24239
27259
18876
5952
21328
15869
15181
32136
29123
26620
16774
8565
6258
6604
8896
24844
23071
21688
28262
5148
23845
23611
30295
12313
16385
6259
30604
24102
10002
31954
13819
14196
22429
18199
4027
7115
1044
10876
19304
22118
11672
15153
9673
1284
16060
11786
25264
30012
17292
16501
25890
27665
25294
23726
4792
3014
31879
20022
1605
19444
4545
6785
21945
14297
22924
20974
28486
26355
10051
27901
20929
25549
1552
2493
9290
29978
11698
7555
28975
32000
13438
28385
2062
25270
8868
27606
19258
14929
19124
12355
27744
7899
2913
20638
23659
29350
24196
15594
29348
31199
22884
20455
3870
870
564
24198
15441
5085
7901
23455
5125
18176
24830
25574
27506
23348
4913
17948
2725
7010
11153
23426
29477
6917
26489
17555
31191
30850
21646
24050
14367
6585
27391
418
6216
5849
7435
26741
294
18296
32708
16327
25849
9699
28947
18283
14229
31922
24317
3046
4032
4768
5156
4315
30684
18586
11665
32711
12742
24086
7600
12015
29181
20390
24732
5270
22023
973
17821
31346
6672
14865
29168
1377
20949
28753
198
25945
10432
12889
25742
16797
27988
1972
28023
13623
27596
29633
6449
28578
23551
15370
4084
19911
26247
26832
29380
32555
1314
13291
24307
2918
16984
22993
19175
19415
7263
244
8222
11670
3899
11089
13934
20394
2601
26181
5266
20860
21566
11427
6626
25996
9292
12037
30050
31843
28677
30303
3582
7113
13923
5338
16404
13879
18759
22751
5171
5775
23136
13937
21283
13323
20302
23233
6949
627
8455
7676
23163
4756
19066
18280
21291
5869
2675
22447
3073
8363
31935
19835
21203
10456
20112
6210
13320
14799
4643
11620
2907
19699
30111
29555
4573
12448
24897
30673
3385
2658
16566
8833
1084
18789
31688
23607
7317
7469
25149
23217
1497
17543
3836
1866
5578
18624
1650
13261
31192
30996
5172
4487
8680
14953
11238
7840
18517
32574
20827
32171
15156
31710
19453
27515
19165
27353
10608
18232
423
30132
21362
24755
2290
5600
15622
247
24427
489
27345
24865
17547
31472
23236
881
32097
3675
3835
8864
22162
8139
16357
11124
1950
20302
31142
29843
23396
4055
10425
10389
16873
491
23002
5724
12117
26268
12579
23464
27710
16059
23669
7654
15145
27210
1305
17737
30542
23600
1191
28188
4252
13872
24871
1111
2301
24860
21623
15728
22235
30022
25325
25715
20707
1848
17724
11349
1801
11429
10652
31878
11468
19871
4133
27589
30907
5641
18044
23864
7480
6992
18098
29628
15996
2646
32105
20346
2523
29103
15161
18875
21065
31760
21842
8957
22046
12036
14690
22341
4630
481
30905
3256
17820
24827
3755
20581
3144
28951
26165
5478
12454
10019
25316
10791
7225
2084
28915
6149
2239
9583
24755
8475
22199
10524
4400
20568
11553
1720
11794
20437
18053
9274
1217
31078
3894
3896
13517
21872
30936
4699
16268
31738
10016
16145
15109
3078
23003
16257
11276
11553
14386
1220
19375
20281
24876
9554
15313
7343
25972
32698
28437
21165
3677
30103
18430
29626
5667
21183
13140
2187
13684
13501
16841
25372
10798
1666
1244
6144
7019
25687
13054
8694
32443
31766
22259
25532
25264
15770
3708
31784
17056
28532
7219
8308
18342
31711
20662
28890
6890
2551
3847
31584
11554
14117
28723
24822
5977
1246
18994
20670
30959
20109
7695
19883
30434
23501
12617
29261
16459
25308
22136
9963
15404
3916
10547
32211
17512
24828
16690
10734
4627
30535
8368
17303
16108
7291
25107
20397
40
9613
26831
15591
32370
31243
6536
19304
28463
22609
23927
4756
21254
10752
29966
6433
32160
31916
24031
13169
19116
29397
20410
7199
9255
16665
5397
31448
15834
2983
17073
19820
10788
14327
4731
26404
11257
1721
26033
31319
27179
2571
12869
24632
26600
19438
24454
4850
26245
14587
22013
3575
5241
9042
18069
2196
11693
29140
27904
16074
28915
20370
20821
15449
3795
28548
19710
24093
30094
14463
22225
32157
7773
28001
23165
31458
16378
9615
7976
6277
2657
10657
342
24076
20440
2139
1037
29815
16173
30687
32055
12565
4927
22306
24903
17052
23487
25501
29215
13433
17208
30533
21809
15461
30285
25276
21733
1593
4163
14281
20795
29187
12479
6150
9138
30809
7888
23512
31336
10477
7471
9636
28290
30562
21446
13632
22990
19038
29296
4008
12199
225
28928
20211
23834
25045
4228
11909
29767
10726
459
10117
9993
11155
21796
12690
21721
13701
5993
31665
12271
13088
16444
12682
15787
15193
21905
8405
13876
455
26733
21263
1887
24060
20204
28529
32466
23829
16265
31010
24425
4496
12698
15788
26072
5470
10010
1965
146
29241
17323
27087
16106
25656
21723
13817
15224
10913
12199
29895
1471
23294
1854
28984
20236
27251
8455
11431
24225
24910
2532
20221
4371
27872
12473
26404
26353
17292
2600
4031
26278
3869
8607
19480
21921
20828
15253
12633
3251
30435
27920
12288
27576
3116
19563
4493
12409
18669
8022
32381
13521
26024
10782
8316
22543
28541
1071
13527
6044
3652
5591
9008
6878
28888
9036
27765
13915
21429
2289
1555
10786
21958
3285
30054
8039
3960
27004
16244
10605
8211
30179
220
19881
9546
3774
16905
22308
20753
9476
23467
31009
4526
5549
32616
1280
19
11963
14542
14178
2155
1399
31373
24718
243
509
3043
27667
8971
17402
27223
2991
6797
17589
29610
2416
8029
23116
27659
1305
19777
64
13450
8391
11763
2356
17871
24788
10613
7666
17164
17148
20645
11695
14640
20670
13841
13200
24158
12549
18700
30061
26013
32008
26370
8148
15057
23663
5896
25425
15082
11447
9143
30444
15451
14295
1851
9204
31693
15908
23975
16123
16661
22386
20875
12834
20580
28540
14025
31895
31678
24966
18340
19291
26798
30528
14362
3913
24119
20206
4980
13396
12045
27846
6171
24080
5126
31641
1453
19828
2763
182
4432
21470
3283
1804
29767
30551
12946
1422
18627
11288
5869
1244
10491
18254
3826
18463
17534
3867
2502
32052
24520
3037
11486
14350
29204
32434
114
15701
21874
8508
16431
24659
15641
4769
9261
30737
26110
5590
13856
12221
13734
1310
1746
13903
15160
7885
22481
4461
18134
3922
3428
6027
2861
23668
31940
21846
32075
5596
27273
25171
26289
28372
19811
26819
23978
9550
10506
25803
6107
23080
5496
24273
19226
16046
18005
9513
4228
15201
9907
18673
32201
29687
23803
25145
26827
19618
19239
24424
2408
21653
24370
25562
28051
14789
18381
31182
29610
10732
24916
7040
16131
17620
28416
22418
23241
978
29790
5296
32518
14992
17152
14452
11264
5392
4210
13703
4041
14062
10351
17674
27154
24550
3925
20276
25152
14741
10455
18236
962
12932
14066
32377
21665
2658
17698
13000
14936
29585
21461
23598
8423
28133
22560
32190
6179
16040
25521
32189
23376
10721
2309
18693
30449
20693
20443
17831
223
22991
19944
22740
5785
17693
14284
1022
5595
4955
32325
23866
17266
8436
19362
26345
21582
23269
30075
2711
3289
12484
13984
15139
27271
26625
17743
544
2990
13421
6570
31868
18841
14840
30823
2655
14552
23487
5578
13910
985
31814
25808
6065
21437
4865
26286
13354
15204
15130
3705
9415
22730
8046
3367
513
8343
26585
6582
23333
2033
2995
2475
15611
149
11674
19902
2982
31526
25714
9940
13259
25540
5547
10029
30453
19681
17602
21471
22328
15440
31755
31363
26133
20127
12973
3886
31390
9383
21486
9891
4826
20321
19377
24774
25707
11772
15420
22356
24686
29228
16703
25810
11939
16068
25618
22467
25550
5255
9535
26142
30557
315
16192
29951
15434
17664
1674
2205
24899
25056
2762
28796
15369
18855
23918
996
25622
7669
8551
657
24706
13969
18477
28076
27943
25088
8196
27898
6916
5207
6015
5204
20447
30797
23106
7511
26926
5780
11019
26972
1592
1898
7924
24490
15736
25195
7666
31723
16706
24745
19618
8413
14249
25854
17221
842
18847
24225
13832
16698
11614
14840
29322
31079
12295
21421
22168
30449
649
8708
9275
17747
19909
2156
22260
16534
20976
2388
24134
30149
5432
19007
24949
26528
26026
7707
28814
2964
12883
2510
18087
4843
32677
30483
360
21569
31517
2436
29130
26935
29219
18935
27167
21611
12338
7182
11603
17319
2104
12810
25457
16984
3392
29408
14184
28738
15950
1679
528
4211
10634
31920
9832
1141
19105
16719
802
1992
10345
21497
7521
16271
30148
29974
26817
29322
14790
15738
20632
32068
17178
21558
26235
22158
27297
14004
23044
14379
26973
18179
7635
16333
17806
5231
24019
7233
6938
4693
10942
6886
17202
12597
32484
10595
7987
3593
40
8089
2762
11221
9035
26071
14684
27520
5229
19277
677
13794
2256
8388
25247
3102
24032
27532
12453
29234
10608
17589
20952
26572
8007
14466
27330
25440
28635
14874
21561
887
1116
32641
22406
27210
15348
22983
30151
30607
3662
23935
16018
21651
14165
28531
31195
1673
20542
2454
10520
31521
31176
19514
9122
17245
31682
12163
21087
28833
32206
26908
20126
18441
15718
23080
26690
16382
25884
6524
22307
31756
26918
28171
7089
15086
3353
19873
21211
27371
30453
13269
303
22630
29538
25913
6466
10928
20281
29395
16722
8992
27206
4561
7210
21094
26445
7032
6470
14364
7498
18782
4152
158
11773
473
11082
21788
26022
18615
25957
29165
18446
10287
7985
30502
28358
9752
3966
10092
7347
6489
4835
2310
10955
29601
7844
7478
12825
21336
23257
8650
5895
29141
10189
4334
23004
16849
4773
21316
20612
21019
32066
22583
11664
18574
32104
2188
30845
2369
14111
18233
23353
24061
13913
29819
26851
12788
3030
10019
16850
13743
12613
4144
14554
32585
30892
15523
24010
31451
2825
10639
4409
16183
14906
24176
1411
6873
10778
445
20750
27930
5357
7105
30162
8103
12030
31654
536
21554
28038
29395
11905
6759
13520
23160
7499
16930
12699
5990
7888
7647
25024
4133
8015
18802
4116
18752
8687
18680
18320
7140
27905
5133
431
15017
19334
24895
5144
30896
2033
17859
8573
1774
1070
32103
4547
7111
4834
28360
21859
14559
30197
16325
30736
813
9806
3635
18074
24913
18653
8402
3090
21543
29919
9344
10799
15772
12125
18861
4336
2496
16374
22031
22915
28189
17119
32407
2150
13128
7208
7587
15052
15541
12353
6517
17218
17103
1468
3812
31122
29512
13396
5201
16871
27566
17711
10461
3891
16960
26720
9177
25806
4351
9136
14463
7008
14088
24222
25055
27904
17440
28580
19227
3229
17041
3772
2007
19613
21301
20771
12524
6341
20432
4701
14684
18265
26530
28281
3979
1412
27197
12694
24236
25337
13461
24742
1145
16603
29782
16242
3879
10203
13690
30687
22425
18848
28186
18031
3028
12651
31876
20490
15795
26619
19343
1279
18907
3758
4395
13638
10994
13802
23356
14856
3340
29371
24233
22624
13670
30653
15535
16740
4695
13629
12924
21343
1923
17563
26361
97
19026
8946
19175
32250
25249
32507
16173
8770
9143
7727
30064
4636
12666
7468
16101
9404
26082
3930
15715
8295
10927
16846
10941
13434
6999
9583
10830
21678
835
9303
22741
22938
3130
26236
3716
2682
12574
18831
1875
29742
18646
4132
26010
12678
15755
3092
17119
2236
17431
18463
17132
578
10170
29910
23845
23742
32271
7353
20505
596
22335
25500
29527
25379
15989
21839
23427
22802
7826
1917
1193
30924
24353
4821
30416
29705
19853
10088
6355
28944
9873
16466
9580
31609
21489
15005
30354
29240
12904
21346
6917
5847
29665
20785
27175
8707
29162
23731
2573
330
1125
19598
7126
8739
12416
26761
571
28207
17384
26609
30312
23742
12346
12091
24330
15765
15035
4330
7594
8431
21576
5556
17977
193
11664
4064
29932
3906
23424
32242
13898
20139
8191
138
13699
22075
10972
26506
9475
26751
26372
6775
5447
16080
10233
24610
11759
11805
19327
18823
32021
2283
9113
17397
20702
25241
15539
5743
20302
6121
21537
20051
16481
16572
4808
24377
15959
28445
24603
31262
16463
24449
24906
24514
13079
32333
30901
12878
5187
26265
22951
2618
17276
15924
1089
21102
32283
4840
15796
12199
14583
7423
22708
30493
19578
2821
25129
30819
9979
15056
1575
7822
31047
958
16672
11417
4481
30270
12632
6408
22573
13458
7322
19660
9095
18643
32298
18791
21785
7221
12538
31312
30092
29580
2592
13721
17087
5391
30600
12239
25622
31580
30438
26402
14613
14781
30959
18885
30253
30122
1225
7064
981
6543
12224
24325
21469
9423
15674
17703
8447
15624
31469
26930
19640
25753
11599
23311
20310
31329
8270
15686
28241
26314
12354
31265
11486
6662
24352
21519
10946
16281
18928
21830
25956
19224
4737
25260
3879
16944
4443
30200
28918
26601
25589
17172
2593
11564
11048
19654
25191
2692
3556
11408
16980
10017
21538
4565
17869
28962
11801
15420
31977
2836
31669
30042
3842
12981
10309
19851
5132
1278
28276
8224
6182
17249
6266
8896
32111
32336
4243
1032
12315
18686
21936
23925
24774
23145
10349
31876
14599
16280
1092
18199
15945
801
14592
16155
22230
28143
14452
26984
9525
17730
27756
7144
11702
10743
10468
30460
31307
32010
3704
3611
12441
27993
28956
957
20047
4779
5901
7287
32695
14832
25608
3431
17547
18123
17593
2514
22281
20045
28278
21516
2377
20228
18221
21912
3279
10804
2459
657
22621
16996
31167
3144
8202
25372
15759
10031
5016
21998
11753
26614
22275
18611
13260
31731
26966
26903
1480
16583
28098
22872
22963
32575
2801
25162
24222
19832
21656
1695
4871
23623
29516
23397
19281
13271
32406
18896
31857
9108
15689
7738
7913
26952
16403
2152
15866
21380
2643
28943
1813
25410
15658
18582
28052
12488
30933
13086
13991
6096
26682
13760
401
28389
10944
18709
8212
19984
4196
29948
21289
10420
23562
22935
16373
16055
16
18839
12537
10466
2345
22970
30601
1163
11113
2449
383
625
9628
27015
30512
23783
28380
25119
30111
31029
25187
125
14577
14395
23965
27688
19233
14935
1153
27150
2805
6793
8226
4297
7985
25813
19329
4640
10762
19433
25254
15825
20701
25088
26607
8590
27681
22790
21415
27205
29595
3581
474
27300
31440
25503
12904
27357
20928
12357
20313
9638
7633
17159
28016
5764
32522
17445
15107
32074
5505
29862
20746
15068
31511
4414
6773
27449
1378
23669
17859
24761
25579
5126
29904
25747
28314
21893
7918
24737
14446
13893
22840
22120
14961
4729
31011
18259
10988
22425
17750
29247
21719
19976
10428
2620
915
9715
7127
19090
22236
19324
14423
3075
4857
17944
10987
16208
16693
10037
30551
28927
13459
19489
17095
14938
18110
30503
6242
17339
24895
1019
23587
15367
9970
15192
24548
27001
20923
2535
20156
14241
6261
7779
25227
26284
12587
13051
6099
16357
17291
1527
21450
29564
24471
17823
12461
902
19614
29528
25686
24646
17515
529
29969
6571
28348
13277
12460
18969
12534
31457
6605
7789
9750
24945
16264
7995
21227
15734
13105
8025
27267
13075
4207
29602
14051
19080
19346
22516
31226
7510
14887
9595
23256
24228
2505
15922
13084
17121
6458
20902
20651
2731
26546
24318
32680
13551
3702
6200
28832
7250
30893
2741
20228
976
19823
12536
7133
22179
16416
20907
8379
8039
15100
20450
3822
31355
6130
20644
7929
1962
23478
22952
17476
7947
10002
19804
18705
19749
21117
26667
26289
23127
26606
8960
11768
24952
28402
7942
21486
14778
16125
32435
14023
14292
19453
20484
12054
2656
8501
27658
317
13697
32329
28581
808
29130
19093
12688
19003
29275
21187
22941
30088
22093
1181
32066
26694
18769
7455
25941
2174
6035
31953
24852
22024
14565
5716
19048
28086
5913
11066
8043
19663
5038
19227
21799
26815
4272
18660
18337
28428
217
6771
27414
16780
17148
22113
8836
726
19620
17439
24428
18166
26616
12869
28374
15461
2273
1830
6039
24888
32111
16296
28111
6295
32121
20563
32693
13425
23940
7335
16279
18286
26854
30899
20252
21285
10028
26851
4045
9872
4280
5146
7379
188
30383
7168
4610
19397
8722
20382
17431
1026
28202
27688
20030
8061
25130
24601
6360
2470
3600
17541
15738
1864
11980
171
27705
5819
23972
19403
13861
8284
20183
311
24851
2874
25472
31403
10400
2578
4798
25825
4210
13438
28178
16993
11201
16489
17672
4247
32278
28614
11290
17191
22867
1665
27345
2437
23796
23734
5421
4800
31380
24866
21575
17310
9139
8151
8757
4846
1206
8499
32046
26
28975
13586
21998
22524
25951
32323
15708
15346
16634
21049
5483
7989
7977
16643
18750
11878
28629
22911
20623
21866
13859
32202
593
22392
4155
23546
31380
11632
27726
24336
6058
7791
3799
11304
21128
18080
20001
32755
30318
85
9993
103
31691
25430
3845
22197
2651
20088
10085
9596
26258
12146
13785
12092
20029
31981
1588
16653
2151
5850
6511
13713
11385
264
17905
9255
25766
11254
11533
4193
12166
16358
10701
11705
25857
7730
7406
2943
623
3299
14891
15638
509
16512
15039
21088
16723
14372
6437
13431
15220
8147
14882
15006
6629
11534
9989
2935
24849
10661
15662
7798
15340
8397
30413
29077
10967
25202
12524
18249
6596
20687
4784
181
8602
11323
31195
26654
30939
20806
4246
32672
22404
7428
28782
10271
21044
27561
30364
13440
28817
25942
11657
15640
743
3379
28561
18276
31507
18110
9991
5627
19616
17763
20346
13506
6191
6732
7223
5471
9756
21626
26639
20464
29790
26389
21083
23548
23471
18944
11581
21929
4078
2225
8488
9008
32705
13120
10658
3727
22398
26045
20296
10110
11084
22983
17171
419
3205
13914
16091
8969
3679
4585
20249
14031
32204
23213
27121
22557
20638
6460
30576
2396
4079
16733
12050
11175
16832
1307
28295
2684
5600
24088
28086
20408
23056
16676
29699
29634
31076
12302
29389
32262
2796
7610
10555
10661
13204
22644
13625
17002
24393
28292
13757
19969
5469
16643
25167
21859
27693
14573
15304
25237
24577
21111
14938
1682
4403
29346
7376
31622
11668
15120
15639
14140
2315
20502
3582
474
10623
17684
9786
25804
18935
8961
31917
1534
6400
15690
14824
17230
13904
18653
17134
8769
13224
27008
24890
26612
7423
10600
11268
27990
19420
3847
5825
917
2564
17701
18665
31958
18261
2354
8956
11561
26354
21467
5319
30652
26528
28635
10468
15439
27504
29460
27008
14567
25247
19934
608
13255
23994
25759
17446
412
19205
26524
27857
15352
8990
23822
22916
15361
18654
4473
1416
11627
8320
25145
31379
19875
8709
5725
5707
11085
27350
14777
18694
31217
4780
11831
12756
19953
18349
26478
15295
21695
30168
1142
8273
23884
32162
15354
29527
17604
15841
20110
7141
7032
29930
29507
24218
5660
15606
29305
23845
7986
10187
25333
12040
7366
15768
15668
30620
15964
25376
14590
7510
26407
27418
10558
1608
2171
22232
18960
32235
133
2600
13596
10267
20794
30328
28707
9571
17293
317
18903
19579
19173
10645
30960
7439
15566
12586
12668
20418
12526
19546
9334
10099
7484
7574
7579
26559
620
8
13177
5319
15533
25977
15817
24627
19607
19313
1534
26487
11359
2976
26142
10068
1358
2940
18897
18594
22897
3884
17848
10830
30097
13221
14591
19615
16229
21523
11574
445
13319
24186
26716
1907
10917
23453
25917
28212
12153
11807
9727
29020
2811
19688
5367
9401
18773
31946
26561
6986
22039
19812
14479
27462
44
23879
18881
13152
31245
10584
10166
1354
10804
27510
7394
22904
24532
19548
11297
28710
16327
27848
1355
17308
32199
2525
10249
28593
13794
16581
10471
12942
31272
13724
19626
27316
26791
8585
28131
13889
23961
3118
24772
5998
5595
13379
18739
16989
21921
27517
5917
30738
26473
27061
7437
4799
1837
23366
29949
10052
3549
11959
10092
24566
28940
26010
18608
29855
27370
27827
142
25543
24178
16221
12296
20786
19428
23082
10614
11690
26998
16586
11992
3071
13382
6958
10859
18251
3476
11756
21882
24186
14382
12774
16759
10506
18987
20263
30538
18704
26332
16141
8425
32380
21760
22957
28969
16285
17719
4723
15828
15080
23738
10249
32763
9717
22600
2938
11917
32202
23396
17048
10025
7260
16317
18843
6449
18259
30958
14346
10016
7182
24679
11487
12829
31975
32171
17894
976
25528
7869
9830
19060
15774
21716
20739
6957
13308
10582
22755
28316
1731
7940
11792
19377
23537
21362
2333
5313
10328
21691
14861
10969
5537
32626
24176
23377
2448
30940
17103
19364
12938
6492
29514
22399
15700
23342
16256
5399
6173
8536
13743
29632
26303
27358
22812
10428
3138
17974
6070
24144
28065
6395
17142
22813
20945
4070
4105
1966
768
19193
25393
12366
5403
6653
27241
12572
30098
23855
19272
1633
10335
24119
26663
2848
22085
13657
134
10223
4181
3823
12460
25606
27831
25879
5262
3222
24743
425
4594
26204
31678
23660
3540
7541
26739
10633
4361
26484
21985
11327
8226
2994
11979
8665
19091
17893
16861
22749
13589
14068
16180
18567
9032
22538
12065
15477
17565
9194
17962
26788
18547
27266
14930
31131
32128
706
32155
29926
115
20142
456
32198
15831
17842
26983
21031
19259
31030
18959
5074
23440
18291
25575
12772
21202
12421
29287
1663
15595
449
31331
31935
11220
19272
14661
21232
16637
21468
6554
19710
26095
32499
20688
27436
30768
22794
2621
30985
27750
15932
17252
2209
11456
20243
15732
11760
13970
10142
10258
3740
15167
3268
26968
6627
18524
983
10014
31953
15122
2157
30072
9911
708
21611
20095
29146
30450
28258
14165
17512
17502
29215
13923
15792
13677
18301
32485
17297
22991
15230
30121
1075
20834
12186
29459
16374
15956
21335
26213
28584
8841
7194
15933
6907
11324
28477
14944
29494
13800
12897
2741
1578
32105
13830
24469
7528
22110
11865
20290
7601
23507
11852
13492
31406
25885
22764
27548
4833
16900
15600
3491
2012
552
3725
5362
26289
19357
13202
2040
13481
1241
21936
4711
13369
21968
28441
12160
30257
17501
1358
18833
2871
28644
1585
29372
26996
12342
31586
6905
23181
7092
1992
26462
1493
14520
25454
3743
27329
24112
18833
24273
24476
1932
3319
20595
26747
8155
18050
19118
31348
2096
20996
31964
32523
23883
3413
29000
11245
16501
3491
15668
737
10156
16138
29217
3579
30976
8804
13386
11282
30013
7523
6770
373
13770
4317
15071
24794
16849
10598
2471
16535
32416
7716
27690
4117
32592
20959
9696
385
30628
2648
597
7108
22067
12764
24689
10422
18890
22296
765
21390
13836
24367
19043
2974
23387
7690
15285
32573
13820
18672
30961
17156
22645
30550
3716
31037
17722
9720
14860
3480
2953
28712
3682
22816
11155
29542
6360
17006
1500
4402
27583
11804
23012
798
12845
21373
6151
29991
12541
18827
2722
6725
22806
24609
6775
28481
20209
6507
12883
8135
2901
22426
1518
16828
31077
4828
16402
23249
13789
11147
23551
25689
21401
11428
11791
16728
18775
4732
24470
23260
27837
27054
25100
22160
7838
23128
7534
7054
3193
29575
24033
6517
11074
19183
17561
1467
20325
17632
16377
837
1545
6261
20219
26677
5009
25615
5075
5636
15209
26113
31183
6096
13567
11661
29314
31479
29199
22544
3617
5604
6692
11897
29485
12585
24412
14079
31058
18126
4203
3860
27536
19433
3042
8596
13720
14447
30898
3395
121
16714
26603
20342
635
30892
17354
1808
1611
18594
12275
25520
27993
31724
16123
5417
12671
18700
8489
20275
10723
5021
12414
13664
5918
22502
32242
17233
15006
29871
17409
1321
32072
18259
25190
13378
26978
19991
18215
3103
31665
17594
26833
27554
4062
28494
13829
5759
27679
1862
7731
10993
12307
32463
6054
8108
10989
3684
18113
24082
23764
16540
10888
19625
10122
28743
29282
24013
29260
27834
24860
30370
17658
14439
24882
16973
7800
5553
11850
17764
2644
22014
14338
17826
14761
7949
8683
23008
9027
6794
1237
13888
28419
17375
21838
2220
12421
18510
4965
31103
13569
11580
10164
9345
26735
12496
4509
7705
5615
6333
19155
22718
1895
25436
1052
32431
18542
3838
8022
5092
4201
27520
2744
29764
6131
10784
24923
536
23939
8078
29945
6336
7496
27719
9460
6052
88
32542
9882
6510
18186
9755
8871
11127
29344
8585
19467
6526
12842
27979
21486
8608
5799
13423
24306
9348
21100
8966
24504
9687
1994
2610
31397
12536
27371
2688
22246
30196
15101
14456
177
12980
22162
28531
16590
15477
28487
18093
3415
15737
8356
23707
30652
31484
28228
27775
15369
14186
27958
25145
21868
1231
7330
24672
15346
7055
12720
27793
12177
2391
23205
13831
13419
19539
15696
10860
9297
11938
13476
19695
31110
30215
4518
919
14022
15329
25482
20183
4231
349
2840
8034
15231
21482
7509
15936
1126
5613
22880
31522
5373
16310
13722
5363
2639
11443
18441
4271
16439
18660
3583
29304
30242
12943
22262
3303
12566
9269
22207
23200
32500
15044
8924
5673
32506
27662
7978
1020
21387
16762
7619
8922
24883
11002
13858
13923
32486
32317
6024
24548
31624
30245
23199
14704
7347
18043
5725
10034
31412
6114
15404
21249
24022
9
32584
1589
228
18981
19304
21945
23785
9119
3744
21602
25146
265
23174
16255
17078
20311
8340
22962
12621
17740
3533
26622
15039
26930
18851
1312
7078
7886
7193
16163
14263
20883
16165
13103
5701
3862
24408
7074
2054
9666
4032
1121
23066
7117
13582
6513
14921
4714
11252
17345
12429
26945
11985
2122
20944
13852
16016
23898
4086
25827
4813
27181
19230
5066
21818
25790
2085
32713
11330
476
28780
5453
22764
11136
32476
31021
27649
29022
32295
7647
22129
26554
15440
14572
22771
26749
5997
11425
5868
27272
18348
14855
20626
25416
2708
3862
2129
26251
5005
1318
5998
30866
26019
9126
30186
18023
31367
15120
14761
14449
23254
11292
4307
4933
2974
12085
15227
6847
29983
12329
18558
27474
9934
4644
6574
32156
7328
28639
29488
2109
27012
11285
6691
13290
27441
26167
18050
21949
27427
10080
27724
9167
20704
23435
8162
6153
18816
27396
6576
30007
2156
2076
7439
8798
1382
1313
18026
20560
23498
18061
1184
7549
12051
9598
16810
11276
14496
22118
32382
24107
25273
10244
26163
11427
5325
11923
7269
19375
5373
12097
19163
4622
8927
24546
12903
22103
12155
20198
17166
13965
22170
1928
32617
32243
32065
17993
12107
7457
14712
20893
9637
26712
26447
19172
7590
4115
3875
2971
29478
2014
286
25300
14916
20331
18941
18147
31310
20963
25878
20315
4066
20346
20377
2873
31315
1350
24854
1886
6222
1873
3391
6467
6078
237
29424
16872
7404
20295
23660
15629
25835
10815
5354
4261
26419
20343
14160
12424
14988
25514
23102
2664
16686
32320
15694
3590
24614
4895
23450
1445
17915
11971
1919
21183
1170
14481
29601
25336
591
12136
19759
29008
1661
5242
19305
26524
25840
30810
22623
29751
3304
24149
14075
10229
32569
27142
19009
12376
28585
2853
25046
519
5530
7072
12223
1915
28649
9197
19308
10236
21
14750
26101
15052
16548
11318
5027
15010
23234
29755
20146
19801
24364
6284
5973
29674
1612
32245
21755
30360
15269
21761
23761
24938
30834
6671
16776
9438
12682
23464
20568
11996
23687
15120
24389
4073
20519
23323
20641
157
1011
12610
28626
23383
29470
27894
2901
24111
9903
26933
28675
18732
10979
23642
10643
11448
29644
14905
11361
31824
30015
31851
19565
14720
29165
17639
9639
19215
17872
3794
22890
21623
12233
24985
17734
8599
24199
14908
5890
31404
17578
7917
25057
29822
30760
4313
6437
4311
8432
20550
5074
17209
15054
9950
32180
11728
11919
11338
22947
10918
1637
14595
30982
29974
16781
31589
3222
1923
2862
25350
12901
330
22661
22085
9502
10484
12863
26150
28814
24241
11558
29789
20323
4866
22016
32680
5684
5557
5300
2658
20418
20758
19119
20310
28286
17764
12422
14545
14155
22658
14045
19963
18820
19951
28295
2662
26689
31480
15343
21480
26838
2860
22966
678
27293
26897
28317
12146
15350
7957
15014
15447
4235
17607
8054
19313
27865
19527
2046
6146
27372
17403
29530
26051
15465
24708
9977
31352
3538
25329
19455
21959
12038
12082
31719
6986
9479
9935
109
25315
2304
7130
19115
25424
22663
28706
25986
11007
6943
13481
26427
23331
257
23896
9838
6407
24348
23794
13859
10658
11354
15687
27960
27501
25637
1962
32003
8817
29226
4516
23351
19108
2908
490
780
25717
6204
8589
20890
28582
5208
19825
390
2138
1810
7168
2529
23151
31139
2847
25677
24333
3680
19041
32354
6271
7483
30075
23120
16450
31116
21241
8901
7004
17682
27439
13841
26863
29748
2929
27784
7950
26509
2439
7719
27087
16040
23387
11131
8354
18440
22261
3519
9697
12908
11945
12869
25768
25425
32143
9495
24806
5815
30772
20189
3508
11304
5519
18945
24038
17655
17463
4882
17120
6086
32723
6246
3500
7498
23249
27908
26185
31315
20571
8896
19781
19206
29318
4008
23438
13165
18637
671
13445
22835
29375
11080
24148
10920
25332
14630
29825
5899
17989
30209
26820
7177
27452
24459
17942
19585
15818
1091
10763
13450
11064
10138
26721
16055
608
29012
3289
32410
9245
11314
12101
1158
6144
22478
19939
7833
22853
4550
8681
11002
28677
6684
8801
24416
10925
30429
10551
10708
2990
31489
28305
3767
16246
13459
20062
10246
11936
1554
3122
10717
103
28438
2385
4154
8545
18486
8458
23044
8810
30250
8006
30028
989
22573
1376
16594
16651
30117
4407
18123
12261
12038
14978
5345
2300
30196
6756
21884
11180
20648
28993
3648
29331
11412
16079
10199
11336
17482
8304
8944
3146
7322
27071
7815
10295
23802
11112
4967
21823
1836
7230
26862
31191
21018
6279
18193
10162
11269
11162
18847
4589
10206
22445
30922
13194
23028
4072
10979
14879
26576
6334
13157
2255
20317
17020
821
26490
10573
12834
7720
12849
27319
11379
2502
7405
27141
5960
6478
24448
11021
9513
15098
24011
13950
24350
10883
8242
126
195
11496
12365
8849
23195
14700
11744
27837
11942
13277
12302
4588
15158
7196
18121
29585
26622
22234
12429
20622
18796
29600
6222
23382
28217
5138
28591
31566
11070
22644
14708
15738
22921
30061
22586
14421
15024
22283
13669
26368
30565
29960
21595
16287
27723
15436
9712
2305
14600
12722
12320
13183
17820
12815
24068
14630
12785
29553
3071
18712
25522
11172
9273
16943
9825
32763
24398
16612
4516
8780
32071
17519
10720
16189
2761
12080
28425
8638
1676
9806
19897
12247
31503
5278
9855
9380
24714
21702
24441
11166
23333
18082
13349
16667
10599
21478
14196
31769
22257
10245
15392
9527
1900
8018
5952
16132
28096
12645
28954
25468
17286
23233
6200
6864
21697
18868
2750
3942
29640
21118
10746
17185
27015
28341
19517
10722
13799
19431
8425
19791
13451
11650
6860
24019
31165
9713
21676
21733
31656
27400
9251
3214
23495
18850
20142
28709
25757
31880
5376
10846
4007
27285
2204
29827
10127
4120
24482
27392
23202
6010
15081
2853
20868
25889
4687
15912
7714
6803
15181
5481
5865
21727
15823
7162
29238
10809
27458
24927
13837
10980
27630
8594
20493
26965
13958
11851
27043
19861
9725
32125
19583
14311
8604
292
27460
13995
2898
11326
25220
21378
26699
18711
1515
15283
30659
1226
19898
18381
11293
21509
14455
9870
14895
5388
29923
12036
13025
4865
26669
7666
23286
20066
25701
17013
13609
11987
9011
24039
29308
542
22729
15108
15565
27768
29462
16459
4010
11782
22845
423
4966
24991
16197
5455
11884
6356
25106
12267
16596
31021
16276
19448
15924
16054
7998
24685
6585
18362
32442
27295
14454
3535
14043
20322
24059
12306
27859
22385
18218
29364
9126
19216
26438
22454
478
28911
31565
13552
8065
29778
26504
27480
28736
30319
4960
9089
7665
20247
14195
13154
26431
16537
20967
4441
22176
8932
13566
30832
25992
18923
25579
8670
24541
11086
12773
14289
7082
1846
22393
25962
22807
6272
29220
10249
24217
4127
8737
17868
9574
24507
14976
3410
10796
6046
14200
17093
13826
23505
28414
24087
13215
13442
12182
32395
25801
15785
16746
14200
3089
31212
32153
6730
24254
19647
28625
8649
21255
24527
13856
25246
7813
30625
4871
9490
30951
31606
26065
19482
30440
13427
32034
11665
4478
2046
30675
16324
11604
12651
10237
16435
13947
16088
11348
14230
9309
21845
13239
32543
31218
73
7941
11007
5686
4113
30001
32299
26842
19433
23961
19296
24377
31504
5267
26468
7567
2343
3657
4240
22629
18906
15304
28555
25168
8131
9811
5464
16859
2699
21757
6803
25538
24659
12407
17399
15713
13906
22822
20516
29547
15551
9080
21151
22751
4593
11897
16411
23096
20677
18593
4087
10469
24128
5872
5895
15096
14965
12862
32663
29474
22697
11980
685
1247
17078
16926
18063
26862
2989
31501
1669
30212
21951
16408
26592
29121
28510
2043
8251
11747
19359
131
20737
1466
23011
6048
15408
20444
182
6844
13916
6169
16375
24651
31222
13745
15930
12195
16334
4549
17770
23310
16599
12812
29363
16414
1322
23495
7582
8769
9294
25335
14974
5013
23223
31181
15372
24574
6284
5218
14414
11893
28078
13480
21693
19619
30453
12961
15782
22702
12477
21710
11473
15699
21153
19691
17249
13365
6278
27865
15099
17012
7388
10204
12842
25474
10272
13318
6146
22066
6565
24563
31492
16402
19861
28855
16194
6907
9266
7189
32708
8422
3682
29426
7977
10753
17259
20488
19345
12547
1019
7903
31163
29116
3691
3833
7019
22000
10308
1869
5391
9317
24835
28152
13985
9787
29209
6190
15311
13948
24630
30326
5978
28660
16839
20759
3516
27971
20158
10445
25357
20272
7569
4033
8231
32064
12677
3768
13065
21640
15916
27275
28281
14527
17452
24023
11502
15255
27459
6901
6828
20045
15752
10797
27441
12671
10228
30758
32208
5951
25632
10401
13724
11109
12112
359
2183
30249
29361
384
2507
19697
16607
30886
29577
17767
19626
13050
29616
24271
15642
3317
16417
21912
689
928
13841
21808
4591
5384
2222
31773
10012
1260
17157
26186
30529
22970
8483
12702
29304
9658
1146
12499
31589
28808
1927
16518
14341
21703
29874
29322
24486
9748
9334
898
10807
13113
1729
20143
17602
30883
23454
13318
28471
22295
24337
9350
10091
8864
27714
18632
1376
7628
23518
30168
11463
13591
8635
25667
30659
3752
28091
23921
16112
16955
21490
21301
25252
19807
16395
5539
31093
6113
14311
6946
18427
7304
12680
3778
26071
2562
46
6351
13299
28703
7359
5542
2060
19773
19820
11975
12654
4100
28818
2604
15103
24915
28382
985
3711
19065
6325
9653
23822
2985
29395
20888
28911
13992
13874
20901
19595
25033
1837
17114
15033
1819
10213
3557
13372
25569
10724
25145
16013
27714
25344
26466
10204
10050
10626
6293
17489
1777
7048
32396
4247
4322
30120
15249
23963
27359
15574
7640
27025
8155
16264
11281
2617
12584
12824
24638
19552
18411
27241
1218
11433
6860
32461
26555
19853
23538
19494
22674
20129
17198
10060
9169
10519
2166
15791
308
13704
25238
26942
10242
16113
24098
31623
32157
18171
8367
17439
4696
24447
27714
22084
24714
15689
30473
20929
481
26652
27465
13074
20216
11255
9112
28361
7467
12183
30540
23600
3754
21565
11059
13104
10444
17073
23173
8561
9382
18823
27670
15043
11741
28833
26576
18621
952
26101
16481
15779
12409
10128
25905
20109
19182
3803
12439
30918
30275
8478
1612
30323
5146
18754
13856
26229
23773
24283
30443
11152
21075
7782
3527
18124
16498
30414
30076
12571
16501
20534
6716
30781
29230
12274
32145
8929
24476
24022
22163
8205
16064
28340
606
17855
1453
22560
22723
8917
1247
29046
14654
10282
31693
1567
25640
27906
23489
23823
29742
4776
11496
22930
3074
2901
18853
6473
3152
18516
25643
13167
26100
4964
2635
32097
23658
5982
7050
30814
19590
23575
25975
19595
19301
14728
23100
30010
12707
1580
5490
619
26318
1194
9018
5011
283
21684
15753
28573
3416
27439
29635
24111
4898
21908
28812
9774
10584
19606
20955
21892
11984
23045
18255
13857
31560
5618
27335
5183
7327
16148
1837
14827
29765
12906
16786
17345
18672
1570
22656
13047
8336
19386
28043
24733
30342
15717
3370
13858
8720
23216
26821
20251
264
14437
30479
26688
15055
1967
28310
16311
12164
6272
20121
19094
26489
23344
27161
25507
5863
9575
10546
22366
2528
15932
29868
28993
3206
30110
32718
28230
9083
19187
25714
30890
10392
26368
17759
4336
8162
27913
27346
2090
22713
26425
3422
28532
12115
21060
17142
8385
617
3146
16969
17626
12592
11007
28750
31395
13707
32009
27679
928
11903
15017
3338
6585
28391
10654
1765
21050
25705
14406
10403
12830
27304
21511
26917
22413
24251
32493
13906
23715
1759
26772
14954
22387
8808
3657
2967
6988
13822
9836
31174
7995
26629
23320
28340
11728
349
6151
5196
16933
26188
28591
13616
13853
7096
23473
2966
9706
11418
23668
29269
11474
943
15373
11327
24370
3441
30819
13746
9667
13893
6288
21610
24092
6390
29066
22937
25720
29026
7682
19002
27322
10099
11660
24994
16558
1617
20225
8792
29074
29654
31265
26918
23253
15427
23677
13936
8222
17969
3477
8645
8336
17098
20029
11188
20813
11832
22341
25057
8504
13406
31576
2392
18944
19910
8229
17184
12890
10459
21181
24340
17805
13145
31548
20718
25652
22529
29612
31653
21055
17553
1574
18169
17980
19443
5690
13131
32213
14517
31122
24499
31641
9145
17361
13901
20991
9006
2497
13011
8103
26046
24494
30577
8420
3593
5901
9172
31352
25171
32610
8837
8606
9337
11872
24693
1358
9770
4945
8921
23740
27987
22968
28471
16162
31963
24373
14785
26815
5521
16554
19939
20767
867
17052
9496
30366
19152
6364
8193
808
19104
20838
21944
11842
9682
26249
28002
78
2518
15432
13827
23306
9468
3329
28823
27483
24877
2380
94
26697
14041
12070
30071
17226
11312
7247
9648
11715
21653
24560
18333
6092
25679
3969
17383
3124
11394
8938
12519
3524
4958
23528
11379
22984
23703
15539
2040
13260
22037
20958
31433
7844
15596
21374
20151
9903
28302
24974
15074
8540
14912
24466
24783
1516
26314
13179
8122
17274
16499
27595
12845
14393
17196
4345
18897
11774
13580
9751
7557
32766
17660
7346
7597
19928
436
16378
17100
24534
15590
23330
10838
8303
11960
7946
30143
20241
28024
2844
8152
20510
3467
23924
15451
15925
32167
20035
21956
8370
29507
6773
23907
27512
31563
8593
25008
11246
791
6881
32478
1863
28062
9684
15795
28167
2279
14752
21654
10434
30657
14379
32490
8743
25524
10284
24218
4670
2871
23181
7157
28398
35
32533
14269
17858
10856
27715
17274
25325
25343
7805
29716
27019
15136
12906
17057
16681
17332
24220
3964
31880
26893
12402
31639
7582
14037
4156
27666
23262
6212
20641
27660
18873
26774
19774
24761
4709
26557
23696
17332
4317
26451
6420
22423
1833
17362
17836
2762
17631
32263
20805
31896
26602
2244
15799
22664
6794
7894
28140
31722
29340
13622
8005
6576
22044
23940
4665
20607
2280
11440
9792
26374
18374
31227
27887
8847
5289
2590
30820
27603
6192
31432
26852
13843
15472
590
32195
23652
25843
22430
11652
26955
26624
22134
2370
31881
11549
13267
28495
17208
5331
22187
20762
13847
3505
10462
4182
4643
31380
29803
14168
16231
20005
8415
4289
6676
32674
25876
25182
20948
15586
16663
20300
21340
32147
21610
9568
28736
23495
25708
6597
14604
21935
10005
14567
15760
23717
9702
3472
10107
21872
19744
17233
25388
28100
31541
18468
19140
27401
9340
12623
1920
22109
24360
26508
7494
10716
27515
24166
21629
25375
3127
23270
30242
7938
17238
3439
3608
8875
18170
743
10176
30152
17063
12567
14538
29207
14512
8789
11851
27692
6127
1120
20495
22895
22969
7819
28208
5988
15377
29470
3303
14383
27676
4089
675
30807
13526
21114
15448
16842
1538
8865
7194
24609
26471
26994
9706
18982
11321
18075
28368
9363
31446
18775
554
25117
31923
12434
12611
9393
19093
30286
295
17406
26884
10821
10934
7475
26876
24528
24824
4106
231
13063
20912
19717
12744
10538
5172
22775
19641
28736
31355
27079
27799
16893
30840
113
14332
28137
5542
25677
32621
20159
7397
25492
3029
12051
32388
32032
12594
24888
6303
22387
31119
3681
22955
10491
31794
262
29007
30101
13590
28298
885
17743
28828
1050
4514
14450
8061
15064
3714
7360
9987
14137
20424
26618
377
14251
21045
15269
17120
22140
1013
22030
21987
8951
2354
5260
1293
21968
12004
27397
9274
9410
32742
29875
28235
31094
12367
552
27422
4007
21247
18576
29118
16004
3448
5687
6870
29013
15856
12363
14188
4962
18340
15842
8139
29456
31086
25662
28353
24654
17050
30800
32011
2607
10742
27004
12558
24536
15144
18844
30408
30877
24132
5703
29701
18279
19870
10067
19670
7513
7645
26264
3135
16307
3153
13559
1328
5366
1927
8348
16310
11593
9754
20607
18035
10779
32715
18737
26700
18698
7380
28373
16993
5635
28538
26732
9794
2219
3042
18519
12384
4350
4645
7702
8897
22326
32422
21846
22520
13039
21668
1579
25173
7560
22283
6810
11097
9164
17296
27994
10092
6866
17404
17883
29138
7201
2504
21896
25820
3352
18411
6730
603
13710
32496
19021
16474
10677
20299
11526
3597
2884
17901
1397
9476
26069
22294
29095
31396
10891
31595
25472
26072
3833
9032
5815
19716
21311
29783
10274
28731
13174
1378
12852
9137
2127
3173
4804
3699
23286
13032
15887
16725
28733
1163
17153
14892
3830
11235
25776
10046
1440
29060
27946
32503
13127
12639
7536
16350
6053
14927
24258
27847
11917
19438
6429
6473
6794
9901
21251
6770
25283
25124
32378
12218
18465
32166
5975
14390
30132
24345
30396
18446
4179
13316
32736
12849
27011
26858
2574
23111
22939
10967
11249
25320
1317
10040
19470
3083
4486
32239
6802
21953
3298
6567
22606
15139
3386
25189
3840
6536
19159
32352
7892
6140
14828
5395
17706
8942
26487
18576
154
20521
7528
22807
30261
16134
4613
9959
15374
18655
9869
1620
11514
5574
31003
6682
10643
26999
19918
10225
27267
15500
4903
7010
18431
30192
1458
10968
6801
22678
14057
21242
6427
31083
31573
7224
22553
20873
1014
24228
20006
16557
9957
30724
450
5099
6968
10277
17490
25760
11302
1906
7784
25513
10092
19396
20805
25810
2798
20348
4508
16017
13730
3792
24473
20981
8106
3938
8226
20185
24000
26135
23389
2141
29655
20262
17522
28055
15103
3183
28306
31365
24202
32271
21304
13638
13421
10545
3502
2954
29929
8486
28628
9288
5482
1721
21533
31151
19119
4540
20698
20318
30251
22759
12475
22743
683
19427
21650
9265
29754
5025
25179
7438
12097
19696
25978
15309
15091
20815
17475
13569
744
511
11967
15649
23560
18781
27309
13441
20651
18031
8392
20352
30719
22205
3912
3843
23721
29282
17835
7459
13999
3682
19893
25123
31893
31038
26038
26021
4038
26054
12299
20509
2102
6191
31719
8325
25414
26981
2900
27219
6632
5282
31348
12200
25091
832
11277
11210
7961
2764
24388
8660
17959
20827
21161
940
14540
19489
6260
1334
23470
3135
14
28615
27674
19933
14548
18909
22762
32121
4631
9997
8876
10110
31847
13372
1792
1561
12305
21522
31554
8520
7398
24492
14953
13620
1854
24465
27183
21184
30269
20712
7027
28258
22357
19176
10715
20786
31500
6287
16061
8256
20224
6807
31552
28203
31016
1446
3518
2799
14428
20677
13933
1535
11800
26643
32575
5780
30077
30650
11014
24132
11160
25379
8156
14806
19687
15462
20674
5205
3097
20485
27271
28771
1558
6361
18412
7120
30527
12364
28933
16747
22007
3785
10722
19736
30306
12401
21615
22051
7020
29200
10649
980
6414
14927
3506
8260
27597
17195
1047
19822
27011
6053
1552
4233
28513
6587
16631
10134
12597
9368
32669
23861
3561
7944
17129
20156
3404
4654
19906
22666
27414
6265
10287
7321
21286
14548
23997
22355
13069
541
31522
30375
17616
31449
3871
10075
14058
14630
12971
19620
5521
14064
23629
5620
22842
13928
714
10003
15967
19122
21248
1649
19072
22750
32018
17851
8808
9498
23749
6316
5553
16422
298
20006
906
26888
22398
24449
31928
14080
32078
2595
18139
8126
32222
10064
9459
11731
32460
13892
2338
31590
8177
19583
5044
17704
4744
24673
860
10634
11154
8694
31424
26669
30073
22035
16184
13721
1267
26530
21715
30515
5417
9018
7068
31593
12057
20723
21019
560
24632
8312
8478
10672
17500
7005
5305
4925
26330
4531
9867
21642
16107
13530
15683
2329
19285
21655
17763
6134
4423
29286
18244
421
644
7954
7770
19033
3779
22146
13754
21607
25686
19926
28121
16121
9227
26547
3991
7431
3152
17114
28796
6275
24474
5888
11329
21972
2567
21466
6034
11142
19010
13943
20498
576
24999
18642
3488
28918
4007
32680
6361
26975
23662
27271
2781
2218
30404
10792
14934
24685
10545
8446
31159
19422
10853
4623
2754
9541
19670
8707
27469
28593
20907
28282
24389
18666
25305
12195
23539
14248
30860
6155
14462
10754
11720
26290
18354
14377
18512
24420
16127
32598
30663
7494
3781
10497
4117
29616
4047
29268
17164
20794
10781
18399
7500
22810
22758
18829
19043
9901
12253
19159
25657
28499
17844
9015
20908
30336
10206
25312
30839
2064
15258
16300
18008
27867
12333
20054
21874
3466
26222
23529
12272
14249
29064
31608
30443
14589
5372
7184
28813
17687
25573
15083
16759
22825
25984
1510
21857
4633
25323
565
15104
10452
16941
2902
30509
2277
4727
15939
4931
13638
11690
9452
27337
28533
4888
13796
31825
21707
24463
31835
16799
26122
1684
31820
21262
11573
12524
9975
23088
30116
25697
29586
6069
19031
22722
28732
142
11915
7724
24370
13906
17547
30856
13381
24288
22217
5205
1676
8006
30509
30888
19030
15841
10413
23152
26466
12230
18206
13567
32595
5473
8521
19398
30814
27228
31042
31072
8262
27842
24309
28627
31626
32613
6402
19986
5341
2941
4043
11974
24790
9617
28362
5197
2537
31131
28713
22019
14486
16999
1676
29377
11232
20540
22834
27812
13825
25278
17980
4624
29020
23059
24396
22516
16819
837
5202
10575
30106
999
163
20467
7211
10492
3660
23177
25340
7444
25509
9173
4174
18872
20265
24379
28039
26632
9604
20098
13795
1187
17902
1241
23910
31431
14520
23319
17429
10938
7204
31047
10597
28520
21370
6500
29684
5965
11352
26465
8567
25749
28234
8812
29427
22658
2202
25460
10545
19983
21098
11497
25964
10195
4351
10179
588
5415
14432
12741
31000
12939
6688
8451
10023
2374
30328
24738
1943
12877
9113
19167
13634
8294
16191
25682
18670
21901
7818
23668
26564
1943
28682
30560
5636
30741
17432
17622
8694
891
28525
18565
15140
11138
31725
30602
2502
8394
7108
12084
23166
4036
21172
2314
12869
13519
18861
12303
24229
31649
159
6980
22058
11753
21132
20847
32019
30002
32737
6683
8780
13323
13062
16352
18593
31333
13108
18404
4140
6460
14727
17058
21519
6522
7252
6634
20585
6680
17596
41
25730
22918
8833
25835
17737
28237
4633
4766
13313
29427
26881
