10000
14
8
9
4
19
16
21
142
96
104
28
61
106
23
40
146
103
64
114
149
40
158
97
138
37
125
171
26
85
103
133
76
44
142
134
115
121
88
177
133
158
157
109
103
126
73
131
46
78
94
35
113
154
173
163
217
188
337
311
294
198
244
264
181
247
317
328
342
225
322
220
353
243
179
349
182
228
265
286
237
193
223
330
309
257
315
360
195
292
249
303
182
359
223
308
283
264
349
344
330
193
295
231
245
262
323
258
298
317
159
373
385
368
377
383
390
365
384
371
41
641
895
473
445
536
431
813
734
835
578
596
618
571
932
958
958
801
957
657
401
586
780
625
938
474
915
902
529
976
654
808
601
726
396
573
925
886
593
468
458
497
623
509
784
743
419
474
917
608
412
868
434
620
932
445
459
520
976
768
756
425
706
602
456
449
708
552
737
819
485
597
765
798
837
864
635
536
870
564
919
418
970
973
899
476
898
627
591
519
423
710
489
678
881
491
490
780
481
671
608
690
821
585
691
459
542
423
478
455
685
540
812
502
866
689
928
898
509
739
481
952
606
619
497
901
617
928
962
943
867
808
595
544
436
791
513
590
743
675
554
844
515
657
842
885
649
552
603
596
450
683
744
511
832
940
528
541
714
802
906
860
560
421
644
576
565
480
837
677
588
891
887
4633
5212
1632
1373
4045
3810
1060
4426
2148
2247
3422
3025
2968
2453
4076
4025
3411
5093
4589
1257
4570
4863
2900
4693
5168
2016
1351
3558
3354
3065
3711
3051
3059
4817
3134
2457
2915
3694
4392
1144
1872
4927
3364
2412
1682
2835
1763
2217
3110
5174
2034
3574
1212
4009
4924
2995
4462
5002
4978
3934
2070
2008
3841
3580
3737
2729
4946
1769
4335
2386
3323
5281
1967
3833
3189
5398
1536
2741
2354
2382
3169
2839
2241
5229
4818
1746
1046
3909
4002
4615
4923
2114
4530
3877
1439
3704
3258
4330
4828
4864
5338
4225
3751
5106
2601
3505
2390
1737
4532
1956
2516
2776
1718
4151
3128
4629
2075
2797
5148
4027
1044
1284
4792
3014
1605
4545
1552
2493
2062
2913
3870
1766
5016
5085
5125
4913
2725
1956
4698
3046
4032
4768
5156
4315
5270
3080
1377
2230
1972
4084
1314
2918
2037
3899
2601
5266
3582
5338
5171
3271
4756
2675
3073
4643
2907
4573
3385
2658
1084
1497
3836
1866
1650
5172
4487
4036
2290
5433
2178
5182
3675
3835
1950
4055
2163
1305
1191
4252
1111
2301
1848
1801
4133
2646
2523
4630
4778
3256
3755
3144
2084
2239
4400
1720
1217
3894
3896
4699
3078
1220
3677
2187
1666
1244
3708
2551
3847
1246
3916
4627
3348
4756
5397
2983
4731
1721
2571
4850
3575
5241
2196
3795
2657
2653
2139
1037
4927
1593
4163
4008
4612
4228
4691
2659
1887
4496
1965
4646
1471
1854
2532
4371
2600
4031
3869
3251
3116
4493
1071
3652
2289
1555
3285
3960
3595
3774
4526
1280
3579
2155
1399
3907
5000
3043
2991
2416
1305
2502
2356
1851
3913
4980
5126
1453
2763
5096
4432
3283
1804
1422
1244
3826
3867
2502
3037
1649
4769
1310
1746
4461
3922
3428
2861
4228
2408
978
5296
5392
4210
4041
3925
5176
2658
2309
4253
1022
4955
2711
3289
4345
2990
2655
985
4865
3705
3367
3907
2033
2995
2475
4171
2982
3886
4826
5255
4896
1674
2205
2762
996
5247
5207
5204
1592
1898
3177
3405
2156
2388
5432
2964
2510
4843
2330
2436
2104
3392
1679
2705
4211
1141
2572
1992
5231
4693
3593
4666
2762
5229
1579
2256
3102
3911
1116
3662
1673
2454
3353
2295
4561
4152
1266
2751
3966
4835
2310
4334
4773
2188
2369
3030
4144
2825
4409
1411
1771
5357
4095
4133
4116
5133
1582
5144
2033
1774
1070
4547
4834
3737
3635
3090
4336
2496
2150
1468
3812
5201
3891
4351
3229
3772
2007
4701
3979
1412
1145
3879
3028
1279
3758
4395
3340
4695
1923
3492
4636
3930
2952
3130
3716
2682
1875
4132
3092
2236
3845
3119
1917
1193
4821
2573
5291
1125
2397
4330
4295
4064
3906
3011
5447
2283
4808
5187
2618
1089
4840
2821
1575
2576
4481
2592
5391
1225
981
4737
3879
4443
2593
2692
3556
4565
2836
3842
5132
1278
4243
1032
1092
2926
3704
3611
3791
4779
3431
2514
2377
3279
2459
1606
3144
5016
1480
2801
1695
4871
2152
2643
1813
2020
4196
1984
2345
1163
2449
4782
3030
4043
1153
2805
4297
4640
3581
2203
4414
1378
5126
4729
2620
1399
3075
4857
1019
2535
1527
2096
3729
4207
2505
2731
3702
2741
2921
3822
1962
2656
2923
1425
1181
2174
5038
4272
1079
4257
2273
1830
4045
4280
5146
5003
4610
1026
2470
3600
1864
1413
1607
2874
2578
4798
4210
4247
1665
2437
5421
4800
4846
1206
1891
3726
4155
3799
1002
5243
3845
2651
1588
2151
2653
4193
2943
3375
3299
2876
2935
4784
1083
4246
4775
3379
4078
2225
3727
3810
3205
3679
4585
2396
4079
1307
2684
2796
1682
4403
2315
3582
1430
1534
3847
1111
2564
2354
5319
5018
1227
4473
1416
4780
1142
1608
2171
3386
2600
3678
5184
4593
5319
1534
2976
1358
2940
3884
2809
1907
2811
5367
3832
1354
1355
2525
3118
4799
1837
3549
2465
3071
3476
4723
2938
3535
1731
2333
5313
2448
5399
3138
4070
4105
1966
3651
5403
1633
2848
4362
4181
3823
5262
3222
4043
4594
3540
4361
2994
5445
1247
1458
5074
1663
1701
2621
2209
3740
3268
983
2157
3487
1075
2741
1578
4833
3491
2012
5425
3725
5362
2040
1241
4711
1358
2871
1585
1992
1493
3743
1932
3319
2096
3413
3491
3689
3579
3509
4317
2471
4117
2284
2648
4088
2282
2974
3716
3480
2953
3682
1500
4402
1863
2722
2901
1518
4828
4732
3193
1467
4735
1545
5009
5075
3617
4203
3860
3042
3395
1075
1792
1808
1611
5417
5021
1321
3103
4062
1862
3684
2644
1237
2220
4965
4509
1895
1052
3838
5092
4201
2744
3899
1051
1994
2610
2688
3474
3415
1231
2391
4518
2292
4231
2710
2840
1126
5373
5363
2639
4271
3583
3303
1020
2680
1589
1222
3744
2589
3533
1312
3862
2054
4032
1121
4714
2122
4086
4813
5066
2085
4701
2708
3862
2129
5005
1318
4307
4933
2974
4644
2109
2156
2076
1382
1313
1184
5325
5373
4622
1928
4115
3875
2971
2014
2297
4066
2873
1350
1886
1873
3391
3979
5354
4261
2664
3590
4895
1445
1919
1170
2115
1661
5242
3304
2853
1857
1915
5314
5027
1612
4073
2175
1011
2901
3794
4313
4311
5074
1637
3222
1923
2862
3496
4866
5300
2658
2662
2860
3121
4235
2046
3538
4006
2304
1342
1962
4516
2908
1847
1396
5208
1531
2138
1810
2529
2847
3680
2929
2439
3519
3508
4882
3500
4008
3678
1091
4118
3289
1158
4550
2990
3767
1554
3122
3047
2385
4154
989
1376
4407
5345
2300
3648
3146
4967
1836
4589
4072
2255
2224
2502
2065
1483
4588
5138
2305
3071
4516
2761
1676
5278
1900
2750
3942
3214
5376
4007
2204
4120
2853
4687
1493
2898
1515
1226
5388
4865
5089
4010
3852
4966
3535
5145
4960
4441
1846
4127
3410
3089
4871
4478
2046
1553
4113
5267
2343
3657
4240
2699
4593
4087
5280
1247
2989
1669
2043
2412
1466
4630
4549
1322
5013
5218
3682
1019
3691
3833
1869
5391
3516
4033
3768
4225
2183
3457
2507
3317
2725
2094
4591
5384
2222
1260
1146
1927
3838
1729
1376
3752
3778
2562
1841
2060
4100
2604
985
3711
2985
1837
1819
3557
1777
4247
4322
2617
1218
2166
5278
4696
4881
3754
2851
3803
1612
5146
3527
1282
1453
1247
1567
4776
3074
2901
3152
4964
2635
1580
3591
1194
5011
3491
3416
4898
5183
1837
1570
3370
4309
1967
2528
3206
4336
2090
3422
1848
3146
5082
3338
1765
1759
3657
2967
1939
5196
2966
5229
3441
1617
3477
2392
1574
2497
3593
1358
4945
2789
1829
2379
2518
3329
2380
5143
3969
3124
3524
4958
2040
1516
4345
5299
2844
3467
2071
1863
2279
4670
2871
3015
3964
4156
4709
4317
1833
2762
2244
4665
2280
5289
2590
1176
2370
5331
3505
4182
4643
4289
3472
1920
3127
3439
3608
4149
1120
3303
4089
2803
1538
4923
1131
4106
1891
5172
1694
3029
3681
3868
1827
1050
4514
3714
1301
1013
2354
5260
1293
5195
4007
3448
4962
2607
3135
3153
1328
5366
1927
2219
3042
4350
4645
1579
2504
3352
1729
3597
2884
1397
3833
1378
2127
3173
4804
3699
1163
3830
1440
4179
2574
1317
3083
4486
3298
3386
3840
5395
3291
4613
1620
4903
1458
1014
5444
5099
1906
2798
4508
3792
3938
2141
3183
3502
2954
1721
4540
5310
5025
5068
978
3912
3843
3682
4038
2102
2900
5282
1638
2764
3367
1334
3135
5086
4631
1792
1561
1854
1446
3518
2799
1535
5205
3097
1558
3785
980
3506
1047
1552
4233
3561
3404
4654
4162
3871
3750
1649
3786
2337
2595
2338
5044
4744
3780
1267
5417
4191
5305
4925
4531
2329
4423
3277
1687
3779
3991
3152
2567
2162
3488
4007
2781
2218
4623
2754
3781
4117
4047
2064
3466
5372
1510
4633
3707
2902
2277
4727
4931
4888
1684
1862
5205
1676
5341
2941
4043
5197
2537
1676
4624
1659
5202
999
1451
3660
4174
1187
1241
2202
4351
2887
5415
2374
1943
1943
3252
2502
4036
2314
1538
4140
4174
4766
6050
5483
5901
5549
6058
5829
5815
5541
5519
5535
5815
5747
5667
5613
5899
5580
5775
5850
5533
6053
5975
6015
5927
5673
5780
6024
5725
5869
5474
5977
5896
6071
5498
5574
5982
5775
5490
5701
5912
5627
5471
5878
5650
5618
5476
5952
5825
5960
5482
5786
5578
5863
5869
5453
5997
5868
5550
5571
5764
5600
5505
5952
5998
5469
6055
5468
5577
5600
6051
6010
5590
5473
5481
5865
5690
5825
5780
5676
5901
5973
5847
5521
5917
5999
6053
6027
6040
5596
5725
5455
5707
5556
5521
5620
5496
5660
5553
5851
5724
5993
6046
5834
6042
5743
5487
5470
5686
5655
6035
5716
5913
5891
5464
5849
5895
5636
5872
5888
5895
6034
6072
5604
5530
6026
5785
6039
5973
6048
5641
5595
5737
5998
5595
5917
5890
5459
5988
5918
5564
5767
5978
5676
6069
5759
5659
5951
5473
6054
5578
5542
5684
5557
5553
5990
5819
5682
6065
6044
5615
5478
5537
5591
5965
6022
5545
6070
5687
5539
5529
5703
5636
6052
5738
5542
5799
5452
5635
5777
5547
26881
13699
19594
32207
17056
30528
26964
22447
8579
7496
12071
15657
19505
10288
24734
24337
20151
22561
30976
19582
10084
28542
16893
27273
28541
23139
6307
6481
31794
22325
32703
10819
9342
19912
30252
8920
21306
8406
30892
19742
32659
23043
9591
25148
14610
21568
18791
17712
11526
23855
7428
24476
7328
30222
9607
23617
16210
15445
24283
17930
14579
8417
30558
6220
32002
6737
14912
9292
13394
22193
10001
28674
10886
12374
26370
29212
27936
27144
8356
20294
31922
30311
14737
31913
30029
20103
7828
27569
6973
7134
12385
8980
8179
14688
20522
26896
13123
20456
6765
25332
13520
17460
17424
19937
6596
23046
19887
13522
23236
12752
24576
18394
32291
30194
28073
14509
28495
30258
21835
16482
11431
19241
16864
12919
16430
8067
13130
16662
24829
30547
7259
22166
18331
11275
8683
10309
10421
25822
20520
26213
13583
11274
14894
11636
21952
13423
14296
7345
30879
32343
13781
13787
14182
16895
19454
27196
12421
14737
10618
30950
7321
27995
18867
13365
22736
9607
10541
29877
13565
12965
26901
14045
30271
23679
6840
12957
12860
21224
9156
9659
20755
14124
28761
23460
11005
19496
21345
13418
21215
23966
18392
7433
24701
25288
12317
23790
9149
29901
11262
23738
22450
31010
11172
19011
19488
13303
13819
15835
7968
30843
16661
17622
26777
22830
30976
30022
7153
11377
16568
28425
11558
18046
12854
28166
29579
23650
24896
20915
30519
27571
16517
15835
6685
16926
23785
14494
8947
9870
25374
27065
10681
6950
9076
24327
12313
12913
8747
31304
29031
28051
12453
27682
26945
27156
10808
24677
24258
13041
29381
16275
12279
10063
16619
10656
29079
27489
16673
16352
14062
24717
15689
6915
7173
26826
25225
19800
15483
31053
6486
27699
10085
16484
9169
29115
21784
25250
30295
7343
25288
20544
32339
31127
17890
32351
19287
26001
9759
9907
20076
19027
28442
8764
9126
30737
27314
19711
6651
23760
18087
8971
27988
10381
16210
7592
26341
14815
25235
14979
22458
32619
32522
32268
8595
18117
25397
29981
16882
27447
21194
31196
14619
25022
8148
16354
14682
18006
9190
27549
26994
20087
11142
14578
15905
17632
7830
29991
19080
29331
10138
20481
21387
6433
17524
18473
32301
25127
28180
14036
19172
26649
30444
16035
8924
15422
32674
8648
26000
16602
8736
17259
29848
22358
27646
22604
12737
12979
31969
28697
9059
15841
24085
20574
13039
11865
9367
6747
14792
31429
13748
14370
20564
15807
22058
8914
21341
13788
19406
17463
21358
10149
10694
10034
25362
8308
11512
12895
30336
28047
15554
30198
18974
12752
25580
30969
27752
14236
21979
29034
32268
13221
21511
29773
9732
7908
24282
10287
32635
7839
9163
14197
29212
24768
25410
15802
24715
18138
14173
13803
9849
9466
14971
8917
7008
22632
15111
23792
30732
24945
29352
7709
30883
9169
15799
31390
19792
32121
26358
9347
13831
14991
23423
8138
29891
26350
23290
27618
7337
23438
30739
16340
21972
15486
32044
20752
30673
12210
19839
10157
32297
28905
31078
17725
23346
22097
29102
28253
27947
11932
7017
16789
18824
16820
27347
13696
21131
22181
8411
16941
19220
25498
10660
14788
23738
19363
24123
20443
17434
10677
6314
13165
15411
19699
19581
24466
23396
18987
14369
10155
23078
18084
12398
32047
28860
24599
28079
17630
18075
22011
10946
8615
9077
22533
31871
31631
22355
7664
6929
21685
26851
11386
22273
22138
32275
27567
12885
14820
13022
29289
26637
27484
21094
11032
28351
10519
9796
13759
9212
11819
20508
11071
25928
7499
24948
9688
23859
6780
9670
13037
21782
19887
21203
21378
22077
31514
21609
25885
21846
29947
8011
13843
23622
26365
22550
30080
7635
27414
6343
22196
29088
26032
12853
11514
19551
27911
17592
11802
24306
16338
27708
15906
30118
24941
29331
10342
19524
8086
31760
27078
17385
19809
25169
28719
32357
32479
12636
29541
16582
15604
31470
19199
24197
29621
29711
26035
24929
17020
29140
17875
9771
10458
13897
10008
14926
31965
15563
12703
31697
22070
8633
24113
28788
13463
16792
28615
25900
25951
26720
9805
23140
27769
28703
25836
6707
29825
24785
25167
13072
28992
16685
13836
31702
9948
17871
24230
7248
20129
10786
25528
10327
17729
12638
23270
12641
7852
13880
30690
15348
11929
19275
17347
10593
7021
27845
17153
27054
6238
14276
10815
10067
20885
26167
15308
29227
7967
30012
13412
26914
24475
14144
26811
11827
9985
7209
11374
16662
13478
32652
16265
10549
23628
27717
13644
20833
16279
30151
14383
19395
9106
15280
20259
16235
24399
19361
23085
14822
12561
21836
11211
13866
8551
25806
24239
27259
18876
25413
21328
15869
15181
32136
29123
26620
16774
8565
6258
6604
8896
24844
23071
21688
28262
13664
23845
23611
30295
12313
16385
6259
30604
24102
10002
31954
13819
14196
22429
18199
8413
7115
9517
10876
19304
22118
11672
15153
9673
16213
16060
11786
25264
30012
17292
16501
25890
27665
25294
23726
18756
31021
31879
20022
15237
19444
6631
6785
21945
14297
22924
20974
28486
26355
10051
27901
20929
25549
25875
31247
9290
29978
11698
7555
28975
32000
13438
28385
6960
25270
8868
27606
19258
14929
19124
12355
27744
7899
10494
20638
23659
29350
24196
15594
29348
31199
22884
20455
14262
23083
12936
24198
15441
31971
7901
23455
11132
18176
24830
25574
27506
23348
7844
17948
25658
7010
11153
23426
29477
6917
26489
17555
31191
30850
21646
24050
14367
6585
27391
16479
6216
10770
7435
26741
9220
18296
32708
16327
25849
9699
28947
18283
14229
31922
24317
26682
16357
23728
10463
29394
30684
18586
11665
32711
12742
24086
7600
12015
29181
20390
24732
25196
22023
15504
17821
31346
6672
14865
29168
11986
20949
28753
9085
25945
10432
12889
25742
16797
27988
23525
28023
13623
27596
29633
6449
28578
23551
15370
30654
19911
26247
26832
29380
32555
7702
13291
24307
25047
16984
22993
19175
19415
7263
30710
8222
11670
28040
11089
13934
20394
21492
26181
15992
20860
21566
11427
6626
25996
9292
12037
30050
31843
28677
30303
17752
7113
13923
10461
16404
13879
18759
22751
31874
21960
23136
13937
21283
13323
20302
23233
6949
14814
8455
7676
23163
30713
19066
18280
21291
8433
21780
22447
15838
8363
31935
19835
21203
10456
20112
6210
13320
14799
11300
11620
18713
19699
30111
29555
21986
12448
24897
30673
17403
15875
16566
8833
15844
18789
31688
23607
7317
7469
25149
23217
19284
17543
30035
24722
14229
18624
16102
13261
31192
30996
30713
17261
8680
14953
11238
7840
18517
32574
20827
32171
15156
31710
19453
27515
19165
27353
10608
18232
32253
30132
21362
24755
13492
26059
15622
31112
24427
19082
27345
24865
17547
31472
23236
6552
32097
12687
14368
8864
22162
8139
16357
11124
16383
20302
31142
29843
23396
19889
10425
10389
16873
29496
23002
22428
12117
26268
12579
23464
27710
16059
23669
7654
15145
27210
22122
17737
30542
23600
26964
28188
18789
13872
24871
18840
7872
24860
21623
15728
22235
30022
25325
25715
20707
7167
17724
11349
29739
11429
10652
31878
11468
19871
7838
27589
30907
24149
18044
23864
7480
6992
18098
29628
15996
6703
32105
20346
28724
29103
15161
18875
21065
31760
21842
8957
22046
12036
14690
22341
15036
29100
30905
21587
17820
24827
16967
20581
26103
28951
26165
12256
12454
10019
25316
10791
7225
6192
28915
6149
11178
9583
24755
8475
22199
10524
17324
20568
11553
7490
11794
20437
18053
9274
8413
31078
17766
26738
13517
21872
30936
12612
16268
31738
10016
16145
15109
21786
23003
16257
11276
11553
14386
29226
19375
20281
24876
9554
15313
7343
25972
32698
28437
21165
14068
30103
18430
29626
13206
21183
13140
16355
13684
13501
16841
25372
10798
10962
14126
6144
7019
25687
13054
8694
32443
31766
22259
25532
25264
15770
29838
31784
17056
28532
7219
8308
18342
31711
20662
28890
6890
30533
22537
31584
11554
14117
28723
24822
28337
25805
18994
20670
30959
20109
7695
19883
30434
23501
12617
29261
16459
25308
22136
9963
15404
25969
10547
32211
17512
24828
16690
10734
18189
30535
8368
17303
16108
7291
25107
20397
15773
9613
26831
15591
32370
31243
6536
19304
28463
22609
23927
20512
21254
10752
29966
6433
32160
31916
24031
13169
19116
29397
20410
7199
9255
16665
10255
31448
15834
23475
17073
19820
10788
14327
32063
26404
11257
16292
26033
31319
27179
31188
12869
24632
26600
19438
24454
9130
26245
14587
22013
32394
18222
9042
18069
23127
11693
29140
27904
16074
28915
20370
20821
15449
12035
28548
19710
24093
30094
14463
22225
32157
7773
28001
23165
31458
16378
9615
7976
6277
13877
10657
16873
24076
20440
26656
20977
29815
16173
30687
32055
12565
15937
22306
24903
17052
23487
25501
29215
13433
17208
30533
21809
15461
30285
25276
21733
16961
8450
14281
20795
29187
12479
6150
9138
30809
7888
23512
31336
10477
7471
9636
28290
30562
21446
13632
22990
19038
29296
13262
12199
7148
28928
20211
23834
25045
14592
11909
29767
10726
31916
10117
9993
11155
21796
12690
21721
13701
20319
31665
12271
13088
16444
12682
15787
15193
21905
8405
13876
29396
26733
21263
26569
24060
20204
28529
32466
23829
16265
31010
24425
22231
12698
15788
26072
18521
10010
11390
29280
29241
17323
27087
16106
25656
21723
13817
15224
10913
12199
29895
21393
23294
14884
28984
20236
27251
8455
11431
24225
24910
31403
20221
25665
27872
12473
26404
26353
17292
20010
25566
26278
30921
8607
19480
21921
20828
15253
12633
15380
30435
27920
12288
27576
22318
19563
21923
12409
18669
8022
32381
13521
26024
10782
8316
22543
28541
23462
13527
13156
25860
26824
9008
6878
28888
9036
27765
13915
21429
14320
13626
10786
21958
20134
30054
8039
24309
27004
16244
10605
8211
30179
9981
19881
9546
30713
16905
22308
20753
9476
23467
31009
14966
25732
32616
15600
28295
11963
14542
14178
31841
12647
31373
24718
25419
21677
15752
27667
8971
17402
27223
22479
6797
17589
29610
14945
8029
23116
27659
23233
19777
19591
13450
8391
11763
15095
17871
24788
10613
7666
17164
17148
20645
11695
14640
20670
13841
13200
24158
12549
18700
30061
26013
32008
26370
8148
15057
23663
12047
25425
15082
11447
9143
30444
15451
14295
13442
9204
31693
15908
23975
16123
16661
22386
20875
12834
20580
28540
14025
31895
31678
24966
18340
19291
26798
30528
14362
24361
24119
20206
19872
13396
12045
27846
6171
24080
6311
31641
11036
19828
18361
16603
29485
21470
13132
7134
29767
30551
12946
7372
18627
11288
12594
21629
10491
18254
23703
18463
17534
29690
9581
32052
24520
22068
11486
14350
29204
32434
12459
15701
21874
8508
16431
24659
15641
26195
9261
30737
26110
26543
13856
12221
13734
18995
18474
13903
15160
7885
22481
21872
18134
6906
13452
21785
11803
23668
31940
21846
32075
11227
27273
25171
26289
28372
19811
26819
23978
9550
10506
25803
6107
23080
17719
24273
19226
16046
18005
9513
31356
15201
9907
18673
32201
29687
23803
25145
26827
19618
19239
24424
27406
21653
24370
25562
28051
14789
18381
31182
29610
10732
24916
7040
16131
17620
28416
22418
23241
27365
29790
11945
32518
14992
17152
14452
11264
12724
13566
13703
24464
14062
10351
17674
27154
24550
30074
20276
25152
14741
10455
18236
6667
12932
14066
32377
21665
17368
17698
13000
14936
29585
21461
23598
8423
28133
22560
32190
6179
16040
25521
32189
23376
10721
24736
18693
30449
20693
20443
17831
22956
22991
19944
22740
26254
17693
14284
25931
19081
10604
32325
23866
17266
8436
19362
26345
21582
23269
30075
24091
19590
12484
13984
15139
27271
26625
17743
32388
13498
13421
6570
31868
18841
14840
30823
8634
14552
23487
17377
13910
16060
31814
25808
18183
21437
11568
26286
13354
15204
15130
29700
9415
22730
8046
26784
28958
8343
26585
6582
23333
17874
30108
25162
15611
27915
11674
19902
19352
31526
25714
9940
13259
25540
8178
10029
30453
19681
17602
21471
22328
15440
31755
31363
26133
20127
12973
19862
31390
9383
21486
9891
6326
20321
19377
24774
25707
11772
15420
22356
24686
29228
16703
25810
11939
16068
25618
22467
25550
8306
9535
26142
30557
10754
16192
29951
15434
17664
22217
16129
24899
25056
6623
28796
15369
18855
23918
28964
25622
7669
8551
7846
24706
13969
18477
28076
27943
25088
8196
27898
6916
24496
12475
14737
20447
30797
23106
7511
26926
21855
11019
26972
28663
25432
7924
24490
15736
25195
7666
31723
16706
24745
19618
8413
14249
25854
17221
22563
18847
24225
13832
16698
11614
14840
29322
31079
12295
21421
22168
30449
15783
8708
9275
17747
19909
16210
22260
16534
20976
32209
24134
30149
10588
19007
24949
26528
26026
7707
28814
32596
12883
18999
18087
15515
32677
30483
31146
21569
31517
7589
29130
26935
29219
18935
27167
21611
12338
7182
11603
17319
25132
12810
25457
16984
32093
29408
14184
28738
15950
17129
30872
8582
10634
31920
9832
29186
19105
16719
25386
23179
10345
21497
7521
16271
30148
29974
26817
29322
14790
15738
20632
32068
17178
21558
26235
22158
27297
14004
23044
14379
26973
18179
7635
16333
17806
31692
24019
7233
6938
21525
10942
6886
17202
12597
32484
10595
7987
12467
23869
8089
20512
11221
9035
26071
14684
27520
27944
19277
7213
13794
17134
8388
25247
6074
24032
27532
12453
29234
10608
17589
20952
26572
8007
14466
27330
25440
28635
14874
21561
27150
27303
32641
22406
27210
15348
22983
30151
30607
6748
23935
16018
21651
14165
28531
31195
20606
20542
16505
10520
31521
31176
19514
9122
17245
31682
12163
21087
28833
32206
26908
20126
18441
15718
23080
26690
16382
25884
6524
22307
31756
26918
28171
7089
15086
14936
19873
21211
27371
30453
13269
27207
22630
29538
25913
6466
10928
20281
29395
16722
8992
27206
30150
7210
21094
26445
7032
6470
14364
7498
18782
26008
29351
11773
15256
11082
21788
26022
18615
25957
29165
18446
10287
7985
30502
28358
9752
16215
10092
7347
6489
19347
23128
10955
29601
7844
7478
12825
21336
23257
8650
29752
29141
10189
26150
23004
16849
28002
21316
20612
21019
32066
22583
11664
18574
32104
24842
30845
11691
14111
18233
23353
24061
13913
29819
26851
12788
17901
10019
16850
13743
12613
25571
14554
32585
30892
15523
24010
31451
29246
10639
31019
16183
14906
24176
20056
6873
10778
20777
20750
27930
16665
7105
30162
8103
12030
31654
18892
21554
28038
29395
11905
6759
13520
23160
7499
16930
12699
8479
7888
7647
25024
29222
8015
18802
6343
18752
8687
18680
18320
7140
27905
13465
23409
15017
19334
24895
13134
30896
15764
17859
8573
28736
22806
32103
7603
7111
19117
28360
21859
14559
30197
16325
30736
19395
9806
11228
18074
24913
18653
8402
32182
21543
29919
9344
10799
15772
12125
18861
7467
32113
16374
22031
22915
28189
17119
32407
26528
13128
7208
7587
15052
15541
12353
6517
17218
17103
29503
28749
31122
29512
13396
24085
16871
27566
17711
10461
22484
16960
26720
9177
25806
19565
9136
14463
7008
14088
24222
25055
27904
17440
28580
19227
12092
17041
25709
20875
19613
21301
20771
12524
6341
20432
23394
14684
18265
26530
28281
16055
29917
27197
12694
24236
25337
13461
24742
18922
16603
29782
16242
23666
10203
13690
30687
22425
18848
28186
18031
18237
12651
31876
20490
15795
26619
19343
22885
18907
15941
17613
13638
10994
13802
23356
14856
15406
29371
24233
22624
13670
30653
15535
16740
30161
13629
12924
21343
26501
17563
26361
31941
19026
8946
19175
32250
25249
32507
16173
8770
9143
7727
30064
27488
12666
7468
16101
9404
26082
19405
15715
8295
10927
16846
10941
13434
6999
9583
10830
21678
15565
9303
22741
22938
9986
26236
12627
9606
12574
18831
28802
29742
18646
28372
26010
12678
15755
20208
17119
29381
17431
18463
17132
6582
10170
29910
23845
23742
32271
7353
20505
16221
22335
25500
29527
25379
15989
21839
23427
22802
7826
15962
14842
30924
24353
17406
30416
29705
19853
10088
6355
28944
9873
16466
9580
31609
21489
15005
30354
29240
12904
21346
6917
20856
29665
20785
27175
8707
29162
23731
32740
9156
20391
19598
7126
8739
12416
26761
22184
28207
17384
26609
30312
23742
12346
12091
24330
15765
15035
28188
7594
8431
21576
32011
17977
23177
11664
11007
29932
8998
23424
32242
13898
20139
8191
16622
13699
22075
10972
26506
9475
26751
26372
6775
18395
16080
10233
24610
11759
11805
19327
18823
32021
20850
9113
17397
20702
25241
15539
23555
20302
6121
21537
20051
16481
16572
32509
24377
15959
28445
24603
31262
16463
24449
24906
24514
13079
32333
30901
12878
25593
26265
22951
18808
17276
15924
8468
21102
32283
29097
15796
12199
14583
7423
22708
30493
19578
27298
25129
30819
9979
15056
11450
7822
31047
22489
16672
11417
22776
30270
12632
6408
22573
13458
7322
19660
9095
18643
32298
18791
21785
7221
12538
31312
30092
29580
26654
13721
17087
26009
30600
12239
25622
31580
30438
26402
14613
14781
30959
18885
30253
30122
8703
7064
28030
6543
12224
24325
21469
9423
15674
17703
8447
15624
31469
26930
19640
25753
11599
23311
20310
31329
8270
15686
28241
26314
12354
31265
11486
6662
24352
21519
10946
16281
18928
21830
25956
19224
32735
25260
17748
16944
11674
30200
28918
26601
25589
17172
32648
11564
11048
19654
25191
10222
15578
11408
16980
10017
21538
23215
17869
28962
11801
15420
31977
15078
31669
30042
24456
12981
10309
19851
6108
23029
28276
8224
6182
17249
6266
8896
32111
32336
9500
22340
12315
18686
21936
23925
24774
23145
10349
31876
14599
16280
28199
18199
15945
10460
14592
16155
22230
28143
14452
26984
9525
17730
27756
7144
11702
10743
10468
30460
31307
32010
9296
29225
12441
27993
28956
16177
20047
8949
11399
7287
32695
14832
25608
23446
17547
18123
17593
27633
22281
20045
28278
21516
32694
20228
18221
21912
23957
10804
32596
29892
22621
16996
31167
20529
8202
25372
15759
10031
11138
21998
11753
26614
22275
18611
13260
31731
26966
26903
32191
16583
28098
22872
22963
32575
32096
25162
24222
19832
21656
9311
25474
23623
29516
23397
19281
13271
32406
18896
31857
9108
15689
7738
7913
26952
16403
22628
15866
21380
30222
28943
11924
25410
15658
18582
28052
12488
30933
13086
13991
6096
26682
13760
32039
28389
10944
18709
8212
19984
25323
29948
21289
10420
23562
22935
16373
16055
20309
18839
12537
10466
14956
22970
30601
8051
11113
13431
9511
7433
9628
27015
30512
23783
28380
25119
30111
31029
25187
25720
14577
14395
23965
27688
19233
14935
20075
27150
21986
6793
8226
8296
7985
25813
19329
19313
10762
19433
25254
15825
20701
25088
26607
8590
27681
22790
21415
27205
29595
14380
21808
27300
31440
25503
12904
27357
20928
12357
20313
9638
7633
17159
28016
7961
32522
17445
15107
32074
16086
29862
20746
15068
31511
11556
6773
27449
26584
23669
17859
24761
25579
7249
29904
25747
28314
21893
7918
24737
14446
13893
22840
22120
14961
12506
31011
18259
10988
22425
17750
29247
21719
19976
10428
32339
20954
9715
7127
19090
22236
19324
14423
19430
18058
17944
10987
16208
16693
10037
30551
28927
13459
19489
17095
14938
18110
30503
6242
17339
24895
13703
23587
15367
9970
15192
24548
27001
20923
10938
20156
14241
6261
7779
25227
26284
12587
13051
6099
16357
17291
22552
21450
29564
24471
17823
12461
28347
19614
29528
25686
24646
17515
30093
29969
6571
28348
13277
12460
18969
12534
31457
6605
7789
9750
24945
16264
7995
21227
15734
13105
8025
27267
13075
19484
29602
14051
19080
19346
22516
31226
7510
14887
9595
23256
24228
26064
15922
13084
17121
6458
20902
20651
25920
26546
24318
32680
13551
21308
6200
28832
7250
30893
12447
20228
11813
19823
12536
7133
22179
16416
20907
8379
8039
15100
20450
30304
31355
6130
20644
7929
24268
23478
22952
17476
7947
10002
19804
18705
19749
21117
26667
26289
23127
26606
8960
11768
24952
28402
7942
21486
14778
16125
32435
14023
14292
19453
20484
12054
18609
8501
27658
20772
13697
32329
28581
19225
29130
19093
12688
19003
29275
21187
22941
30088
22093
8729
32066
26694
18769
7455
25941
17514
17873
31953
24852
22024
14565
8763
19048
28086
24077
11066
8043
19663
7831
19227
21799
26815
25123
18660
18337
28428
23122
6771
27414
16780
17148
22113
8836
8774
19620
17439
24428
18166
26616
12869
28374
15461
17620
32746
28770
24888
32111
16296
28111
6295
32121
20563
32693
13425
23940
7335
16279
18286
26854
30899
20252
21285
10028
26851
29373
9872
6640
32725
7379
14202
30383
7168
8492
19397
8722
20382
17431
26214
28202
27688
20030
8061
25130
24601
6360
13107
19727
17541
15738
15777
11980
13478
27705
11222
23972
19403
13861
8284
20183
20025
24851
14634
25472
31403
10400
19982
14561
25825
27936
13438
28178
16993
11201
16489
17672
24223
32278
28614
11290
17191
22867
22110
27345
25889
23796
23734
31408
16559
31380
24866
21575
17310
9139
8151
8757
13412
18719
8499
32046
14485
28975
13586
21998
22524
25951
32323
15708
15346
16634
21049
27698
7989
7977
16643
18750
11878
28629
22911
20623
21866
13859
32202
27279
22392
22961
23546
31380
11632
27726
24336
13395
7791
32050
11304
21128
18080
20001
32755
30318
27838
9993
10123
31691
25430
17684
22197
29046
20088
10085
9596
26258
12146
13785
12092
20029
31981
20036
16653
13077
28600
6511
13713
11385
22068
17905
9255
25766
11254
11533
30607
12166
16358
10701
11705
25857
7730
7406
8119
24680
10986
14891
15638
24790
16512
15039
21088
16723
14372
6437
13431
15220
8147
14882
15006
6629
11534
9989
9003
24849
10661
15662
7798
15340
8397
30413
29077
10967
25202
12524
18249
6596
20687
12924
17789
8602
11323
31195
26654
30939
20806
15855
32672
22404
7428
28782
10271
21044
27561
30364
13440
28817
25942
11657
15640
20905
11006
28561
18276
31507
18110
9991
32360
19616
17763
20346
13506
6191
6732
7223
20255
9756
21626
26639
20464
29790
26389
21083
23548
23471
18944
11581
21929
13888
13406
8488
9008
32705
13120
10658
26792
22398
26045
20296
10110
11084
22983
17171
9339
20059
13914
16091
8969
16998
13360
20249
14031
32204
23213
27121
22557
20638
6460
30576
19520
30268
16733
12050
11175
16832
12913
28295
23875
21678
24088
28086
20408
23056
16676
29699
29634
31076
12302
29389
32262
11377
7610
10555
10661
13204
22644
13625
17002
24393
28292
13757
19969
31704
16643
25167
21859
27693
14573
15304
25237
24577
21111
14938
27425
8217
29346
7376
31622
11668
15120
15639
14140
10540
20502
17582
10237
10623
17684
9786
25804
18935
8961
31917
16189
6400
15690
14824
17230
13904
18653
17134
8769
13224
27008
24890
26612
7423
10600
11268
27990
19420
31660
11949
19374
17874
17701
18665
31958
18261
19042
8956
11561
26354
21467
28783
30652
26528
28635
10468
15439
27504
29460
27008
14567
25247
19934
31997
13255
23994
25759
17446
19808
19205
26524
27857
15352
8990
23822
22916
15361
18654
25476
11351
11627
8320
25145
31379
19875
8709
30814
6741
11085
27350
14777
18694
31217
30108
11831
12756
19953
18349
26478
15295
21695
30168
19190
8273
23884
32162
15354
29527
17604
15841
20110
7141
7032
29930
29507
24218
21835
15606
29305
23845
7986
10187
25333
12040
7366
15768
15668
30620
15964
25376
14590
7510
26407
27418
10558
31631
28044
22232
18960
32235
26571
20045
13596
10267
20794
30328
28707
9571
17293
6865
18903
19579
19173
10645
30960
7439
15566
12586
12668
20418
12526
19546
9334
10099
7484
7574
7579
26559
30159
11236
13177
23140
15533
25977
15817
24627
19607
19313
10971
26487
11359
31491
26142
10068
24003
30121
18897
18594
22897
13112
17848
10830
30097
13221
14591
19615
16229
21523
11574
22948
13319
24186
26716
28610
10917
23453
25917
28212
12153
11807
9727
29020
23858
19688
25015
9401
18773
31946
26561
6986
22039
19812
14479
27462
6427
23879
18881
13152
31245
10584
10166
25030
10804
27510
7394
22904
24532
19548
11297
28710
16327
27848
16950
17308
32199
7362
10249
28593
13794
16581
10471
12942
31272
13724
19626
27316
26791
8585
28131
13889
23961
22519
24772
19068
14449
13379
18739
16989
21921
27517
18483
30738
26473
27061
7437
19834
7092
23366
29949
10052
25546
11959
10092
24566
28940
26010
18608
29855
27370
27827
19561
25543
24178
16221
12296
20786
19428
23082
10614
11690
26998
16586
11992
11582
13382
6958
10859
18251
10721
11756
21882
24186
14382
12774
16759
10506
18987
20263
30538
18704
26332
16141
8425
32380
21760
22957
28969
16285
17719
10548
15828
15080
23738
10249
32763
9717
22600
18043
11917
32202
23396
17048
10025
7260
16317
18843
6449
18259
30958
14346
10016
7182
24679
11487
12829
31975
32171
17894
12986
25528
7869
9830
19060
15774
21716
20739
6957
13308
10582
22755
28316
13330
7940
11792
19377
23537
21362
26322
29034
10328
21691
14861
10969
21385
32626
24176
23377
10276
30940
17103
19364
12938
6492
29514
22399
15700
23342
16256
30558
6173
8536
13743
29632
26303
27358
22812
10428
10429
17974
25833
24144
28065
6395
17142
22813
20945
30518
17130
23446
28677
19193
25393
12366
25427
6653
27241
12572
30098
23855
19272
28201
10335
24119
26663
12914
22085
13657
15883
10223
18330
17610
12460
25606
27831
25879
25295
24182
24743
26378
9379
26204
31678
23660
18447
7541
26739
10633
25235
26484
21985
11327
8226
30812
11979
8665
19091
17893
16861
22749
13589
14068
16180
18567
9032
22538
12065
15477
17565
9194
17962
26788
18547
27266
14930
31131
32128
27636
32155
29926
25630
20142
29246
32198
15831
17842
26983
21031
19259
31030
18959
8327
23440
18291
25575
12772
21202
12421
29287
16704
15595
9203
31331
31935
11220
19272
14661
21232
16637
21468
6554
19710
26095
32499
20688
27436
30768
22794
7661
30985
27750
15932
17252
14268
11456
20243
15732
11760
13970
10142
10258
15879
15167
12085
26968
6627
18524
10521
10014
31953
15122
16281
30072
9911
8226
21611
20095
29146
30450
28258
14165
17512
17502
29215
13923
15792
13677
18301
32485
17297
22991
15230
30121
27133
20834
12186
29459
16374
15956
21335
26213
28584
8841
7194
15933
6907
11324
28477
14944
29494
13800
12897
20334
26478
32105
13830
24469
7528
22110
11865
20290
7601
23507
11852
13492
31406
25885
22764
27548
17531
16900
15600
20983
19413
8681
20628
32275
26289
19357
13202
9348
13481
21011
21936
7601
13369
21968
28441
12160
30257
17501
22817
18833
14952
28644
20608
29372
26996
12342
31586
6905
23181
7092
16985
26462
27293
14520
25454
27096
27329
24112
18833
24273
24476
28610
20516
20595
26747
8155
18050
19118
31348
8652
20996
31964
32523
23883
14554
29000
11245
16501
25168
15668
8698
10156
16138
29217
22280
30976
8804
13386
11282
30013
7523
6770
9006
13770
26238
15071
24794
16849
10598
10291
16535
32416
7716
27690
30551
32592
20959
9696
26511
30628
28332
16380
7108
22067
12764
24689
10422
18890
22296
13529
21390
13836
24367
19043
14901
23387
7690
15285
32573
13820
18672
30961
17156
22645
30550
6589
31037
17722
9720
14860
6653
8678
28712
10524
22816
11155
29542
6360
17006
10348
29753
27583
11804
23012
20899
12845
21373
6151
29991
12541
18827
31374
6725
22806
24609
6775
28481
20209
6507
12883
8135
28217
22426
11061
16828
31077
26300
16402
23249
13789
11147
23551
25689
21401
11428
11791
16728
18775
31829
24470
23260
27837
27054
25100
22160
7838
23128
7534
7054
30024
29575
24033
6517
11074
19183
17561
26204
20325
17632
16377
20869
7760
6261
20219
26677
28878
25615
25506
19819
15209
26113
31183
6096
13567
11661
29314
31479
29199
22544
25906
13917
6692
11897
29485
12585
24412
14079
31058
18126
9832
16256
27536
19433
10884
8596
13720
14447
30898
10304
14533
16714
26603
20342
12539
30892
17354
16107
32039
18594
12275
25520
27993
31724
16123
18278
12671
18700
8489
20275
10723
14646
12414
13664
7082
22502
32242
17233
15006
29871
17409
10355
32072
18259
25190
13378
26978
19991
18215
18076
31665
17594
26833
27554
15296
28494
13829
21991
27679
8555
7731
10993
12307
32463
7392
8108
10989
19630
18113
24082
23764
16540
10888
19625
10122
28743
29282
24013
29260
27834
24860
30370
17658
14439
24882
16973
7800
25138
11850
17764
20626
22014
14338
17826
14761
7949
8683
23008
9027
6794
24476
13888
28419
17375
21838
12081
12421
18510
26819
31103
13569
11580
10164
9345
26735
12496
10185
7705
14708
6333
19155
22718
8814
25436
12035
32431
18542
29671
8022
6232
28809
27520
14927
29764
6131
10784
24923
6587
23939
8078
29945
6336
7496
27719
9460
20796
29699
32542
9882
6510
18186
9755
8871
11127
29344
8585
19467
6526
12842
27979
21486
8608
16563
13423
24306
9348
21100
8966
24504
9687
15792
27284
31397
12536
27371
22322
22246
30196
15101
14456
13966
12980
22162
28531
16590
15477
28487
18093
31048
15737
8356
23707
30652
31484
28228
27775
15369
14186
27958
25145
21868
23902
7330
24672
15346
7055
12720
27793
12177
16687
23205
13831
13419
19539
15696
10860
9297
11938
13476
19695
31110
30215
23646
23212
14022
15329
25482
20183
17654
11180
18233
8034
15231
21482
7509
15936
26587
25171
22880
31522
31990
16310
13722
29047
23655
11443
18441
16687
16439
18660
25920
29304
30242
12943
22262
30780
12566
9269
22207
23200
32500
15044
8924
7787
32506
27662
7978
14440
21387
16762
7619
8922
24883
11002
13858
13923
32486
32317
27999
24548
31624
30245
23199
14704
7347
18043
16122
10034
31412
6114
15404
21249
24022
32633
32584
18855
14670
18981
19304
21945
23785
9119
27703
21602
25146
18575
23174
16255
17078
20311
8340
22962
12621
17740
9279
26622
15039
26930
18851
14830
7078
7886
7193
16163
14263
20883
16165
13103
9105
14436
24408
7074
20312
9666
26979
8447
23066
7117
13582
6513
14921
16801
11252
17345
12429
26945
11985
16204
20944
13852
16016
23898
17862
25827
6489
27181
19230
31054
21818
25790
23121
32713
11330
16851
28780
8156
22764
11136
32476
31021
27649
29022
32295
7647
22129
26554
15440
14572
22771
26749
18826
11425
12377
27272
18348
14855
20626
25416
8813
12902
15488
26251
27190
30772
22343
30866
26019
9126
30186
18023
31367
15120
14761
14449
23254
11292
29590
13314
11492
12085
15227
6847
29983
12329
18558
27474
9934
25916
6574
32156
7328
28639
29488
7911
27012
11285
6691
13290
27441
26167
18050
21949
27427
10080
27724
9167
20704
23435
8162
6153
18816
27396
6576
30007
9918
6625
7439
8798
25844
30743
18026
20560
23498
18061
30009
7549
12051
9598
16810
11276
14496
22118
32382
24107
25273
10244
26163
11427
12237
11923
7269
19375
10583
12097
19163
12213
8927
24546
12903
22103
12155
20198
17166
13965
22170
24627
32617
32243
32065
17993
12107
7457
14712
20893
9637
26712
26447
19172
7590
11515
7930
31544
29478
13763
18681
25300
14916
20331
18941
18147
31310
20963
25878
20315
25508
20346
20377
28994
31315
24566
24854
21170
6222
28693
26328
6467
6078
18105
29424
16872
7404
20295
23660
15629
25835
10815
16070
8965
26419
20343
14160
12424
14988
25514
23102
18265
16686
32320
15694
31013
24614
32053
23450
26221
17915
11971
9650
21183
20744
14481
29601
25336
17858
12136
19759
29008
11473
27548
19305
26524
25840
30810
22623
29751
18499
24149
14075
10229
32569
27142
19009
12376
28585
18539
25046
8718
29061
7072
12223
28146
28649
9197
19308
10236
30820
14750
26101
15052
16548
11318
22866
15010
23234
29755
20146
19801
24364
6284
30569
29674
21871
32245
21755
30360
15269
21761
23761
24938
30834
6671
16776
9438
12682
23464
20568
11996
23687
15120
24389
25006
20519
23323
20641
7276
9451
12610
28626
23383
29470
27894
19653
24111
9903
26933
28675
18732
10979
23642
10643
11448
29644
14905
11361
31824
30015
31851
19565
14720
29165
17639
9639
19215
17872
31979
22890
21623
12233
24985
17734
8599
24199
14908
16454
31404
17578
7917
25057
29822
30760
21361
6437
17197
8432
20550
30065
17209
15054
9950
32180
11728
11919
11338
22947
10918
8879
14595
30982
29974
16781
31589
13702
14652
18338
25350
12901
13662
22661
22085
9502
10484
12863
26150
28814
24241
11558
29789
20323
13598
22016
32680
24511
19817
14900
25594
20418
20758
19119
20310
28286
17764
12422
14545
14155
22658
14045
19963
18820
19951
28295
31640
26689
31480
15343
21480
26838
29820
22966
31109
27293
26897
28317
12146
15350
7957
15014
15447
20097
17607
8054
19313
27865
19527
25981
6146
27372
17403
29530
26051
15465
24708
9977
31352
16147
25329
19455
21959
12038
12082
31719
6986
9479
9935
21771
25315
18872
7130
19115
25424
22663
28706
25986
11007
6943
13481
26427
23331
13887
23896
9838
6407
24348
23794
13859
10658
11354
15687
27960
27501
25637
12307
32003
8817
29226
24459
23351
19108
6851
31571
10796
25717
6204
8589
20890
28582
22136
19825
26556
28523
27674
7168
10311
23151
31139
21698
25677
24333
13970
19041
32354
6271
7483
30075
23120
16450
31116
21241
8901
7004
17682
27439
13841
26863
29748
28818
27784
7950
26509
26482
7719
27087
16040
23387
11131
8354
18440
22261
29434
9697
12908
11945
12869
25768
25425
32143
9495
24806
28586
30772
20189
28659
11304
20345
18945
24038
17655
17463
7626
17120
6086
32723
6246
17618
7498
23249
27908
26185
31315
20571
8896
19781
19206
29318
31080
23438
13165
18637
6951
13445
22835
29375
11080
24148
10920
25332
14630
29825
7658
17989
30209
26820
7177
27452
24459
17942
19585
15818
9851
10763
13450
11064
10138
26721
16055
11018
29012
9919
32410
9245
11314
12101
15479
6144
22478
19939
7833
22853
18870
8681
11002
28677
6684
8801
24416
10925
30429
10551
10708
15362
31489
28305
25461
16246
13459
20062
10246
11936
19655
8640
10717
8251
28438
23561
13454
8545
18486
8458
23044
8810
30250
8006
30028
12838
22573
25371
16594
16651
30117
21874
18123
12261
12038
14978
10106
19500
30196
6756
21884
11180
20648
28993
23090
29331
11412
16079
10199
11336
17482
8304
8944
13710
7322
27071
7815
10295
23802
11112
19996
21823
15216
7230
26862
31191
21018
6279
18193
10162
11269
11162
18847
10200
10206
22445
30922
13194
23028
15845
10979
14879
26576
6334
13157
16541
20317
17020
9675
26490
10573
12834
7720
12849
27319
11379
14962
7405
27141
19292
6478
24448
11021
9513
15098
24011
13950
24350
10883
8242
6573
8824
11496
12365
8849
23195
14700
11744
27837
11942
13277
12302
21887
15158
7196
18121
29585
26622
22234
12429
20622
18796
29600
6222
23382
28217
26160
28591
31566
11070
22644
14708
15738
22921
30061
22586
14421
15024
22283
13669
26368
30565
29960
21595
16287
27723
15436
9712
13757
14600
12722
12320
13183
17820
12815
24068
14630
12785
29553
19576
18712
25522
11172
9273
16943
9825
32763
24398
16612
28357
8780
32071
17519
10720
16189
9278
12080
28425
8638
29294
9806
19897
12247
31503
21556
9855
9380
24714
21702
24441
11166
23333
18082
13349
16667
10599
21478
14196
31769
22257
10245
15392
9527
16735
8018
26323
16132
28096
12645
28954
25468
17286
23233
6200
6864
21697
18868
10431
21605
29640
21118
10746
17185
27015
28341
19517
10722
13799
19431
8425
19791
13451
11650
6860
24019
31165
9713
21676
21733
31656
27400
9251
22732
23495
18850
20142
28709
25757
31880
25300
10846
10416
27285
28209
29827
10127
20386
24482
27392
23202
28642
15081
29204
20868
25889
28822
15912
7714
6803
15181
7161
17032
21727
15823
7162
29238
10809
27458
24927
13837
10980
27630
8594
20493
26965
13958
11851
27043
19861
9725
32125
19583
14311
8604
15465
27460
13995
22655
11326
25220
21378
26699
18711
31612
15283
30659
22929
19898
18381
11293
21509
14455
9870
14895
9175
29923
12036
13025
27494
26669
7666
23286
20066
25701
17013
13609
11987
9011
24039
29308
26048
22729
15108
15565
27768
29462
16459
30481
11782
22845
10163
30458
24991
16197
30932
11884
6356
25106
12267
16596
31021
16276
19448
15924
16054
7998
24685
6585
18362
32442
27295
14454
10922
14043
20322
24059
12306
27859
22385
18218
29364
9126
19216
26438
22454
7085
28911
31565
13552
8065
29778
26504
27480
28736
30319
28417
9089
7665
20247
14195
13154
26431
16537
20967
31603
22176
8932
13566
30832
25992
18923
25579
8670
24541
11086
12773
14289
7082
20744
22393
25962
22807
6272
29220
10249
24217
14667
8737
17868
9574
24507
14976
30785
10796
24527
14200
17093
13826
23505
28414
24087
13215
13442
12182
32395
25801
15785
16746
14200
11438
31212
32153
6730
24254
19647
28625
8649
21255
24527
13856
25246
7813
30625
26006
9490
30951
31606
26065
19482
30440
13427
32034
11665
7657
27649
30675
16324
11604
12651
10237
16435
13947
16088
11348
14230
9309
21845
13239
32543
31218
31733
7941
11007
32531
14268
30001
32299
26842
19433
23961
19296
24377
31504
30442
26468
7567
12369
18420
31601
22629
18906
15304
28555
25168
8131
9811
24569
16859
10967
21757
6803
25538
24659
12407
17399
15713
13906
22822
20516
29547
15551
9080
21151
22751
16528
11897
16411
23096
20677
18593
15706
10469
24128
27210
8700
15096
14965
12862
32663
29474
22697
11980
16424
9285
17078
16926
18063
26862
26245
31501
23105
30212
21951
16408
26592
29121
28510
6705
8251
11747
19359
21664
20737
16747
23011
28235
15408
20444
12951
6844
13916
6169
16375
24651
31222
13745
15930
12195
16334
22240
17770
23310
16599
12812
29363
16414
24750
23495
7582
8769
9294
25335
14974
16566
23223
31181
15372
24574
6284
17398
14414
11893
28078
13480
21693
19619
30453
12961
15782
22702
12477
21710
11473
15699
21153
19691
17249
13365
6278
27865
15099
17012
7388
10204
12842
25474
10272
13318
6146
22066
6565
24563
31492
16402
19861
28855
16194
6907
9266
7189
32708
8422
15651
29426
7977
10753
17259
20488
19345
12547
16902
7903
31163
29116
13965
12062
7019
22000
10308
19475
13269
9317
24835
28152
13985
9787
29209
6190
15311
13948
24630
30326
9075
28660
16839
20759
25501
27971
20158
10445
25357
20272
7569
11022
8231
32064
12677
9243
13065
21640
15916
27275
28281
14527
17452
24023
11502
15255
27459
6901
6828
20045
15752
10797
27441
12671
10228
30758
32208
21831
25632
10401
13724
11109
12112
22631
24453
30249
29361
8078
6908
19697
16607
30886
29577
17767
19626
13050
29616
24271
15642
8057
16417
21912
10513
8299
13841
21808
12976
13489
12695
31773
10012
13674
17157
26186
30529
22970
8483
12702
29304
9658
23055
12499
31589
28808
15554
16518
14341
21703
29874
29322
24486
9748
9334
25009
10807
13113
25951
20143
17602
30883
23454
13318
28471
22295
24337
9350
10091
8864
27714
18632
26934
7628
23518
30168
11463
13591
8635
25667
30659
20705
28091
23921
16112
16955
21490
21301
25252
19807
16395
8411
31093
6113
14311
6946
18427
7304
12680
7725
26071
6119
26966
6351
13299
28703
7359
15906
17991
19773
19820
11975
12654
14840
28818
16851
15103
24915
28382
15185
30116
19065
6325
9653
23822
18774
29395
20888
28911
13992
13874
20901
19595
25033
9784
17114
15033
30833
10213
26204
13372
25569
10724
25145
16013
27714
25344
26466
10204
10050
10626
6293
17489
20810
7048
32396
20662
25498
30120
15249
23963
27359
15574
7640
27025
8155
16264
11281
9825
12584
12824
24638
19552
18411
27241
7931
11433
6860
32461
26555
19853
23538
19494
22674
20129
17198
10060
9169
10519
16908
15791
26130
13704
25238
26942
10242
16113
24098
31623
32157
18171
8367
17439
9268
24447
27714
22084
24714
15689
30473
20929
23349
26652
27465
13074
20216
11255
9112
28361
7467
12183
30540
23600
24865
21565
11059
13104
10444
17073
23173
8561
9382
18823
27670
15043
11741
28833
26576
18621
8938
26101
16481
15779
12409
10128
25905
20109
19182
20246
12439
30918
30275
8478
29032
30323
25500
18754
13856
26229
23773
24283
30443
11152
21075
7782
22647
18124
16498
30414
30076
12571
16501
20534
6716
30781
29230
12274
32145
8929
24476
24022
22163
8205
16064
28340
21175
17855
26612
22560
22723
8917
12533
29046
14654
10282
31693
15803
25640
27906
23489
23823
29742
6718
11496
22930
22879
9301
18853
6473
10888
18516
25643
13167
26100
8775
8311
32097
23658
10319
7050
30814
19590
23575
25975
19595
19301
14728
23100
30010
12707
12669
31748
20903
26318
15051
9018
25643
27801
21684
15753
28573
19172
27439
29635
24111
27970
21908
28812
9774
10584
19606
20955
21892
11984
23045
18255
13857
31560
8823
27335
17433
7327
16148
6368
14827
29765
12906
16786
17345
18672
13617
22656
13047
8336
19386
28043
24733
30342
15717
31039
13858
8720
23216
26821
20251
26437
14437
30479
26688
15055
7953
28310
16311
12164
6272
20121
19094
26489
23344
27161
25507
8391
9575
10546
22366
21569
15932
29868
28993
13363
30110
32718
28230
9083
19187
25714
30890
10392
26368
17759
30899
8162
27913
27346
17377
22713
26425
22123
28532
12115
21060
17142
8385
16828
27404
16969
17626
12592
11007
28750
31395
13707
32009
27679
28985
11903
15017
29255
6585
28391
10654
9864
21050
25705
14406
10403
12830
27304
21511
26917
22413
24251
32493
13906
23715
19699
26772
14954
22387
8808
15209
17819
6988
13822
9836
31174
7995
26629
23320
28340
11728
15909
6151
15937
16933
26188
28591
13616
13853
7096
23473
15576
9706
11418
23668
29269
11474
10317
15373
11327
24370
17495
30819
13746
9667
13893
6288
21610
24092
6390
29066
22937
25720
29026
7682
19002
27322
10099
11660
24994
16558
26415
20225
8792
29074
29654
31265
26918
23253
15427
23677
13936
8222
17969
14653
8645
8336
17098
20029
11188
20813
11832
22341
25057
8504
13406
31576
18053
18944
19910
8229
17184
12890
10459
21181
24340
17805
13145
31548
20718
25652
22529
29612
31653
21055
17553
15023
18169
17980
19443
7324
13131
32213
14517
31122
24499
31641
9145
17361
13901
20991
9006
17478
13011
8103
26046
24494
30577
8420
22306
19551
9172
31352
25171
32610
8837
8606
9337
11872
24693
7517
9770
10704
8921
23740
27987
22968
28471
16162
31963
24373
14785
26815
22131
16554
19939
20767
9293
17052
9496
30366
19152
6364
8193
13774
19104
20838
21944
11842
9682
26249
28002
27917
20474
15432
13827
23306
9468
26982
28823
27483
24877
31951
18299
26697
14041
12070
30071
17226
11312
7247
9648
11715
21653
24560
18333
6092
25679
20541
17383
21813
11394
8938
12519
9990
29759
23528
11379
22984
23703
15539
22345
13260
22037
20958
31433
7844
15596
21374
20151
9903
28302
24974
15074
8540
14912
24466
24783
6324
26314
13179
8122
17274
16499
27595
12845
14393
17196
29918
18897
11774
13580
9751
7557
32766
17660
7346
7597
19928
31438
16378
17100
24534
15590
23330
10838
8303
11960
7946
30143
20241
28024
26277
8152
20510
24402
23924
15451
15925
32167
20035
21956
8370
29507
6773
23907
27512
31563
8593
25008
11246
16595
6881
32478
28724
28062
9684
15795
28167
28936
14752
21654
10434
30657
14379
32490
8743
25524
10284
24218
8341
23984
23181
7157
28398
23928
32533
14269
17858
10856
27715
17274
25325
25343
7805
29716
27019
15136
12906
17057
16681
17332
24220
20477
31880
26893
12402
31639
7582
14037
16146
27666
23262
6212
20641
27660
18873
26774
19774
24761
21754
26557
23696
17332
12186
26451
6420
22423
24492
17362
17836
30965
17631
32263
20805
31896
26602
17785
15799
22664
6794
7894
28140
31722
29340
13622
8005
6576
22044
23940
29905
20607
20004
11440
9792
26374
18374
31227
27887
8847
16495
11007
30820
27603
6192
31432
26852
13843
15472
9050
32195
23652
25843
22430
11652
26955
26624
22134
7647
31881
11549
13267
28495
17208
30553
22187
20762
13847
19037
10462
31825
10702
31380
29803
14168
16231
20005
8415
19019
6676
32674
25876
25182
20948
15586
16663
20300
21340
32147
21610
9568
28736
23495
25708
6597
14604
21935
10005
14567
15760
23717
9702
19885
10107
21872
19744
17233
25388
28100
31541
18468
19140
27401
9340
12623
32758
22109
24360
26508
7494
10716
27515
24166
21629
25375
22919
23270
30242
7938
17238
19049
6253
8875
18170
16407
10176
30152
17063
12567
14538
29207
14512
8789
11851
27692
6127
30956
20495
22895
22969
7819
28208
20517
15377
29470
20928
14383
27676
20939
13063
30807
13526
21114
15448
16842
23399
8865
7194
24609
26471
26994
9706
18982
11321
18075
28368
9363
31446
18775
28024
25117
31923
12434
12611
9393
19093
30286
30258
17406
26884
10821
10934
7475
26876
24528
24824
13369
15653
13063
20912
19717
12744
10538
13959
22775
19641
28736
31355
27079
27799
16893
30840
8540
14332
28137
14228
25677
32621
20159
7397
25492
32564
12051
32388
32032
12594
24888
6303
22387
31119
7740
22955
10491
31794
29236
29007
30101
13590
28298
24967
17743
28828
32350
15881
14450
8061
15064
21983
7360
9987
14137
20424
26618
6582
14251
21045
15269
17120
22140
27316
22030
21987
8951
9865
27006
7730
21968
12004
27397
9274
9410
32742
29875
28235
31094
12367
8741
27422
8129
21247
18576
29118
16004
32573
14795
6870
29013
15856
12363
14188
6480
18340
15842
8139
29456
31086
25662
28353
24654
17050
30800
32011
16039
10742
27004
12558
24536
15144
18844
30408
30877
24132
28318
29701
18279
19870
10067
19670
7513
7645
26264
31673
16307
18071
13559
29664
21765
32387
8348
16310
11593
9754
20607
18035
10779
32715
18737
26700
18698
7380
28373
16993
17269
28538
26732
9794
30670
15078
18519
12384
21539
6161
7702
8897
22326
32422
21846
22520
13039
21668
14282
25173
7560
22283
6810
11097
9164
17296
27994
10092
6866
17404
17883
29138
7201
28770
21896
25820
32101
18411
6730
25875
13710
32496
19021
16474
10677
20299
11526
10414
17446
17901
28816
9476
26069
22294
29095
31396
10891
31595
25472
26072
24502
9032
8855
19716
21311
29783
10274
28731
13174
14248
12852
9137
29512
21534
10729
25937
23286
13032
15887
16725
28733
19379
17153
14892
8685
11235
25776
10046
18835
29060
27946
32503
13127
12639
7536
16350
16470
14927
24258
27847
11917
19438
6429
6473
6794
9901
21251
6770
25283
25124
32378
12218
18465
32166
18762
14390
30132
24345
30396
18446
26385
13316
32736
12849
27011
26858
25236
23111
22939
10967
11249
25320
13643
10040
19470
8227
19679
32239
6802
21953
22539
6567
22606
15139
20811
25189
32542
6536
19159
32352
7892
6140
14828
11110
17706
8942
26487
18576
9401
20521
7528
22807
30261
16134
8169
9959
15374
18655
9869
30928
11514
30461
31003
6682
10643
26999
19918
10225
27267
15500
9810
7010
18431
30192
9577
10968
6801
22678
14057
21242
6427
31083
31573
7224
22553
20873
28646
24228
20006
16557
9957
30724
11295
23000
6968
10277
17490
25760
11302
18737
7784
25513
10092
19396
20805
25810
29324
20348
11641
16017
13730
16421
24473
20981
8106
17530
8226
20185
24000
26135
23389
11869
29655
20262
17522
28055
15103
18496
28306
31365
24202
32271
21304
13638
13421
10545
32609
26955
29929
8486
28628
9288
25751
21192
21533
31151
19119
26998
20698
20318
30251
22759
12475
22743
21928
19427
21650
9265
29754
15231
25179
7438
12097
19696
25978
15309
15091
20815
17475
13569
6483
29500
11967
15649
23560
18781
27309
13441
20651
18031
8392
20352
30719
22205
26375
13316
23721
29282
17835
7459
13999
23299
19893
25123
31893
31038
26038
26021
21983
26054
12299
20509
8982
6191
31719
8325
25414
26981
8863
27219
6632
27107
31348
12200
25091
7016
11277
11210
7961
24542
24388
8660
17959
20827
21161
12157
14540
19489
6260
17682
23470
30611
26367
28615
27674
19933
14548
18909
22762
32121
8672
9997
8876
10110
31847
13372
15361
6849
12305
21522
31554
8520
7398
24492
14953
13620
27922
24465
27183
21184
30269
20712
7027
28258
22357
19176
10715
20786
31500
6287
16061
8256
20224
6807
31552
28203
31016
31427
13262
21052
14428
20677
13933
6387
11800
26643
32575
8893
30077
30650
11014
24132
11160
25379
8156
14806
19687
15462
20674
24514
31996
20485
27271
28771
15905
6361
18412
7120
30527
12364
28933
16747
22007
12071
10722
19736
30306
12401
21615
22051
7020
29200
10649
25462
6414
14927
30120
8260
27597
17195
13723
19822
27011
30190
6590
21416
28513
6587
16631
10134
12597
9368
32669
23861
31416
7944
17129
20156
19474
30100
19906
22666
27414
6265
10287
7321
21286
14548
23997
22355
13069
14227
31522
30375
17616
31449
9567
10075
14058
14630
12971
19620
10959
14064
23629
22931
22842
13928
19056
10003
15967
19122
21248
21007
19072
22750
32018
17851
8808
9498
23749
6316
30590
16422
12664
20006
10025
26888
22398
24449
31928
14080
32078
13289
18139
8126
32222
10064
9459
11731
32460
13892
31259
31590
8177
19583
20524
17704
18545
24673
28493
10634
11154
8694
31424
26669
30073
22035
16184
13721
22618
26530
21715
30515
22757
9018
7068
31593
12057
20723
21019
18531
24632
8312
8478
10672
17500
7005
13201
31791
26330
14155
9867
21642
16107
13530
15683
27839
19285
21655
17763
6134
9660
29286
18244
9366
16477
7954
7770
19033
20276
22146
13754
21607
25686
19926
28121
16121
9227
26547
14999
7431
29352
17114
28796
6275
24474
22011
11329
21972
23263
21466
19610
11142
19010
13943
20498
6598
24999
18642
14416
28918
17167
32680
6361
26975
23662
27271
25197
11638
30404
10792
14934
24685
10545
8446
31159
19422
10853
22815
22347
9541
19670
8707
27469
28593
20907
28282
24389
18666
25305
12195
23539
14248
30860
6155
14462
10754
11720
26290
18354
14377
18512
24420
16127
32598
30663
7494
8963
10497
20503
29616
12118
29268
17164
20794
10781
18399
7500
22810
22758
18829
19043
9901
12253
19159
25657
28499
17844
9015
20908
30336
10206
25312
30839
22678
15258
16300
18008
27867
12333
20054
21874
22673
26222
23529
12272
14249
29064
31608
30443
14589
13151
7184
28813
17687
25573
15083
16759
22825
25984
26853
21857
13297
25323
10439
15104
10452
16941
18173
30509
28368
17954
15939
17018
13638
11690
9452
27337
28533
14972
13796
31825
21707
24463
31835
16799
26122
28547
31820
21262
11573
12524
9975
23088
30116
25697
29586
10031
19031
22722
28732
24804
11915
7724
24370
13906
17547
30856
13381
24288
22217
22123
25447
8006
30509
30888
19030
15841
10413
23152
26466
12230
18206
13567
32595
26687
8521
19398
30814
27228
31042
31072
8262
27842
24309
28627
31626
32613
6402
19986
8964
28859
16306
11974
24790
9617
28362
21481
22429
31131
28713
22019
14486
16999
13355
29377
11232
20540
22834
27812
13825
25278
17980
19331
29020
23059
24396
22516
16819
13869
31983
10575
30106
10782
19246
20467
7211
10492
11995
23177
25340
7444
25509
9173
11542
18872
20265
24379
28039
26632
9604
20098
13795
12688
17902
30164
23910
31431
14520
23319
17429
10938
7204
31047
10597
28520
21370
6500
29684
26554
11352
26465
8567
25749
28234
8812
29427
22658
26918
25460
10545
19983
21098
11497
25964
10195
23668
10179
26936
8776
14432
12741
31000
12939
6688
8451
10023
22706
30328
24738
20881
12877
9113
19167
13634
8294
16191
25682
18670
21901
7818
23668
26564
24656
28682
30560
8961
30741
17432
17622
8694
26200
28525
18565
15140
11138
31725
30602
12652
8394
7108
12084
23166
11540
21172
18930
12869
13519
18861
12303
24229
31649
26844
6980
22058
11753
21132
20847
32019
30002
32737
6683
8780
13323
13062
16352
18593
31333
13108
18404
9134
6460
14727
17058
21519
6522
7252
6634
20585
6680
17596
9928
25730
22918
8833
25835
17737
28237
11883
14614
13313
29427
