10000
0
10
1
30
33
6
21
31
70
48
54
31
28
62
77
162
158
71
179
124
66
156
132
53
110
171
313
72
101
333
237
278
312
350
179
167
78
248
199
137
155
462
559
399
202
280
220
231
86
233
141
255
254
347
489
131
292
123
164
338
521
384
331
381
441
335
506
448
535
340
293
297
203
187
114
293
283
255
470
244
185
225
206
1018
523
650
815
426
767
678
428
536
471
408
377
256
378
289
219
247
295
219
375
630
310
456
261
674
497
1153
515
173
617
422
303
397
264
222
407
883
633
1011
588
1246
411
653
430
1147
744
1609
727
524
395
521
1040
471
547
665
536
1006
379
602
611
785
428
518
538
196
891
279
277
366
808
550
314
364
430
796
589
2233
750
894
1205
469
373
546
1087
1520
1811
1069
593
792
1438
1034
1130
972
615
1556
896
1004
937
1226
1322
754
969
576
1271
970
797
919
1722
358
374
587
642
470
354
342
603
1410
2122
734
1461
230
838
948
1207
884
630
568
653
1991
605
1289
688
781
876
1029
829
1185
1404
883
1575
418
527
1145
2373
1480
717
712
937
798
1311
771
1625
358
397
1165
488
1105
2114
931
732
1099
2149
1000
1265
1722
1444
1345
1046
1163
1553
765
794
1569
1588
1195
987
1843
1760
1086
1316
1996
579
924
1135
1160
2176
1107
1850
717
821
563
931
850
1669
661
1008
1186
1938
824
623
725
810
804
730
2396
1158
1067
829
1692
671
885
668
853
643
1777
1104
286
859
863
1108
586
570
1984
2259
681
878
1126
344
598
3980
2642
985
1925
1476
667
1734
3623
2941
799
1682
1512
951
1484
1469
471
624
3036
776
846
2366
1256
2731
1731
1640
3778
3246
1756
3984
876
626
4939
1497
1694
1552
2003
1355
1604
3184
1512
1990
797
2549
1598
1682
3999
1236
2646
1581
2199
1066
1723
2081
2904
2987
1428
1830
1809
1220
637
703
1453
3122
2354
1329
1632
1572
3182
1114
3187
1919
1387
1078
1448
1153
1188
1867
1500
1994
833
626
930
760
2107
1956
964
2653
1506
2809
3040
5047
1053
2065
2203
1923
706
1198
1213
920
4016
1277
1506
1585
2002
2087
1504
2134
754
899
1777
3875
2360
5113
1160
806
3664
2857
2564
1391
794
3782
1031
1109
1321
2054
1629
1386
2846
2154
1431
1788
2458
921
2264
2969
763
1339
707
1053
1397
1577
3142
2585
1551
1688
1581
2638
739
1144
1447
1413
2794
1744
1472
1692
1473
2012
4814
1710
805
3237
1284
1422
2949
2299
739
1396
1413
3151
2192
2513
1544
3393
1113
1742
1257
1492
2592
2309
2021
1041
1777
2213
2818
2704
2320
1960
1372
2270
3804
2108
2337
2028
5586
2073
2325
938
1252
3226
1903
1595
2430
1975
1303
4155
1322
2421
2548
2170
1886
3060
4330
5203
2017
1954
2382
2005
3862
1084
934
2983
1436
2078
1561
1654
2610
2979
1226
4937
1926
1904
1026
1702
1445
906
1143
3416
1092
1391
4233
1251
3307
1727
1853
715
1300
2977
1389
1431
2203
2044
1572
1616
906
1989
1589
1933
1970
940
2080
3317
4112
2084
2705
4193
1351
2347
2175
2416
886
1904
1931
1834
822
1279
1412
2332
1277
1525
2752
1568
1207
859
3937
2087
3390
1120
600
645
3237
2143
1081
1063
1505
1579
1698
1834
2535
1784
2353
2951
3551
2328
766
822
1296
1614
2359
1841
600
453
793
7327
5035
5444
3668
2902
1209
3175
3437
4320
6923
2750
3175
2095
7121
5860
6127
9492
4195
3851
3248
4787
3080
3585
1868
4434
2463
3015
1907
6064
4099
3242
4624
1132
1777
1898
3051
4051
1715
4131
1355
3160
4072
4037
2506
3682
5976
3149
7866
2829
2553
2718
9306
7067
6824
7065
4524
3551
4770
4349
4513
6490
2101
1146
4946
6413
7401
2616
2367
6978
2812
7485
3199
3302
4850
2333
1770
3536
6875
3661
5294
2381
6163
3775
1208
6127
3756
4238
1839
3886
4240
5038
4436
5434
3350
3374
3896
3278
2554
3992
8163
5230
2839
3675
4898
2275
3173
6549
4712
3246
8042
3683
1460
2190
1967
4855
4465
4075
4796
6995
848
6556
1616
2760
5309
2481
5094
3651
5957
6047
3861
3698
2117
3217
4845
2750
8693
4629
5203
1849
4896
4807
3501
2674
3605
2435
3029
1525
1567
3464
2442
2182
2518
3883
3833
4139
5073
2554
5633
4526
2093
7445
5134
4907
1580
1444
2749
865
3386
5011
4901
3629
1290
1461
7522
5108
2102
1710
3096
3034
5317
3502
8091
5227
3085
1191
2084
2313
6117
3596
8167
2906
4859
4039
1830
5930
1336
2067
2309
1966
4541
4716
2508
4585
3080
3118
8154
2588
3112
2587
4536
5963
5977
3856
7778
4269
3952
4749
1418
7364
3045
3939
5459
4815
7153
3478
7532
5200
3090
1417
3161
2373
6665
6390
4226
3232
8699
6160
2675
2650
1190
1832
3984
4892
2325
1606
1576
3026
1587
3567
2211
2189
2380
2140
1997
3176
3876
4275
2619
2205
1690
2472
7686
1937
5538
3965
5077
5656
3347
4498
5643
5560
4754
3125
5653
3091
1706
2191
1979
1526
12286
2583
2633
2164
4433
3161
2913
3170
5205
1863
5206
4569
3316
2314
3047
2673
4768
1024
7760
2227
3606
10073
1921
4330
4019
6204
2066
3030
4494
1876
3299
9398
4515
3170
2461
3217
7315
6972
1754
2001
837
2411
5408
3560
2092
2317
1704
2926
8170
6316
3086
4248
1122
774
2678
1709
4256
5220
5234
4653
2451
2647
6248
3816
1868
3143
7501
4364
5226
2674
3209
6935
5413
2781
3109
3756
4416
3085
4534
3240
2192
2356
4126
3135
7602
3124
2683
2795
3616
3033
3759
5363
3675
6447
1977
2123
2915
2322
3412
6082
6747
9628
3309
2864
4711
3301
7928
2768
13632
5798
6291
4452
5109
3945
3928
3173
7225
1726
4258
4665
3126
2127
2415
10172
5424
7662
4170
5135
3897
1368
8693
5277
3398
7463
4347
8642
4037
3334
4108
14377
4541
4130
4209
3433
4509
5022
5691
8467
2863
2808
2188
3104
4709
3114
4239
2665
4411
10226
2344
3154
2883
2882
4591
3185
2098
2280
2612
4109
1704
3016
2001
4092
4913
3022
13872
3377
6640
3100
9947
5204
2060
3132
2634
6390
5054
6513
2987
2447
1665
3613
2135
4257
4554
3203
4834
6321
1439
7714
1773
7339
4705
4351
9034
1496
4227
4014
12342
1927
3407
2990
1311
979
1842
5689
5889
3836
6046
5702
4954
9050
6127
2454
7492
6990
1651
2393
6204
5115
2929
1904
4265
9058
5369
4851
3257
2404
2550
2418
4918
1085
3320
2938
3970
4676
7373
5941
9145
2311
4683
5351
5428
9273
1923
1899
2408
4159
12284
3989
3420
4182
1720
2760
3680
1973
5412
2614
2690
3802
844
5883
7726
11736
5952
9713
4052
4395
2018
1810
6488
2508
4003
3470
2298
10442
2279
1717
2637
967
7747
5302
3007
4270
6393
3467
2985
9925
2711
3453
4545
4223
5630
6997
2350
4677
4331
2029
4762
1917
5010
6923
3308
5211
2155
1972
2596
3177
3489
5228
3814
3956
2576
6429
3750
4737
6949
10272
3696
7137
8705
1810
917
2385
2374
3459
2363
8158
4215
4324
4645
4077
904
1447
4495
2020
3217
1592
7818
7818
8022
6552
12534
6657
5374
4656
7067
5647
6776
3900
4193
12381
4117
6706
4779
4961
7173
7667
8062
6169
7385
5005
7407
5915
10890
9667
6617
12505
7091
6966
10273
9668
8778
10068
5485
5102
4099
4094
7954
8993
4541
3670
6592
10693
2287
2132
5891
6296
6113
3625
5754
3163
3007
3169
9217
13215
9459
4325
7692
10979
4639
6014
2231
6095
6070
5635
8744
4970
4544
9588
11239
4246
4395
8190
4976
7805
9501
3462
3697
5140
6048
7231
5055
5698
10769
4633
4246
5541
9055
6940
3895
3676
20645
8693
4674
3838
4878
7065
5525
5396
12766
9943
9677
7448
8393
7199
9336
16142
12659
6029
3778
7217
6842
8299
19596
6325
11391
9324
13826
8920
9031
10730
3129
2280
8649
8124
11044
7960
9225
9464
8832
9775
3059
2869
7303
8712
9312
5818
7740
11161
8392
4645
5170
10880
6136
5568
2787
7784
8275
5549
6489
8533
7895
9643
6958
11759
9587
5431
8803
5962
8004
10840
5956
11249
11471
8723
6130
8314
4658
7681
4426
10437
3085
9890
3978
4802
5566
4717
5374
5725
10926
6166
9285
6558
12377
13192
6990
10618
6782
11349
6186
4250
3923
5787
5485
8407
9928
15689
6603
9162
3674
6791
11831
12284
7400
9194
4457
4395
4111
4693
7484
9186
9083
14117
8085
3335
9859
9056
11823
4659
1472
1996
7149
14042
5492
6131
9281
9496
5851
12492
18918
4683
4874
10554
7059
12777
1004
1658
7565
15474
1809
2373
3827
7676
9477
13701
4347
4283
13517
7622
11667
4696
8572
7831
11598
11438
12997
8383
4574
5067
9860
3821
12926
9335
7959
6863
3951
7496
12839
20488
5783
6668
12973
8152
3948
8519
6639
13263
6690
6686
5713
5691
4644
5527
10801
16531
2944
5087
9093
10163
4104
1555
4885
4115
17849
7020
9984
3203
17707
14829
8534
10497
14551
13137
8236
16197
8443
13442
15136
11253
5977
2953
6380
8021
5384
4836
13315
3273
15759
11959
11150
9186
6662
6502
3171
12203
3235
8270
4432
7049
905
10374
3994
6628
14166
5969
5887
7966
8725
4000
6128
10166
10308
5068
9676
9060
8422
5975
4338
2923
3859
4156
5206
3752
9662
9709
9454
5982
5622
6290
9870
9492
5589
7705
5917
3390
10345
9809
9092
7293
8765
7936
11022
10859
16965
8151
10506
10548
7229
10073
4862
5525
5520
6881
4053
2917
8392
7481
1505
2913
11767
3980
3086
5144
8560
12730
7237
7511
6428
5898
2813
2770
6234
4901
6542
6546
10107
6576
12873
11711
5231
8898
4814
5425
5069
2600
5443
18743
9071
14815
6845
7524
5276
9547
12516
11388
10354
4595
4603
5609
5182
8881
8102
12108
11528
9927
6777
3356
10544
4250
14151
7494
9525
6923
14410
10279
7125
10814
11057
13019
7078
6911
4258
15900
7098
4891
4481
10918
3102
11845
10631
7677
8054
6818
4383
10814
15905
7875
10134
11457
8532
8417
3187
6224
10848
4498
3088
2453
12624
3310
6111
4967
10058
8388
5170
5133
4529
9411
10621
4982
5481
4404
16002
8153
6816
11648
2618
4613
9871
4948
5987
3207
12894
15252
3224
6271
5510
6066
6738
12197
7131
5603
3884
4213
5290
4648
5934
2205
5704
6402
9653
7912
8478
9597
7971
10659
9992
6873
8081
7252
6241
7595
12660
3779
13900
8338
5932
14556
7728
8136
9744
10325
9527
10336
8518
5811
9118
9863
4469
4831
6223
4383
7535
2426
1704
4461
14031
13576
4033
7421
7237
5266
7603
5180
4515
6720
7149
5274
7340
8424
12354
10680
5309
7701
13756
2962
5401
13347
4992
7678
7654
4082
12024
4963
3764
14403
16683
8683
7216
4912
4300
3278
13653
10874
4044
7235
3864
5575
10165
12088
6618
2275
5444
8662
6272
7240
6785
6429
2090
2969
5395
8820
9849
8460
3985
8663
4287
4268
9717
22736
7801
5059
6239
9006
11822
2584
10926
3930
10754
8698
7367
7434
1933
6548
5288
16390
7281
898
4822
2881
6647
6932
5331
9094
3344
10735
3062
7481
12700
1775
18409
7438
10931
10391
9726
9981
4487
4172
16661
12954
4186
7152
9209
4199
4967
3294
3370
4197
5798
5923
6411
5769
5509
9734
9659
7512
3906
3650
8974
6924
11803
6477
7541
4112
4849
2173
5312
12233
16592
9184
6020
9680
5840
8442
10244
3360
4695
10277
8682
8748
5839
7662
4077
14283
10802
4049
12679
4163
7557
5505
12071
4013
5745
8215
6684
4435
18508
8671
2793
4485
6389
6910
3683
8300
14693
8367
5110
4443
5091
3911
5032
2979
4392
6015
7573
12481
13267
14203
5832
7385
4740
12342
9944
9556
9036
3244
3327
2626
8175
20759
2706
7575
4634
4507
9252
13018
7338
7612
15235
10503
15636
12982
3173
7412
5647
5654
4406
3675
8829
9885
9691
6905
16210
13741
8231
10508
6724
12389
7158
9651
16125
5499
5092
7853
14002
8830
5879
3711
8306
12500
6886
3564
5378
11142
6372
5568
7099
3367
6685
3892
5529
7290
15048
11831
7067
6757
9053
9848
7064
6149
14460
9718
6824
6940
3949
4161
11769
13041
7238
7294
8436
8311
9375
9532
5861
5930
8859
10404
7248
11174
9926
6460
6431
4687
17364
16543
9264
4561
4208
5676
5685
5199
8834
9001
5226
4971
7506
9420
6124
11122
11150
10241
4083
2867
11868
5445
4943
2772
10322
6008
6001
6231
3387
4403
5041
17892
4560
4866
6458
12086
15648
12357
6103
4817
8198
5416
4117
8808
8895
3716
5659
8152
19707
3453
6573
3218
3377
8736
10278
8618
4298
5094
3716
3567
5927
5275
7262
6710
6124
17975
5385
5552
3428
3542
14018
14118
4524
4338
12642
8760
3534
6305
10344
11156
12436
11665
10112
9289
8722
3703
8377
6697
12515
16225
7077
8434
9104
8448
6426
5754
3724
10177
15659
3999
8496
4436
5319
7851
10472
9293
5938
17848
6405
3870
7733
7172
10821
7005
4677
3316
9707
8535
2490
5125
9997
8298
7106
14092
13942
4522
13806
12826
3234
4110
4869
4487
5569
6526
12949
13731
4859
6414
4454
11202
6607
9199
5763
1710
6306
3858
3596
3842
7807
7632
8317
6400
7076
7520
16481
6741
7092
8060
8296
5684
10658
12882
8863
6403
2553
2932
15058
10415
7941
8417
4341
2661
2427
12661
8768
6619
8662
9030
5520
7991
7177
3457
13796
17053
14079
9278
6434
6003
8217
5160
5771
9800
3048
7839
3306
3701
7943
5733
10950
7059
8081
10035
10177
5461
4194
13945
5726
5379
15266
5295
7704
11012
9896
5952
11420
9214
4985
3034
10873
6616
9491
7711
11189
7513
14872
12146
10493
6899
2611
6813
9928
3723
13558
4733
14489
13030
5833
5588
6863
7055
5508
4421
8642
6078
11372
2986
5362
12490
3086
4904
8974
9178
2707
4198
7261
3003
8832
5074
5882
3952
6932
9529
11458
9240
14079
16564
10959
7205
10068
11526
5428
8374
9955
6229
4364
6531
5778
11236
7850
6697
4092
2817
16249
9339
5443
11539
2553
10956
12426
10573
5548
3415
4678
1984
3961
6979
2612
6671
9994
8212
6207
8392
4209
8168
5784
4440
10231
7037
15388
12593
6137
5079
11615
12129
4639
2881
4376
3903
12297
10647
4922
11502
5768
12815
7354
8589
8162
12230
10025
7075
11642
7808
7451
3502
8548
9827
3312
2518
6026
5813
8476
13890
11389
3354
9006
5471
5921
9728
8198
11927
8653
5054
5789
4135
6398
5577
9209
14713
8862
3875
5510
4922
3362
4723
7033
6897
8849
5151
5104
10674
7474
11392
21149
23005
5944
8956
8608
12676
11955
9996
8486
5163
2922
2683
8371
2432
7912
9305
4125
6230
8300
12418
11826
8967
8479
4219
5950
8667
8819
6837
6095
9308
1635
6602
2163
1745
9449
7017
2515
4628
5094
3964
1968
2958
11975
18883
8002
10205
26717
11593
8732
8490
13643
15880
15166
7501
14412
6336
19564
7582
28437
12974
17287
11073
6871
8595
17866
5963
5421
16356
14036
19685
16073
5110
15302
10816
7716
17188
8941
6759
13769
7283
16196
12970
13223
20198
6468
9583
10201
15813
6928
9013
9504
18595
18272
9170
10973
12897
14892
16920
8853
7147
18107
20713
13933
7692
24343
12723
16645
12674
9712
23996
10900
22855
11393
10141
6248
20860
6639
12575
9093
7295
19368
14207
13527
8979
18335
19925
10981
13212
4421
8118
7776
10971
23611
11463
17637
10221
8487
2694
10346
9197
13710
13105
19624
9040
19750
15748
7350
13159
18002
6731
5071
11644
19095
7127
9877
14464
14364
24089
21019
14505
6712
9493
27014
8262
16761
13384
5277
15821
20193
6905
3268
15320
26348
10718
10888
14647
16607
10394
10827
23972
21719
10523
9184
6596
10699
16133
20094
14249
14558
13486
22364
17964
8252
12846
12406
28869
22927
9202
18242
12855
5729
5585
18029
14585
7317
15253
7400
8763
8501
8962
25263
7753
7405
16014
21582
13987
5924
4793
11393
7129
20288
14949
10669
13656
18452
9236
10489
7071
7647
15061
22621
23987
12535
23107
9904
4812
10674
6753
10974
7568
9238
22528
6182
18650
14450
20407
19519
13282
10980
15292
19863
18071
12114
16502
9046
11501
11807
15412
16765
12287
18398
19079
17215
22167
23911
6064
28485
14117
22075
23057
8216
22186
20489
11972
25288
21070
8938
11795
14084
18236
19114
9674
21533
16299
9165
9879
13817
15859
20932
14611
11312
13237
2792
10578
23094
14417
12195
15800
13773
19358
21139
8665
18062
11735
18892
10202
14529
23831
10117
17610
21370
7151
5979
4349
10362
9907
15163
10024
11652
9453
11503
18021
12883
12963
18854
15730
15334
9024
19623
8877
13676
19679
11048
12875
6291
10397
6692
11362
9702
4112
10188
13224
14247
23878
14331
6993
6853
7017
18896
14575
11376
14174
9816
13384
18635
21837
15449
25734
18331
22659
12105
21251
15459
15247
15756
16476
8596
9326
14139
23045
11074
25409
17378
21174
19756
21021
12414
13006
13088
15677
11482
22478
23196
10764
9406
9397
7087
11886
11195
15856
3167
14895
17737
19261
18518
4949
5189
16292
20079
14653
10504
5593
6339
10251
11407
7747
12218
21184
6513
20261
22900
18293
12385
14733
18407
14659
16660
20399
7911
14026
19659
11774
8123
11358
19335
16254
8226
15414
9406
7736
6202
12346
19896
11826
16980
13731
22033
10842
13550
12794
26703
15818
12173
12150
16606
10532
11002
5061
12041
18039
19571
18836
18514
13308
24204
13648
20443
18648
12971
8582
8544
7400
14339
17096
13055
9675
13510
9373
15075
15389
21234
14475
17103
16343
8237
10064
15206
8667
11109
18901
15531
13992
29159
11879
5034
20309
18403
9068
24482
13791
14248
18765
16388
20896
6990
10730
7338
11589
19603
19073
26643
16679
9708
10023
12888
21056
28415
24965
16951
18427
4932
7594
17134
14845
15224
8010
16332
19071
2150
23067
2973
22627
15330
9795
19137
16395
4911
16869
13952
5087
12856
7432
10703
26982
17503
16595
16684
14719
5570
5215
5237
13768
17800
19803
8178
28956
28031
21205
8424
6512
21954
15541
13872
24516
13568
11823
11895
14516
18212
23978
13394
20444
17673
7353
21724
18275
18679
16220
22353
18212
22393
20452
14606
12730
19437
16333
6969
11136
18826
5602
12950
17030
13247
13620
20909
20768
14491
14771
28838
12110
18187
18091
26381
14668
8936
13721
15267
11535
17992
7092
15917
17162
7421
9233
10644
15367
9550
16821
5749
6208
19645
8524
10962
8659
21624
17918
16824
19542
9992
6269
7731
9966
23918
19641
15298
22573
20320
10595
6449
11168
7116
12169
12422
4741
26881
19826
12886
8443
16582
16376
4228
6595
18393
20226
19265
15948
11205
17088
15004
11304
14876
15142
21008
27462
26838
14727
18967
18835
13211
8784
15263
18807
15897
20507
11352
14670
8663
6275
18738
27742
13258
14902
21693
13606
16928
18785
8229
26162
14064
15221
6184
12398
24488
19912
20205
24585
16703
12809
13804
12973
9141
10327
12076
15134
15985
4736
13183
22547
6057
10644
18546
17309
17983
9881
15204
8465
1838
1449
14017
16029
16581
14001
8300
13066
14577
25241
22380
10663
11106
12607
14650
16188
9512
9950
12374
12435
7099
14818
12558
15312
13842
14807
8565
12900
11371
9738
13208
9777
20489
10824
12707
16639
11154
13898
8904
13909
9300
6335
14167
7533
11763
6671
6430
16256
15015
9899
20059
12315
18455
10439
18078
12074
9038
6779
15471
22011
11927
26102
25967
12054
9592
16757
21554
8499
14389
14202
3765
5703
20950
21171
13077
18679
11406
11525
10961
17338
19244
18743
9009
17839
15621
19830
17330
11023
17399
22675
12291
20956
19072
20177
17301
12764
12629
20663
18775
10276
29452
13684
15152
19884
8145
19314
8489
10628
4446
4821
10857
7209
10712
18226
16609
11096
18299
3433
11107
6159
13740
21122
6440
11785
18063
6061
6366
5257
11171
10712
23810
17889
15247
8868
21161
12577
15371
11619
10865
6916
14576
6470
7316
22797
22222
18078
17238
12577
7191
13716
7637
11160
17153
20947
6586
8137
14409
19355
13937
16499
12962
17009
12512
20251
6568
6641
10493
16969
13463
14501
11202
4255
8858
8744
24863
19111
13944
11625
17163
16262
11570
7325
12783
14080
25320
11422
13547
19261
16265
22538
16642
23500
17497
20881
6135
22205
7943
7002
6659
6323
16227
5815
11380
17459
15892
9509
12292
19943
19320
23064
21993
11445
13048
7543
10134
8866
23496
21255
6742
8869
23309
27694
8249
14930
12869
13337
12522
22462
14768
19646
17819
13001
11430
18322
12175
14654
14158
27884
19616
19706
7603
11680
17865
7292
15358
5349
18964
17242
9593
10400
18086
20996
5494
18410
16831
20091
4393
14947
15425
18945
13468
12341
10285
15018
9664
24637
9438
7097
13122
15168
13686
12079
17076
19544
8290
22977
17393
10534
11526
23772
10973
15321
11063
20698
28005
15839
10366
7370
21740
10954
7861
14100
5406
7918
20936
7138
18275
12964
15142
19869
9589
24991
7068
8870
18240
12763
20933
14333
19065
11729
15629
11361
18621
4947
9583
16628
22959
25907
6396
5811
13543
7952
20632
14596
20045
17375
10366
10130
15258
8676
11807
19927
27963
20811
5173
8861
18411
24427
10796
15730
9045
17106
14867
8291
20228
15921
15478
17589
4820
11140
12231
11894
6910
10876
11030
25949
16001
7392
17151
27671
14871
8285
22462
7128
6409
13292
4604
10076
21014
8239
18639
14947
12464
14581
5207
6107
20669
5722
8661
8853
16931
14960
16104
12610
11055
9630
21853
12746
15900
8583
20173
11436
12836
12464
16528
24575
14162
9022
27221
18589
19038
26791
12099
25015
22862
18743
6414
5187
16740
21632
14613
8572
8526
11382
20635
14963
8990
14840
8529
14116
19343
10838
11183
11659
9727
15630
15133
21933
22399
13579
11034
9679
13125
13441
29016
18793
14926
4611
7910
9308
11107
8464
5129
5055
15095
17190
17497
21519
5412
8144
16468
19690
14948
27260
28038
23022
12125
20627
23898
9114
18902
18390
8456
7511
12059
13288
5565
5881
10339
24814
12570
14309
7381
9705
8488
12361
17632
7358
10727
15605
13927
21829
11234
11245
6824
6248
12277
13351
15594
21701
19382
10413
6177
10830
22840
14857
19067
18424
16697
11302
10784
11387
4536
4838
25155
12338
11785
10908
5777
8961
19847
19181
26773
21079
17732
8781
9352
19523
13102
6563
16103
12408
3357
16584
16323
15159
22490
15657
6353
6289
8460
8796
17302
10407
12515
21436
15118
20085
14925
17060
10716
17390
4538
21637
7674
7326
21519
14793
6941
6649
12178
9886
14470
8286
9750
9587
7712
8824
15842
5078
20846
20263
10144
12391
13419
11140
17254
17740
18018
7573
9203
10133
8193
10459
23098
6548
16387
15943
24017
22820
8457
17192
18064
5330
27282
8171
29525
17841
15369
18470
16428
3604
17072
27886
18103
7013
11200
17614
15364
8811
18891
19925
8825
10867
10488
13874
8431
7159
5375
13256
19297
23599
19316
9261
15402
1452
18164
22057
14319
25100
8397
15036
7114
7810
13673
10291
25286
18022
17049
4182
13626
14053
27603
7002
8561
18250
23445
23995
24087
7804
22951
20039
18715
16880
17017
21750
18007
14274
10334
10650
17154
18194
5004
20183
10692
17067
18505
18367
25506
13277
15747
8396
8449
12059
12473
10595
6360
10906
8645
13664
6441
3749
7097
13800
17855
10195
21960
25620
6588
18150
15361
6429
6189
16667
16949
18927
9794
12425
11081
10611
16628
20133
6178
4333
22370
6720
11886
19570
23410
15396
12661
15865
10481
6616
14180
9588
23345
8589
10582
11556
3188
22256
6667
13829
12651
13641
18755
24259
10460
17622
12541
9739
18715
17776
9317
15986
10963
12276
14708
18393
20241
5505
10552
6701
19380
11702
20154
19144
15449
13342
6323
12939
11260
8373
4962
17296
18669
21975
17519
14184
7223
6126
15280
17350
11268
7100
10377
11065
10760
12080
16134
17294
4848
5922
18118
20349
9230
19137
10638
16475
26845
8936
20034
24883
16739
18740
5595
17664
4900
16159
7480
6798
15479
9601
10109
6933
10528
10515
24325
21614
8866
9435
6095
16858
5826
5084
5879
11149
9764
10615
17885
10405
14743
6102
19857
19299
12398
18271
15955
19630
14311
26616
21437
19003
17357
21242
13533
7507
7863
15521
11459
19520
23181
16157
20923
20377
14096
11284
19930
24031
10321
6875
5437
13266
3863
7955
16171
16972
20891
24647
5571
9686
12688
12785
11542
20989
16056
19171
15103
10795
13746
13138
8662
7643
19845
12418
23030
16028
20516
13109
18300
21466
21709
18148
14489
29299
15145
11319
11352
14535
11072
13372
12291
4807
13080
5576
10018
13607
13366
13647
13619
19956
11199
12101
20201
21962
16824
17662
9717
11033
17571
14563
19799
8109
12502
14971
11800
10265
17976
13281
18598
17746
9926
11794
15163
7679
16841
13221
20870
21893
19413
18686
6558
6780
8401
15231
20449
10355
17959
15061
7118
10443
6896
13341
5468
19338
20289
15896
8188
15533
12053
14837
7404
9621
7642
10813
21971
17963
5539
24650
24445
20813
12052
16242
25013
18204
15329
19658
15878
9560
9314
9507
11133
28562
18458
9934
13317
12366
8159
8405
14998
15727
9929
19854
10617
15387
18682
9968
6834
17602
23499
14929
25282
21452
18304
13533
13610
8060
20520
14532
9333
13063
21957
13171
11095
17923
11116
26090
23607
20554
12216
6389
15185
11919
11611
11170
13433
15456
15728
19991
17376
12570
16935
19445
16834
10726
10949
17094
30014
26490
23101
19809
18361
11081
7141
19442
7033
9678
9636
18950
7780
7317
9612
16078
10426
16784
15386
14108
15811
17126
8203
5155
17585
8856
22031
9431
6803
9880
11277
12736
28346
17352
13073
11803
7519
7261
9552
8191
16672
13903
10357
14312
13434
16845
17949
22811
11788
15919
8800
8185
15480
6845
6911
7233
5724
8898
10180
23242
14448
14692
23684
20856
14810
8739
19661
15133
11970
21109
20614
15836
26122
30107
20758
12447
17443
21135
14229
6985
8960
19192
9864
17149
20933
4140
9908
14116
15138
17512
9863
4769
5873
9077
8789
8936
22275
22561
4028
22423
10967
13094
3223
19114
8822
18357
19837
10144
14712
10918
13979
14924
14096
17258
23489
29187
13059
14334
8711
25804
16561
8650
6848
8977
11270
7699
14876
12253
9674
11458
24248
24463
8210
11192
7697
12587
3515
7556
5517
5135
14207
16319
25186
18719
9607
14413
6322
12447
18953
17481
17972
11184
16684
10621
8013
12547
16371
10472
29543
13369
22261
15648
13404
20738
17214
18539
13859
22340
13494
11317
8395
4366
11252
12067
20736
8303
24121
22148
21190
25225
12759
8309
22230
12144
20415
14541
11157
12974
12891
11582
8262
25183
13338
12908
16606
15096
18073
21888
12882
14384
12340
21574
5996
20896
5349
29291
17352
27920
25503
10746
10270
17298
17898
11405
17974
23356
6606
11271
17272
24074
13571
8630
23135
7346
18329
18930
11675
18291
5566
5817
9253
4092
12529
11218
8604
15764
7362
6084
9853
13281
14093
22083
22107
10864
10809
17518
21634
18731
19027
20364
19179
5776
16624
15418
14582
17850
7829
11543
6774
5631
14023
12749
13946
15768
8596
9971
7812
21220
20527
13764
14693
13780
11269
6209
22474
13887
8542
24892
13237
15724
8969
13609
15377
10837
7791
12456
18688
6740
16176
7232
4843
4418
13135
18479
13016
4321
14081
16295
10119
18556
12500
19254
6567
6964
11712
7425
11579
15750
18623
20003
10920
17259
14354
11800
11867
20074
9729
12857
6917
8389
13323
11421
20202
17238
11784
15422
17769
22307
6071
5999
5530
14927
15676
15586
14008
17736
9252
15652
17057
9367
14027
4621
12188
5235
10442
3417
15036
14077
20024
22660
7626
20561
9924
9480
19992
15588
12097
6490
11524
13058
8281
10347
11966
10991
15941
21269
18914
19458
23738
17803
9623
10903
8752
13785
9441
16424
13615
16983
16355
16924
12154
13187
9938
24082
8360
18082
8978
11176
5369
7327
21827
9020
14483
9402
11857
7105
12560
20303
10859
8477
11671
9172
24448
17193
23151
17228
18692
16003
4538
5797
23313
19102
15627
15735
18829
9350
23609
15870
13728
13338
13481
12194
18620
15186
16104
10114
20486
17964
20819
17654
10474
16610
18150
6735
7320
14790
15164
17864
12135
10075
10738
9945
13706
16498
17717
13661
14097
18262
16044
15479
25564
23275
23432
18898
6980
15100
7977
17420
11303
14134
25903
15205
4645
13663
19206
18105
5533
15148
21691
14936
18956
22208
11450
7984
11692
14216
9223
9033
18744
7956
22654
8011
9304
6212
21858
12580
12330
11394
12061
11757
8052
10900
7171
7604
22436
18528
10600
17760
12086
6289
11154
10920
12530
13516
10164
2849
5439
19989
19366
10034
9830
8890
11487
10566
5688
22486
10494
6411
8574
11077
13510
16195
15214
15148
16070
14299
14667
13782
17945
16548
17674
24345
17838
24812
14231
12916
14222
14583
12864
16965
12972
14511
9507
19409
15786
15730
17718
8031
13098
5288
10641
9537
25872
11817
12525
28727
8593
9025
11206
20315
21971
19887
5831
4613
18607
20130
15450
13053
11776
11878
17786
13642
3206
14392
14874
25577
13169
16311
15987
11680
11536
12534
18052
7153
4866
20960
5030
9374
11892
24705
16904
10638
16077
3673
9898
20546
12361
14143
14819
9972
8357
7055
12966
11446
8562
27970
15493
11409
12451
9263
16825
5692
11151
13152
11374
9001
16645
22697
14886
19586
20557
12201
6081
11525
11705
11956
16483
14156
15002
20353
5180
3459
5106
11858
6911
22083
12670
13355
25023
14745
28133
14735
12170
20294
8316
12610
25969
15147
26210
8373
16384
10837
11146
11056
24181
25770
17811
16639
16866
22975
15268
21151
8519
8875
8971
13181
11746
6613
18012
9826
12906
17805
3601
8996
2935
6755
7521
10549
17634
13470
19172
23536
15648
20762
27622
21797
10024
6567
14938
13871
22655
12634
11062
9338
13604
14089
13882
18113
16844
19923
24999
8857
21212
7626
16693
10582
5895
8250
11381
13353
14785
11968
20914
20891
27191
17761
13361
20756
11487
16627
14604
13115
7404
15179
7027
9343
17166
11096
8123
23474
11721
19364
17537
12894
11340
9879
6599
7201
13798
22842
9728
15421
11606
14952
23894
24309
25177
28524
10352
10858
10606
20311
12608
10426
18728
23176
13100
12053
14394
17842
18738
14564
8483
7608
3258
12912
7120
4695
9146
21087
6612
6396
17302
13532
10696
17047
14426
17895
9275
10226
21391
9868
17059
12488
16383
16306
10862
11380
16073
10342
6709
8575
9371
19952
11804
15462
14053
28495
9121
12173
6394
9226
27689
15910
6668
6192
17091
19814
20203
12686
2847
2255
12867
11489
22796
8825
6511
6102
9101
9475
16070
12153
7037
4456
13473
7144
3419
11339
17490
16983
27768
19334
18442
18394
31935
17670
29420
27544
22355
17047
32739
27350
20319
31318
28037
16468
16855
19785
28199
18317
14927
19899
26683
29229
8267
22100
32142
25160
13795
19197
30268
29272
14425
15504
18073
19196
22453
21886
8542
28038
11149
9454
27360
21822
19612
7417
20558
25723
18699
17475
22079
30439
31952
23868
24232
28027
16513
9325
20837
26214
29649
14690
24581
30849
31726
25659
13173
21005
28931
15402
20310
32317
20883
26602
19862
28587
30737
22765
20886
27587
29205
31554
13799
9918
18456
17971
11079
15747
26420
17381
12796
16393
22572
27734
19968
27955
26540
24960
18527
24213
9695
14258
22653
18417
21228
30355
25230
20982
18308
21415
9111
17046
13722
7493
20994
25934
27952
29606
28465
31852
25674
11900
31596
26893
16756
30271
29719
26819
16591
20745
18250
9979
25716
31908
18122
28188
27939
31693
22121
17534
32172
25499
13901
9690
32307
24522
29342
19077
17970
19672
26783
28770
17091
29458
26272
23590
18395
28357
23824
21573
28388
21674
18666
23572
29170
32248
32250
28261
17003
30490
30549
23601
32017
18211
29951
19274
29765
20262
28789
24756
19693
28119
22166
18314
18595
14514
8497
10762
29596
11286
16410
12204
22550
12506
23047
31534
32595
28617
27048
31861
26180
19765
26073
23968
16957
28666
21961
25420
26287
30434
20502
24611
28067
13934
18082
23564
14318
20860
26664
26070
26866
20550
20848
15475
22820
26170
23401
18451
31274
27324
23856
28845
17472
29068
14933
10681
20755
14237
29417
29634
23401
32518
30826
27974
21451
22065
6305
10305
16379
26118
23543
25809
31097
15493
11326
14587
23040
27699
31437
28254
18090
19898
16796
16414
19497
31618
18828
23318
26682
28463
15881
28899
25430
26479
27812
29631
13796
22653
28321
22591
23810
29761
31002
18838
26195
26359
28564
23845
15902
21926
22043
18885
28953
26291
25203
28132
31616
31387
10596
16336
32070
21573
19435
17725
31306
31632
29862
27007
31616
25818
26455
19216
28757
21442
6601
11080
31154
9493
29315
29387
24070
26090
13563
9917
24104
23821
31016
14742
30490
29167
30170
9545
32270
9352
25448
29385
12658
17584
30044
21985
25408
25502
23900
25278
21302
14515
10812
6648
13463
7547
25839
17834
17985
24931
24045
29815
29345
24069
14659
23123
26331
16694
24929
25525
16188
13395
12855
32761
27504
20376
19739
23362
32064
23771
28120
29773
24301
24267
26853
13324
24526
31383
16126
20438
14166
15075
32633
25362
32763
14845
25035
30192
9762
18486
18692
20897
27695
26470
18934
23572
23661
25061
25060
20610
31062
21124
24638
24646
25851
30419
12834
27249
27006
28906
21464
27307
27854
31306
17271
32271
24666
17679
15938
10812
27758
20215
28548
25931
29095
21153
16772
18488
23216
29316
28597
19029
19688
23733
30986
30371
27916
30754
31916
28693
8305
17145
31166
30124
14895
30001
23373
24341
29638
23631
8581
16288
26487
26538
24905
24518
20244
28823
28292
28793
28026
27011
9558
29176
18327
14494
30089
23449
27650
27952
19528
29113
13616
25260
31480
25829
20738
31493
21988
10516
21871
22289
15168
19763
32507
16273
26697
31620
30999
28840
29571
14781
22317
17723
29792
20343
17110
22057
24603
23291
20970
27448
13313
19487
17669
26091
16722
16357
31441
29984
28889
28126
21970
25751
31063
31004
31791
30335
24374
25048
20354
32143
15439
28262
27731
26924
15110
10827
29005
23334
29672
26102
9429
30512
12329
28431
19674
23944
24494
19619
31777
9983
20451
25330
14684
22444
29119
16748
22610
11927
29044
20300
31166
18932
14983
24041
26417
25876
23041
30072
31747
25100
30371
24492
12005
22229
28185
22593
31081
13958
23106
29531
19836
24571
28617
11438
22349
26422
21376
16567
28054
24366
7287
11099
20927
20008
29340
12888
28987
14782
18182
30086
30845
31506
17969
20637
30028
25670
32567
19372
27989
15360
21725
31383
14934
28800
26589
30908
22695
28190
25129
13790
27999
18076
14928
26920
14673
24084
21610
26498
26937
27617
26795
20990
28786
26518
23050
19697
31698
23775
25224
28389
31765
30848
31449
18349
18033
22262
15806
30916
25440
27469
23104
23772
14098
9671
29925
17453
27330
29088
12761
28964
28039
30617
19752
18655
26982
24134
22099
28969
27173
22133
25036
24998
31698
30389
14474
26530
25370
30149
14953
25197
27638
26262
29452
27446
28964
20869
19366
24068
13056
16329
32380
31056
27823
16187
18299
23531
20980
24074
5749
23140
28042
24579
27294
30951
21550
25787
24841
19988
14831
7254
13220
28512
17039
30748
30679
32069
16828
29562
30357
27652
24384
14137
17715
20338
11976
17881
17798
17714
27999
11870
19478
19403
30621
22581
17424
8527
31518
28051
30286
24414
30224
23055
25490
23877
24294
27653
19522
19223
23358
27037
26692
18069
29389
32196
17424
9756
27614
27507
31882
20462
24377
31909
19304
20551
19516
13333
19646
24690
26699
20336
27942
29587
30686
22617
9486
28099
27273
21732
22150
10069
30648
28224
20602
21917
30128
15463
27806
23718
17070
27234
31711
26081
31882
27078
16961
16080
23493
28008
30720
27702
19996
24603
22554
13522
31929
20809
29001
26242
17784
32009
31040
27985
5691
25810
17751
32409
25584
22281
21906
27488
27398
30338
29533
19415
27514
15017
30373
25827
18487
19490
21388
31749
30925
28973
17534
20366
23244
10561
21451
30014
23421
16998
24715
27444
24088
26708
15394
25726
11669
22562
25173
16427
22379
32272
31711
20564
20915
22582
30142
22305
23926
20524
32545
30620
22453
28908
25130
28715
30502
14359
20125
24080
28348
29532
26401
13094
28138
22215
25637
27102
31904
16408
30547
30492
20266
20489
20360
27830
30618
28248
20091
25641
11765
15228
32353
29214
14580
31596
21316
27450
32288
21963
30236
25553
24213
23387
16424
31463
18856
14319
7459
30107
22319
32008
30079
29936
29810
20455
27024
29862
18968
20718
22218
9723
24148
10956
28422
14528
32378
28059
31612
31678
27388
25244
25360
22832
32701
32274
21874
15829
21322
13536
19557
30276
23349
21678
19981
30336
14914
29202
32588
22390
29494
19190
32092
22720
23722
30003
10851
17328
26881
23969
23137
24286
32129
15293
24449
31759
17870
21388
24477
30946
31391
28227
29698
32596
23925
17368
27094
19229
16432
21382
28326
17934
28411
27438
30761
31904
20930
17417
18156
25826
29329
16516
10393
27793
19580
8799
20483
32032
30663
21901
20475
28318
19843
32403
31425
22577
31956
32540
29842
29611
25664
25328
19069
18723
20717
6565
23670
23161
26115
28244
32648
21814
24807
28560
21355
26003
27286
17362
26369
15883
27190
15576
26920
19652
25946
32139
20708
23693
29891
26841
25613
20716
10442
20808
31788
23822
26523
32311
30858
27727
20787
26785
31735
28994
22550
23288
28322
30693
24129
31729
32623
18037
13472
20458
21099
26306
27293
16488
31090
22859
29507
18174
29841
31912
31842
16307
26719
29082
24187
32202
15059
28946
15851
19128
28681
23504
22985
26211
16516
22596
27172
25803
28930
29544
31764
30886
29865
28939
20956
30789
27604
29820
24766
31603
30308
9384
21241
24998
24821
23335
21682
32755
28061
19599
22420
29654
31609
15971
20438
25871
9050
18352
26998
13601
26394
14756
19010
31378
12534
19689
18193
21631
29602
32329
22108
6688
19918
19711
31529
15912
23211
20955
26756
14961
31902
28165
23060
23023
26157
22083
23302
21340
20418
20789
28259
25064
18657
27988
30611
24352
32559
28412
25937
25297
18629
24549
29614
23277
29465
30212
23381
23502
29658
13007
29720
24573
7639
8560
27799
23323
15311
16317
6690
20849
29428
30461
23072
24756
29914
29032
20503
23566
26095
29207
32502
29649
23267
13159
9406
18624
29323
24030
21352
31923
32593
32502
32072
22604
13296
27796
30799
26151
26332
30775
19751
28098
25698
26786
24664
15977
27575
21794
31279
32383
30953
29655
32697
15785
21969
20448
20199
22152
27758
19148
17898
11261
17361
28624
23659
19408
17272
16660
27456
27413
25371
19212
22562
23565
12234
18251
28694
24307
30860
21344
32124
31505
19332
27167
28300
15695
25023
32724
13877
24398
23676
22133
18831
31664
29050
16880
29172
32042
20674
23544
15827
21786
32593
20777
17940
20534
30619
30752
24764
32555
29956
22076
29350
30649
25930
25265
23355
24250
28984
24879
29391
32131
13474
30608
32247
20987
26388
24552
17024
24742
22720
23051
14522
19871
25171
20017
28938
28945
28701
9290
13862
30804
21329
27855
22987
24047
32235
27094
12820
30410
22849
26831
31490
12342
10115
8724
24915
14195
22375
18386
19930
31599
17143
20649
19099
25098
14654
10553
17690
22564
14718
23373
26447
26866
29676
29441
13811
21194
32209
16949
30630
29741
29481
26368
30035
16775
24053
15074
25680
13440
18746
16003
27881
24285
10328
28179
16390
28166
17254
23177
24970
25848
25375
26428
14882
30088
31435
15333
32294
18461
16787
31101
13596
22376
18153
32508
22478
15404
23614
30331
24447
13706
14144
23634
19375
30262
19162
14980
15535
18194
30380
13144
19826
20561
29730
13562
10042
28871
15183
27698
19751
7684
31668
27214
11468
8316
26695
19662
30268
19098
17693
17825
17267
12610
28804
24592
24290
28375
31558
24128
10487
12598
24965
19377
31817
28581
19444
10593
24965
18895
26071
15841
29391
31372
28031
22526
30337
30691
26253
26551
14735
18000
31191
21847
18467
26934
22410
32581
17205
31163
20513
21870
29449
16669
12296
22109
17313
26550
27189
29578
23488
27481
20470
19097
20821
22096
12603
24756
20234
12736
26421
11617
29802
20278
23801
27624
30321
26791
18295
26422
30619
23129
27258
24631
22515
25759
32255
18354
20998
13887
29194
24560
23638
24524
24646
24334
30773
31257
20437
26265
21071
29515
30315
29234
24616
14461
13682
20348
24449
21090
32320
31027
28089
30514
32032
32554
31339
19779
32650
16960
28157
31373
21721
11619
25565
30464
9983
20060
14826
18651
28361
23295
28721
25115
31048
17150
21114
15410
18985
17467
30089
31197
26497
26662
23121
30884
22378
21672
24411
27744
27430
21253
14733
25654
27789
20544
27746
24333
32522
15618
20508
15927
30633
21353
31902
29918
29893
21320
17580
16847
32362
14176
25527
32329
25309
27467
20570
22988
24053
29632
27486
27347
26210
32332
19134
16754
16236
25195
12549
29355
28593
22778
32620
20330
24678
28756
8626
8866
13396
22748
25359
24782
31610
29916
20213
29215
20180
32366
24001
24823
20066
7811
23148
27759
22516
10286
22937
29128
26559
25724
28336
27346
30380
10932
17690
29859
23529
22815
22979
26590
32673
22986
17774
30268
29870
21261
27496
17315
22583
20790
22136
32167
9674
31940
13970
32321
16352
19898
23076
32109
28440
27942
29013
17898
19597
14420
16357
12007
21911
23876
30689
13035
29517
30909
31708
19531
23594
15711
14778
25490
32267
18671
24464
27282
16170
15704
12891
29290
31930
22611
18537
31966
27461
27224
25113
26203
17929
19407
19832
21387
22177
21017
28602
30603
30186
23643
24300
32481
29197
28409
22397
22415
30204
22997
31311
23710
9200
9659
18503
17172
25098
7959
23663
7895
25935
20374
28896
11477
13645
15343
19222
28176
23900
17739
20896
17407
24834
14385
26623
29546
25946
26371
28970
26727
29207
24575
15047
14822
16645
31488
18662
13577
20659
14738
28735
23489
28419
30890
28635
29928
21735
25355
26811
32251
23792
24922
32299
29882
13622
11146
20205
27934
26063
26791
25528
20734
22330
24045
23653
26843
20078
30788
30668
30000
30397
24075
20960
20776
17150
18520
27548
22795
27115
12603
20482
27124
17420
23709
31730
32187
32582
25034
30114
29924
22089
31499
23245
19162
26145
29515
11109
32417
25416
16706
15189
11319
26408
20412
28083
22333
29680
11097
22751
31162
27862
23724
21531
31140
12122
19692
23100
23016
23548
23873
30564
21794
27396
26967
26097
19006
32025
24378
28135
26182
23634
30047
28958
18177
12445
30055
31414
19374
25166
29369
27336
25856
16349
12039
25581
15041
23188
31265
16595
21887
27938
16814
15923
26765
24307
23485
27296
26625
20541
30185
24613
30613
32582
31382
31462
15597
24293
20155
26086
29380
18527
15814
26592
30141
21449
30196
22931
30588
28748
30308
18559
17177
14891
16609
25433
13857
24826
23114
12006
17473
11595
22909
19671
16246
11217
23408
21948
13107
29357
32126
22321
31045
29804
20990
22073
30069
28001
26718
26029
20157
24147
14864
30413
27166
22490
17528
9505
12287
26528
19070
26026
15566
21860
23967
24579
28369
31106
26046
21463
14956
20794
31081
17124
18715
32370
29588
13386
13098
11771
11298
24745
24843
25606
30903
28715
30198
32598
26666
26961
22586
24366
25790
10499
27050
29676
23031
14980
23182
32305
27820
24890
32666
18046
31068
30210
28717
28937
19654
21851
30494
26809
19123
29902
31858
32176
30487
31185
30217
23980
5464
17316
13986
19284
20974
31869
32669
16524
12741
19380
31637
24442
17554
21098
18992
28641
32369
17100
18468
22347
24252
32535
28233
30729
27101
30315
24782
28801
13605
18991
24000
27572
26050
21319
24924
13857
29174
27794
11658
11578
11751
27794
28366
30289
21075
30278
17776
20317
26330
31691
29686
14970
28319
15922
13368
26661
25363
17645
12072
15610
25285
28069
19451
23771
11279
21790
30619
23303
27646
9942
18700
29430
19471
26714
29985
28698
32627
17118
21741
9632
30787
31716
24041
30402
30597
6938
11435
12004
9265
18843
24407
31415
19692
23278
23985
20397
26984
13203
31933
22548
14185
10918
15296
31808
25229
17306
29559
16193
19788
10529
21394
28555
23349
25858
30445
29184
28875
23140
26519
25059
27000
31076
24882
20112
16118
25864
24773
29604
30964
32428
32313
20488
24240
28640
27008
28762
26312
31423
29366
26016
23464
30759
25043
19594
22554
21682
14594
26612
24829
26858
27186
23103
16664
11907
17486
18450
29405
18002
14615
28887
28804
22553
29288
30533
31146
30288
29514
9875
17705
32133
29749
32750
20444
32607
12866
15459
11849
13896
17734
12252
19593
30350
30901
23392
15140
30707
27543
30385
27165
28352
29883
32200
24903
24304
17848
27914
15906
32367
30244
31668
29853
22600
19347
23832
20299
27242
11004
26933
31387
20653
28735
28303
13619
17363
32412
22657
11993
23876
7436
17699
21386
28104
22919
24513
22750
22570
25481
12241
14544
27595
18281
31880
25340
28633
27393
22024
31297
32286
32670
30662
29566
29515
28556
22506
15130
25005
25835
29284
30038
15676
13266
21719
23486
24074
28593
26088
24798
8538
23624
25171
13052
25751
21720
7815
14843
30530
25820
28373
10855
31234
25979
26336
14431
22957
19000
29169
21469
28744
19479
18671
19861
12572
25250
31788
26296
8650
12064
12097
25647
25241
17782
15879
15208
32600
27483
11723
31891
26723
22944
15936
6930
20895
10284
31694
30204
19619
24716
18980
30153
28856
29482
19565
30031
14648
24706
12361
7750
12068
30938
23582
22987
17559
19385
27153
26389
31582
28872
16958
22866
19549
19249
28154
13667
24711
17212
30412
28887
7707
26782
25491
26877
30314
18401
15124
13849
20412
17774
14188
22121
23059
10311
20401
24589
22806
30173
31446
27458
30942
21090
30649
31374
29388
31532
26640
10162
26144
31497
16591
23121
22731
22542
16110
30129
23014
14055
9022
22605
16695
27400
24138
22383
32074
31951
27665
29526
28955
31221
14274
25240
30533
27889
16473
26027
12317
17795
31171
28260
14826
11558
26917
28434
21508
30597
22140
16416
20488
29513
22934
27027
22252
28021
32338
23195
28657
27037
25839
30111
23755
23838
31356
10080
22191
12221
32596
25657
32563
28318
8934
18156
26595
12025
30217
28611
12157
30282
28712
29752
14949
29216
17633
31634
28607
28038
24709
9215
10190
26098
27243
16701
32290
23924
31848
25405
31122
26702
22923
29274
13552
20698
21890
31786
27409
14828
23998
28173
21928
24225
28962
23127
14441
18436
9948
10771
12905
17494
9106
26299
29820
12057
27436
32374
14423
32766
18611
19710
28374
30380
27254
29541
25204
24056
17974
28661
31214
27493
27939
19348
29486
7348
31022
27741
27854
8867
29534
31837
30168
28156
15554
23126
19823
25117
17534
24093
28064
6945
23080
23086
32308
29503
27879
29363
15767
20192
15296
28436
20398
31964
28138
25594
17633
15358
22620
26129
25866
20724
31944
25492
22416
13665
11244
23104
28665
21317
32717
27519
16910
25783
30369
27476
24730
23152
24142
28366
26907
31763
24689
26095
26676
11150
19870
17155
2852
1454
27717
20989
29101
25659
25651
25787
25444
29678
15228
30366
21401
24809
32411
14661
11107
15046
21953
15440
31258
26149
30523
32520
30279
29615
18001
28345
31771
26893
27308
14963
29372
26714
27619
30590
20851
32400
11289
25190
28959
32003
32300
31193
25049
26074
30683
30913
30701
32327
27921
31562
28595
30568
28498
22367
29240
19813
20247
29203
30516
27929
23300
27473
16326
28792
15592
25531
11772
18312
20876
19335
32254
30149
7105
16747
31917
31133
20849
29852
20891
21428
19735
24071
26394
30985
29233
29875
30913
22150
22660
30376
26326
15209
16895
16879
12935
22479
19761
26589
29054
26265
17739
8441
20783
17022
17834
24589
27040
23737
17051
7037
31863
11428
9666
16600
26327
29030
20005
22402
31714
31736
24345
30497
26748
29786
23479
20418
27140
23634
19964
31059
13337
16042
8567
11323
28793
28209
19568
27616
30879
29557
12503
30050
15655
18229
29215
29116
12570
30669
17967
17086
20570
25826
20795
23355
26060
10911
24224
29482
30691
18410
14206
20590
21502
23344
24280
26567
20577
27921
15630
28413
20259
20589
23727
26730
15652
26174
17368
15982
16006
29492
27571
30479
28465
11752
11993
19806
25669
16008
22285
25478
31823
31106
12134
11054
15551
31972
18998
12908
29195
26197
24244
26616
24699
25298
21536
24789
22636
19193
17053
14353
25957
12304
19581
32200
28751
29516
31121
26555
25454
25705
32693
17607
30580
23899
19282
18578
32054
21506
32445
20992
10927
9213
21021
17731
24770
15603
32103
20955
15445
27131
26227
28208
22476
28213
29995
22247
29963
22879
8908
11639
28585
26922
22351
18368
16713
29752
29978
7842
23598
22276
23455
31475
31913
23125
30678
31144
14798
14296
9170
21355
6532
23511
16671
28430
32561
26930
18922
21050
27264
9604
18823
11443
26097
22690
21619
12674
15833
19937
21132
29237
24133
30488
29767
30998
13847
20096
30515
19308
28701
25659
11746
15158
27097
31519
31800
13465
27605
32625
27978
30650
8992
14882
23893
22969
27739
32289
21656
24117
23350
24259
20318
14019
26278
30014
16174
8667
32219
25823
20869
17229
13339
10031
31074
19655
22348
23416
26720
26383
12596
17969
22508
12734
16381
24371
27182
28682
31125
28753
12122
21209
30414
22796
24681
31279
28194
26545
24247
18663
8263
12713
9636
28468
25299
23467
26648
12311
19533
28873
18913
23341
32249
17518
17295
31877
21455
10260
22270
31992
30252
28915
25163
31129
23214
28959
16496
28742
28776
32148
29481
21914
32748
31327
25014
25214
25893
30354
28310
22469
26707
23054
30977
25645
21716
8550
19669
31879
18465
22259
17258
13934
27291
19734
29838
28059
24456
29709
31303
23978
24576
25024
23310
15372
18221
23376
32461
26043
26779
28157
10825
30870
7712
15858
25097
16999
17825
14354
9508
27234
10529
11123
19825
27351
29046
17985
29144
20999
30559
27978
10854
19693
19891
28812
25203
24472
18328
20676
23829
12171
29374
28993
20560
25201
22155
32004
16704
32135
25348
26281
31450
16585
26028
21564
9968
26514
17730
26925
28084
19954
22599
22171
30013
24647
21190
32370
21424
25100
19618
19485
27467
21995
26202
26890
21932
28046
31223
20956
30448
21407
31588
31287
21594
32694
11788
13039
23118
18944
14726
31052
23310
22205
24754
20422
21187
18923
6494
24873
29970
20535
13053
17682
19204
13626
28378
32507
25956
21004
28089
28555
24415
18687
25795
26155
29776
24567
14836
29772
30989
23486
26993
25083
31369
22172
19461
29594
27950
28149
22990
12076
32221
18987
28122
19841
20522
24740
31871
29733
32670
14608
24982
23494
31447
25719
10930
13791
29680
18880
25567
22314
30671
29526
21911
19269
14926
29499
25588
23889
29444
25396
17389
21162
26116
32549
30157
27185
26598
23517
26786
25182
22196
20258
20954
24896
23780
7177
13477
25575
22748
10285
15673
25659
22672
30355
25251
29880
20488
23380
22449
19691
15468
14617
13284
12868
15953
21726
21554
27215
12562
30880
31338
23737
24565
26954
29643
19185
20497
10389
29191
32355
13755
12518
20879
32596
21622
23539
29161
10518
12098
24410
12127
32585
32399
23423
25931
21871
27530
7084
26002
25106
25274
29187
27237
32209
21260
13580
19585
20674
29010
30914
25716
28823
16758
16021
23344
29638
16720
20830
26491
29010
24539
13240
24841
26503
12520
21001
31609
30515
31978
20891
26137
24339
23799
20284
27943
19340
24803
19605
29843
20123
22690
32237
26456
19598
22891
28919
30920
21415
22765
13052
31420
21845
21489
21679
16937
18247
21363
8145
23355
27671
31715
29384
19181
31834
26355
27557
31542
25841
26366
29744
30718
17509
14200
23334
23684
11282
29252
20971
29116
16815
13455
20708
32243
17365
21989
29723
22932
29716
26139
19313
22970
21306
19603
32166
30967
32193
25621
28584
23670
27466
20066
22217
23285
22022
22278
25816
32394
28486
27509
30927
13215
32341
18574
32623
19854
20432
27347
25301
26616
26713
19652
17816
26711
16840
19791
27941
29459
30694
17988
27410
17403
31346
26650
14568
19392
19304
32660
30938
32281
31002
26691
30923
21369
22868
25279
30356
26551
21785
13957
25666
19729
32345
20769
11238
13803
27075
28711
27954
21230
27052
21705
23947
30876
23449
32013
14885
19561
20954
30757
13397
18857
26294
28591
18951
23123
18516
28513
29324
26148
20552
12481
10665
29390
11878
29075
29821
17846
23957
24983
24458
28903
9990
27372
15803
13047
21663
20922
16839
19192
13579
28879
29062
31287
28897
23223
14081
17716
22881
32102
9086
15717
12999
13919
16860
21794
25373
26150
31729
25055
22810
27554
32129
31985
27428
30708
20490
23158
22368
18739
32285
27507
27933
17050
28842
21245
28839
21511
17493
31860
15135
26445
32147
8592
20988
13306
30986
19300
27779
17112
6666
25034
21793
19553
10556
30995
30024
32555
22511
18124
29608
25599
23863
27189
32536
23913
32635
13382
31203
20055
28947
32555
22078
30153
14579
27808
26449
22560
31162
31507
21826
32552
32141
32663
31250
25483
28313
32578
18522
25963
26288
27847
32582
20189
26044
26194
12578
11054
13909
20169
22627
23507
16112
31222
18072
23416
27585
12110
4603
17086
16968
32392
25073
28614
29657
30039
21500
30741
29794
18332
28681
27969
20893
26030
14706
26464
13501
19654
11570
22435
29791
27579
29208
5544
5232
31136
32207
16828
19802
24353
19959
9832
28310
31996
26621
11758
14955
24713
25873
32410
31536
25736
14543
16049
16029
12235
24447
24061
20691
27975
32342
19486
23746
31866
31400
27577
27894
29878
32038
19241
24673
20271
14410
27469
22351
32327
29539
32246
22121
20917
29948
11825
26199
18904
12341
24430
18779
29667
30257
19958
30306
21105
13209
12732
22181
26649
29185
27189
27689
27858
30458
11683
8826
15182
20559
21813
26531
16095
26024
6745
4348
19748
23528
14104
23424
28108
21872
18459
18276
25750
23195
28403
28231
28816
26913
17392
17598
28366
29318
14853
14770
20678
16242
20642
23207
25001
28418
31720
18343
17858
12221
22301
30539
27866
27701
8462
19684
28559
27488
17806
17150
22104
29821
31348
32413
32617
31977
32244
28558
22655
28597
26321
30308
25793
23205
26674
22798
21892
24217
19245
22826
30686
28182
20339
23167
31336
11781
9254
12372
10885
16985
16028
16700
30949
16446
23725
27504
32229
10061
26534
31793
23431
28483
30343
29284
32396
31387
17955
22423
25069
17959
22237
31880
31135
18076
29557
26207
28390
20625
27245
23836
25946
29982
14607
18437
31564
12787
20658
13280
26944
27820
28492
18520
24626
30322
28110
25329
24174
28307
31459
20024
26029
32532
13969
31494
29015
14484
28540
32075
23509
30052
27368
29544
24715
26405
9120
14062
30588
29827
30246
21206
27939
29690
27055
28951
19384
24328
17072
13210
27056
21128
18298
20021
16771
18120
20030
31846
30385
24463
12810
8067
18867
32188
29280
31069
31582
25199
16634
19484
15654
30217
31988
30521
25825
12036
30146
32645
25725
27640
12759
22617
25786
18891
22876
8211
24374
16044
19360
14946
32213
20023
23732
27483
20957
30555
24905
11747
22558
29271
11457
27627
32089
20855
16601
14627
19208
15975
15217
28634
32655
22739
26482
28440
31683
18096
12786
31735
25121
27686
27771
25567
21706
26256
30481
19550
31242
28597
28006
30947
11900
10929
24077
28902
21726
20228
15261
17171
23373
25353
31553
12548
14801
28915
11869
13547
26539
16662
30151
31429
22732
14495
26265
20772
28691
26517
14684
9525
24331
30901
18989
15297
29241
31644
24399
23264
30205
22811
15112
27389
24075
17958
11883
17892
13208
6336
28639
26817
18956
29073
21838
9582
27073
29056
27847
15532
28232
21203
11281
30838
30487
18752
20927
15744
23137
19245
29478
18106
26440
22698
24801
21079
32559
20601
20749
28294
32215
22322
21790
13496
28836
19529
22040
26433
22917
21175
18366
21145
15416
14358
26547
21864
32750
31635
30687
21055
27884
18739
30740
19926
28264
32444
8946
8883
8895
18817
12808
14656
32441
9196
15252
21964
19913
22647
18796
30675
30481
21014
32230
21493
22583
26040
26884
14934
14188
23416
21932
29363
22670
24129
10256
32703
19652
20294
19201
20025
12628
9464
26486
20314
21046
13893
32486
24315
21893
26253
29841
23332
19988
23716
22351
30408
31857
23141
18861
14847
17062
25397
23925
17606
23207
24365
28337
31128
16679
24363
30423
14375
20960
26063
17417
29132
17467
22742
31985
28941
19795
27430
30928
21315
7940
18728
25865
16817
18374
31400
11922
24405
3915
16263
28524
22255
29211
32127
20283
31681
25968
30906
29579
24803
29489
24794
11732
31763
23703
23836
30277
28071
18784
29987
27682
14488
11962
21796
32381
26460
16418
28898
9668
13473
14818
21212
22767
28131
16399
27588
19777
20722
24273
30260
29944
21015
30183
23308
26193
25809
30181
32640
11561
17645
26815
20960
30140
17276
25895
20983
32348
32318
24993
18246
32221
30583
21575
31770
21823
32460
30912
22706
21024
31404
30446
28886
30434
19228
29067
30176
23496
19774
20556
24680
22762
13939
24320
31671
24025
6195
12919
18696
31409
24445
21117
25186
29524
23348
27674
11718
19748
24526
26117
20653
30208
26625
22705
30642
26884
28933
9434
18059
23770
20221
26452
21667
25637
25573
20121
22416
25391
26313
25325
27601
20561
29037
27444
30072
32631
6123
15368
16377
32102
29779
31152
26061
19059
26799
15741
22149
22093
20031
23112
14958
31259
32028
21162
21352
23883
32723
26703
28244
19303
17224
23042
16265
30088
25426
26168
20890
31342
20486
26197
16457
30412
31630
21543
24942
24116
25515
19199
32311
24650
22721
17516
23349
18419
22976
9046
14277
9059
19661
21929
27881
28461
24455
26034
28121
22143
28998
12652
22622
31843
14833
11935
29155
18346
27013
32502
21507
28965
20254
25199
24925
16656
23933
19522
31756
24624
24703
24755
29780
27256
28970
29808
32315
26917
31506
23428
21479
17089
27414
32474
25827
10391
27375
17447
29289
31381
24227
32151
29368
26956
29762
28192
16434
6973
9736
32449
27953
27277
32646
18514
29488
16230
30002
16871
16144
21932
22007
26245
26444
31580
24113
29834
27785
15230
23117
12067
9256
31464
13435
16032
31777
18658
22852
24220
30850
32696
18906
22267
19379
27613
28203
11697
12729
15796
28517
16817
13478
26618
27683
29073
24928
32153
30045
27886
24707
25263
24232
31897
25248
8231
12498
11134
25464
25531
19917
30171
19265
27180
23670
18997
26327
30437
31294
22279
32081
28715
32323
14668
25492
15796
29070
26690
23876
21516
25380
24812
27850
19676
22751
11376
28919
25164
22318
23676
32434
19374
26794
27154
20262
19304
10898
18474
14430
21485
17723
30860
19233
13715
10833
25990
30428
15197
26440
17459
30994
11035
12514
22933
23561
22591
20501
21430
19228
21240
29322
25439
25410
26981
30298
23478
28771
26579
20286
21757
27462
24380
28456
21429
30954
23863
23555
30792
29542
18435
23292
28381
25031
31124
15988
26439
23003
19477
30348
31431
31213
19383
30633
21899
21638
14274
24136
24422
26710
9945
32376
24540
20577
24591
23483
22557
15806
31656
18364
11108
26805
27167
19860
19957
5472
11867
21222
32207
23158
27095
31090
29700
20252
27629
30640
32219
32037
9733
11353
30853
9086
32407
30912
26610
26477
25882
25189
30767
24802
5952
16544
11710
28640
32091
24187
20183
28991
25473
22464
28097
28474
28430
19970
12211
27633
21447
25590
22587
15170
14197
4509
30475
21998
30931
18870
30966
31005
23978
20424
28089
29534
27707
19814
19248
13889
29661
19702
23321
27724
19946
20648
13850
15316
30672
12270
28678
30640
29589
25304
22876
27707
13104
32453
31248
25157
29526
25309
30144
26149
19689
21877
26621
12198
26463
28302
23744
23851
30713
28496
29583
28980
15609
18910
25131
14190
13726
22326
18726
10064
15649
24093
18079
21285
13567
27524
31357
28942
18899
21710
24876
32449
25560
28880
29678
25905
30596
19565
12152
22701
32503
14269
30685
24229
21554
24423
31319
12044
29376
27121
29122
30377
26044
18628
26382
29872
24863
30104
18983
27025
10586
26133
21204
31509
30399
15566
18454
16549
28660
20517
23230
19404
30953
20112
31600
23780
31658
24395
24140
26224
25207
11541
22145
30798
9358
7204
30128
32449
23201
30190
15945
28271
31320
27862
25836
17840
30194
31482
20221
15131
16496
18562
21310
29212
20152
9493
28803
14119
27390
29798
29913
22239
30751
29884
15098
20884
21047
31450
26761
21030
27097
12078
31924
28633
31606
25438
32372
29701
30885
24920
23248
27397
32119
17331
31965
32634
26124
20170
31006
28561
14218
30560
21513
32578
14572
20380
30463
23519
18453
26721
14795
8021
26123
30597
26553
31645
28588
30430
25207
23105
8330
31922
26392
9920
3391
9213
26242
27186
31186
17843
20811
18983
26026
26517
20464
20283
27181
32609
27794
29510
32075
25141
26656
30686
29292
31914
31081
27199
13303
18851
13366
16437
27559
17615
18806
16569
27280
25742
24183
18292
19968
32079
20495
31144
15931
15764
17028
30263
14889
22707
24549
27716
32759
18693
30425
21012
25076
29894
22198
9175
28081
31083
23565
17801
21015
27855
21669
28890
25649
12478
27075
12170
25905
31038
26227
28617
28158
17949
19886
13814
27434
30508
22163
31107
32382
28022
32244
19147
19679
23040
29734
29469
11686
20271
21935
19757
23354
24993
25069
13569
17713
25512
21475
18909
25660
28493
24576
14047
23369
18214
15282
17415
21366
20428
25743
27060
32043
21971
22898
29940
29942
27265
27848
30248
15734
19182
21829
21362
19175
8006
11390
29634
23617
31995
23653
28546
24680
31391
17790
22790
21892
29217
27574
24586
24517
32389
27966
28708
29216
31702
28763
32573
26505
10441
19073
13569
32651
19817
25293
27426
18060
14485
23816
31517
31435
19819
32259
24313
16586
29878
23566
31908
28749
26966
28191
32027
30600
22426
15389
16327
11267
20400
9906
14283
3856
23030
24256
25356
16490
14510
30993
6070
27089
12039
29611
28462
8040
28124
8934
28337
26942
18420
13550
14983
26418
28621
30939
25110
25330
24095
25809
32403
10425
9387
12432
25952
30189
27393
19902
17938
20755
17862
12607
12986
31919
28860
19844
22313
20355
24292
13704
23196
17544
20611
12724
32034
32741
14692
24561
13742
17755
19817
20679
29119
30609
26518
27627
21122
14574
26919
32520
30836
20441
17960
18803
13966
23417
25634
17344
24402
27911
28792
30068
32421
17507
22135
6837
27230
23819
32606
28724
30284
24125
20337
12909
21429
5834
19084
29491
5468
25200
23968
27453
27504
22910
29806
28999
11413
30888
27675
11528
11904
18723
25939
28389
11452
26729
31630
31067
15219
8434
15905
22730
21585
18568
29642
8658
17115
18097
23783
24610
31331
31743
