100
21751
21750
21749
21748
21747
21746
21745
21744
21743
21742
21741
21740
21739
21738
21737
21736
21735
21734
21733
21732
21731
21730
21729
21728
21727
21726
21725
21724
21723
21722
21721
21720
21719
21718
21717
21716
21715
21714
21713
21712
21711
21710
21709
21708
21707
21706
21705
21704
21703
21702
21701
21700
21699
21698
21697
21696
21695
21694
21693
21692
21691
21690
21689
21688
21687
21686
21685
21684
21683
21682
21681
21680
21679
21678
21677
21676
21675
21674
21673
21672
21671
21670
21669
21668
21667
21666
21665
21664
21663
21662
21661
21660
21659
21658
21657
21656
21655
21654
21653
21652
