100
21701
21702
21700
21703
21699
21704
21698
21705
21697
21706
21696
21707
21695
21708
21694
21709
21693
21710
21692
21711
21691
21712
21690
21713
21689
21714
21688
21715
21687
21716
21686
21717
21685
21718
21684
21719
21683
21720
21682
21721
21681
21722
21680
21723
21679
21724
21678
21725
21677
21726
21676
21727
21675
21728
21674
21729
21673
21730
21672
21731
21671
21732
21670
21733
21669
21734
21668
21735
21667
21736
21666
21737
21665
21738
21664
21739
21663
21740
21662
21741
21661
21742
21660
21743
21659
21744
21658
21745
21657
21746
21656
21747
21655
21748
21654
21749
21653
21750
21652
21751
