100
31243
1832
18117
2305
23880
29939
32
30970
19576
12365
24723
6238
17237
1752
31943
28800
4086
4131
18596
13817
9120
2856
3780
12873
26080
13593
31783
28865
15830
32092
5160
12960
17876
15060
8367
28284
23848
18018
29353
24291
3125
7851
1717
25667
28361
31004
25120
15879
6314
25644
15380
24323
10354
24289
18188
24850
31901
2454
11915
23549
16097
21499
7438
9119
14782
19549
24127
12615
11349
29736
29035
15454
4221
15786
8246
17994
1812
5913
28046
7569
24211
9944
28893
7234
26597
7414
29059
9617
3450
15864
22147
9921
24727
2776
15996
8007
4336
10829
21468
29740
