100
32
1717
1752
1812
1832
2305
2454
2776
2856
3125
3450
3780
4086
4131
4221
4336
5160
5913
6238
6314
7234
7414
7438
7569
7851
8007
8246
8367
9119
9120
9617
9921
9944
10354
10829
11349
11915
12365
12615
12873
12960
13593
13817
14782
15060
15380
15454
15786
15830
15864
15879
15996
16097
17237
17876
17994
18018
18117
18188
18596
19549
19576
21468
21499
22147
23549
23848
23880
24127
24211
24289
24291
24323
24723
24727
24850
25120
25644
25667
26080
26597
28046
28284
28361
28800
28865
28893
29035
29059
29353
29736
29740
29939
30970
31004
31243
31783
31901
31943
32092
