10000
4209
1666
28626
19532
15568
11229
26008
2484
14248
29798
27144
18048
30255
24653
7460
248
8866
16807
22075
2689
731
22711
24344
9738
11558
1388
28537
26022
32593
12842
31939
2938
3074
23502
12787
29146
29261
23276
9176
16047
21382
21082
5504
26140
23380
26355
24816
16481
3591
9365
22551
14079
20780
13420
12805
19741
25182
18547
22617
1834
12383
24631
10488
30148
19047
19167
5
26584
22971
2665
7693
2059
22914
31798
16001
26969
212
27337
29290
18172
4885
27852
4952
31632
2689
13651
25243
29556
20743
14693
10422
7795
31579
20153
26897
9380
14919
10173
32238
25230
30274
20700
12446
28816
18755
4865
8693
14721
19159
24407
5883
25747
25202
10324
32228
5757
5122
19445
16195
19929
31434
29515
12154
24266
26222
2870
13429
20963
20042
14961
29592
10820
3848
30926
7157
22278
9842
11203
8387
21466
24964
27686
30731
15596
12486
22837
12709
23054
5849
7385
31331
25874
25935
1324
24460
3959
15296
22328
26252
2889
32025
16130
19689
6978
12088
199
1145
28213
30902
20357
16339
18861
12548
27837
8963
18385
14010
30071
27778
11402
43
136
10853
5608
6717
29200
20436
3010
2424
10310
16062
12957
16732
25976
6603
9679
9720
6989
29330
15589
19384
31566
10253
16449
27007
28836
2377
20744
12533
26403
4194
2107
291
904
18863
4387
10045
12543
15162
17139
8638
10217
24691
32169
6586
20955
3621
20021
1648
12010
21160
7645
12064
8230
9817
28896
32540
15204
71
30809
24608
3137
9007
31591
3814
26211
13995
23435
7670
11522
166
14417
6844
13223
21267
30259
2268
7220
478
11450
10186
22053
29987
16358
13973
8981
11167
10448
10755
17540
16740
12686
2275
14039
20176
10327
25247
7584
13247
19943
5137
17696
8960
805
20119
23819
518
31236
5482
20618
28896
28071
9515
24454
3692
9672
31167
23844
19655
18778
26205
14220
27143
17517
29669
11503
24877
17747
31092
20936
26453
5377
9013
19554
18736
20151
23418
27034
15540
15076
18955
28390
31506
20804
23997
19862
14057
9803
5191
7002
17081
18374
29778
29701
31642
19648
28111
10384
19502
7330
5261
24418
23508
12703
26891
2510
15902
23119
9099
21214
13958
16026
13671
27471
25692
11224
29864
22236
27395
27702
9685
7872
27229
11612
22537
3446
23428
14925
18248
22467
9659
3214
14611
22262
32676
30858
1850
14447
28851
31029
19698
18014
1762
24304
27175
11725
5286
26029
20756
26081
2850
30291
21008
7260
17563
5988
22955
19303
21293
20701
21753
23695
10172
1885
12334
32013
9517
4746
9067
1866
29653
4784
16856
9634
10545
18860
32499
4712
6104
31497
7720
6443
23471
5992
16545
15672
30300
14117
1375
10592
4093
10295
28554
19708
12313
4952
1797
18990
726
31847
26438
6505
32365
8714
12389
1587
31964
151
3698
26921
7643
31797
19212
17220
1296
30270
7471
7772
18566
20968
11086
22250
9052
11301
29602
13074
16570
19143
3777
27361
13065
1768
114
1491
27492
13961
2752
12696
17737
22905
14157
30231
31381
3449
2793
27316
5039
3485
5987
20686
10243
16629
24479
14220
690
7277
16873
3290
32647
23538
23689
16302
13358
22230
8344
22416
14752
29558
1810
9561
10722
32282
7212
28987
9711
26396
21735
18945
30707
11341
25317
22936
9657
29076
31355
25295
1895
3288
16137
19547
13929
2336
18822
23838
26795
25849
32095
3497
3083
4121
8066
4863
13838
27713
25525
1691
15313
21864
25645
20405
1603
29973
14172
12738
30354
25869
6154
9274
28387
25902
21415
22429
21318
10395
29408
3000
5865
32281
20592
6949
10636
22457
4665
24593
22836
30136
14483
22081
31780
14499
14308
7767
30473
24254
20593
18002
29557
12455
6259
31573
23182
24887
27758
2217
26632
9385
14782
18436
26960
17150
22386
26380
32010
10655
24926
9751
26302
16453
18796
29749
19150
1302
4915
3184
26284
13329
28107
30802
6473
32171
8159
7080
20433
4282
31235
11654
10901
31635
17224
17035
28233
10351
21518
19558
5487
30996
21274
12953
5651
17841
18665
26749
12217
17161
32067
9351
21908
5075
21267
7369
2296
2401
5749
27836
14354
22401
28945
2108
29911
16289
30888
24532
6202
30518
3052
6716
9634
19806
29077
1824
667
21443
28081
12067
22219
3779
16699
9508
10281
28879
18416
31936
1897
9489
10334
2584
24762
27986
19006
20180
17588
5914
1795
14440
15756
19481
18611
5013
1163
16837
2806
22835
11198
3141
29293
14383
4078
6286
28228
208
9938
4556
6155
21822
32132
13827
17857
17220
31538
24054
562
11093
15382
15432
24452
6349
6312
6113
22540
28538
11538
1427
12646
4699
29924
25853
5572
26535
20233
9392
22406
24081
32250
4497
4875
22347
30769
13695
8903
7113
7393
2357
6550
15303
8420
32113
14160
397
18420
8022
2974
22770
15903
23566
15116
20511
9589
10165
6751
5525
11268
2930
5160
6002
15878
24295
3225
10223
10328
12492
14232
19246
16174
8918
5394
4659
23814
15582
1938
10032
19930
31551
14610
28421
31386
7296
16913
25607
26841
29235
18149
3584
25287
14620
32595
15224
23391
15510
23645
24627
25313
18739
16475
15611
16259
12963
32077
13472
32355
28887
3440
29244
4289
6245
14863
17595
18795
12847
9372
21403
20088
13888
26111
4337
21305
11766
14382
3245
11885
16742
24062
3358
8372
13308
15673
4281
24391
5218
24304
7446
14053
9123
18962
32571
23313
14225
27710
24861
13690
7268
1238
22628
18875
14755
18005
21103
324
32328
8674
408
29592
22559
28965
12217
32442
14959
29273
6639
17377
30684
19106
14749
23667
29580
673
7860
23345
28041
12614
16178
28079
28262
18662
24553
12808
5670
14990
31362
5327
21081
25494
17601
19273
16264
31097
15627
15833
14803
26596
24613
30395
24793
21772
27710
26869
4824
16453
21808
9099
8981
28369
19971
17651
20351
6901
2994
17096
14735
6482
9522
22979
26226
26739
13489
14822
2666
24227
7708
17146
9074
27137
7907
25916
10017
5846
2816
31316
18384
20517
23350
10886
5375
3716
28822
12844
31477
26923
12616
7012
26023
15691
25224
16390
2779
24481
25583
10201
8077
3146
12276
5894
31890
2265
17842
24780
30331
11431
24556
21110
27836
17258
7502
19082
21518
32265
32245
20548
16401
26031
23090
16194
12342
1311
13963
23425
9180
15431
6403
24968
14777
29207
17308
26339
24188
6291
30745
7891
20144
14119
10504
22340
28644
28475
15360
16895
17673
12040
16680
24097
539
1706
17400
5580
772
21366
6468
25628
10685
13709
20086
5981
26550
945
7707
891
30328
12632
3489
14521
905
23295
6238
4774
21391
27841
3029
13134
8377
5928
31029
16045
14427
1603
24611
27241
7128
3833
30393
13760
10437
18076
13007
23998
3147
14530
30841
25012
1485
12112
4560
11239
15563
16599
21494
12933
11783
6436
5460
9437
29670
12306
22822
30926
28184
25251
21562
27776
3195
8783
12020
20563
16701
11932
10390
11541
24130
3311
32702
6776
25029
12962
17457
22979
30273
5462
30166
2247
10642
5515
5382
277
8023
30574
2051
14190
17052
24049
31173
12155
15030
31777
5629
22462
10093
28853
18004
25033
26721
32738
21747
27310
29606
8055
6217
1974
32690
2341
3080
2902
1145
18206
31601
5726
22486
28387
8402
18804
26925
32342
24141
10945
24655
3863
29658
5098
9117
21517
22159
15426
2417
5443
3360
13118
14521
7670
13730
24361
31973
20716
6292
21528
4356
22279
27935
5921
9769
7193
12957
8648
10516
3578
17241
14778
2830
20952
1173
28862
4629
25551
22482
24808
29753
21689
12619
30991
16966
6728
30659
28034
26019
9554
4480
8439
13690
12907
17048
6596
26393
2233
16491
22354
23961
6916
7793
7118
7357
16141
30774
32289
25372
28449
31906
22563
12163
18925
15998
25867
13717
17556
28212
9259
1460
17151
24790
21466
27685
2677
2146
6321
19310
17003
16709
9466
30211
30621
6429
29797
19234
21853
29379
28669
6908
2347
11145
3675
5653
1159
9664
17433
19437
4355
23678
22666
31968
27292
25758
29352
17227
21578
32519
29262
22512
23254
8242
27048
30108
14828
4326
19175
8199
6001
3142
7737
20987
2326
32526
21496
22200
6190
19482
1825
21144
14269
14888
17417
16111
24785
28382
10059
23861
18709
6927
26885
25959
26531
15418
10308
29610
15386
5971
2748
31026
3056
20678
1213
13410
2570
17850
23906
29748
7306
2706
17164
10972
13545
12986
1038
5032
28229
17824
16298
28715
26108
1280
9021
8346
633
26725
1974
7030
7246
29165
844
2155
15747
16460
17265
633
27438
531
17153
17745
11588
11827
12480
18946
18607
9660
6659
5844
24481
8939
11693
18036
27687
6500
11101
2642
18689
27580
21222
11336
15537
6714
26624
21372
15058
20191
7741
4231
20395
27299
318
29911
27140
30722
11558
14673
30520
9911
27471
14395
1420
13512
1852
15962
24767
26818
28623
30551
23779
326
30908
31080
17259
15812
20542
13356
5764
25735
32009
18134
7849
27122
30847
397
30321
7433
14630
5651
2220
32051
16730
15269
13487
7485
1599
18979
3308
14243
17146
4209
25542
22539
3105
27165
6819
15891
14191
22594
26434
23884
27581
8620
847
7814
27949
15932
31284
17999
31145
4494
2355
9398
18828
14554
17841
29269
2206
28696
32213
32398
23366
21096
1874
4884
17403
31152
28801
12461
31996
16775
18355
2359
6721
12626
27845
23273
1969
20908
8437
4316
14229
28940
18675
19658
5453
7073
5436
15893
4161
19073
1187
27147
21275
3587
30000
18792
31540
14185
14126
24348
25675
17859
22144
11343
23677
6672
3636
9635
21617
13989
6747
3513
24532
3539
23575
22774
6661
9156
1013
32391
17169
1958
13949
23202
10465
26635
24328
1551
12466
18064
9426
18152
5318
3773
13904
32413
10841
5165
24260
14650
17367
15343
6670
16877
844
21803
6853
24771
12572
25865
30342
9650
27380
27086
27788
25820
16128
22857
31361
18450
1887
24173
13204
6551
6612
6719
3532
11303
8126
27635
6556
1080
10826
1105
22455
9856
22247
18526
8485
12215
6138
18233
21911
6558
30163
18243
17400
20800
23520
11906
324
632
17953
19016
8605
15539
25308
14863
1948
21751
31890
424
15845
10533
16433
1685
3838
10363
13195
31923
20321
17756
28679
1564
3535
13396
30103
2635
7656
7255
10730
2177
12537
7241
22498
26984
28949
18884
17224
5110
21095
3349
9407
18837
3782
32391
8694
3457
32650
10469
5666
7025
18846
21818
16044
12665
4055
17371
8230
12591
8068
30375
14212
23565
19271
28814
19337
12054
26659
3664
29311
8636
8405
23687
8235
19458
4968
3816
20480
14302
27908
31942
8083
25057
30727
18135
27983
11545
20566
2619
20330
20023
12790
17594
30487
29165
5590
20046
21502
8858
4335
3041
3049
12585
10639
16215
6848
9526
5874
6351
11959
30835
7955
27942
5318
8523
1729
13757
18778
12485
18421
15741
330
1962
611
7960
16140
26346
23119
30865
18473
24380
14754
30718
3822
25605
10045
9613
25700
1403
10381
3781
1667
5642
24928
14094
24227
16119
26103
29044
1075
18499
29532
1960
22445
6098
502
21063
18889
11212
26202
9823
8946
5188
29796
15408
24310
12311
22663
29487
28929
12567
7009
5969
972
11113
914
2949
2578
13356
18895
32130
13124
21339
21298
1732
6269
19701
26068
24273
13752
1371
2974
705
833
1273
5980
30205
17257
24360
19
71
22654
83
1685
3323
14074
10073
22866
3988
18427
3635
10865
4465
20467
1495
27680
19674
11681
2396
10024
31038
1344
3166
8132
11454
11262
2212
15539
30448
26543
3840
25740
6364
22211
24439
17746
32331
5237
19618
14920
23618
27974
28244
17414
6345
14250
26494
18125
24560
9473
17231
792
2580
7880
11679
31859
14175
1041
2701
17040
17550
23344
12647
20632
31991
19384
20171
30399
11722
29862
12812
539
32407
29403
2519
5814
13072
11216
21527
28642
14865
12421
1301
31436
11741
19642
10724
32596
10667
5730
2556
19228
6241
4437
3109
4831
24735
15173
25239
32261
4607
5107
16991
4212
30619
30114
10756
26280
13264
20940
31595
30726
18754
9749
27896
21357
13600
15741
5622
2575
32426
4569
6713
15487
24560
24964
14593
32266
27612
19794
17186
587
21874
4805
15458
18682
15447
13956
11299
15365
8848
13064
24898
29666
28557
32665
11582
5667
9318
889
23197
587
9572
18783
25227
16608
15555
1830
9669
26817
15030
19911
11445
28346
22188
30085
13022
4950
13778
6759
379
25332
15065
15595
23907
31773
761
23289
3120
4117
13366
5398
13472
20912
226
13274
7740
18023
1123
8612
5175
11691
23862
11404
28568
29306
10292
9369
3228
23343
16660
10805
12117
27550
27698
16605
7064
11616
19854
31261
25622
21100
20760
19644
13513
26087
26667
27700
7314
32574
16471
13412
6688
11121
22371
32137
28691
178
4242
27755
1121
4142
12070
4820
20217
10795
23075
29766
7079
10323
3413
17133
9016
12879
7060
26835
16350
12440
9799
12627
16598
24970
11815
9936
8519
17595
8518
30887
9838
20618
2639
32097
10488
9723
17679
9518
3503
14018
23604
28815
12633
4509
29781
16210
19421
18663
26675
3011
3752
10091
31295
26145
591
10102
16220
17487
26486
24624
9957
31180
7920
23851
17394
27621
23848
5181
15319
22057
11455
28043
32238
13086
1142
4583
10391
7474
29775
29532
16252
15348
11759
17414
5914
4484
27719
20263
6525
15432
32371
26744
18506
225
31202
26045
8195
12382
22456
22172
16519
16047
368
28335
32472
7516
4294
21976
17441
11895
18132
21205
24056
25551
32379
1044
9184
24166
7684
6856
5650
8741
19463
19516
22909
12751
27532
28007
13579
10036
9073
27842
29734
7079
29964
7766
21115
29873
9744
3609
21757
26887
437
19578
13357
20922
13587
26939
15257
7086
19151
4223
17059
27981
2554
32292
8836
21628
15414
15186
19857
4302
7963
23124
27580
19960
1241
9383
8285
25222
26654
28497
23859
26316
30522
2420
26277
14366
23169
31011
27982
15428
14832
31348
24761
31016
17940
29911
24425
21714
18472
23206
26653
4502
32126
9981
12370
23180
16928
28107
17416
29761
20150
12841
21193
26028
3498
30443
19944
11620
19339
15733
15367
22288
18095
26321
26075
1310
25117
11006
16436
17080
32681
6794
14135
12787
17761
24163
16110
27210
21032
10730
19716
6988
9633
4937
8137
18321
16207
17926
30332
11250
14586
17369
7882
9977
24660
10171
31634
13463
5084
8000
26859
21013
26371
3622
8552
24141
20877
4142
2203
18970
28219
19754
32471
11533
3239
21336
8762
4706
6767
27630
8427
4658
10133
7670
161
2794
2598
21340
32613
3835
25882
21574
29080
23251
5756
3235
16695
26381
20683
20487
29278
27364
25503
4022
20747
25326
30607
14079
11301
28679
16723
8651
16829
8842
28710
24949
16531
1480
23406
17372
732
32690
13215
20663
26178
22745
14941
12585
25901
153
17889
13718
21825
24976
5021
28084
28456
23125
11811
1765
913
11879
27203
25796
376
868
16243
10237
12712
15996
32629
5987
19327
22052
12595
7996
18162
27663
4846
23263
4048
17242
1943
23682
32331
26375
29565
10061
14516
5292
19497
4019
25222
16236
24454
30209
15526
16167
5702
3895
6889
32750
13696
12312
21207
17850
25502
20093
1967
22621
29814
11502
30635
11192
16567
25715
11908
22575
3207
16552
16697
30554
16746
8720
30477
14589
32614
23211
974
17467
18789
14539
14173
14598
20698
13347
18027
26074
9383
28961
4225
1451
18239
3710
1859
6684
28679
28947
6901
13809
31747
494
20542
19399
20910
4773
25388
21762
15401
23530
7033
25864
408
19040
13837
31917
14538
3501
1987
12781
8728
7633
15728
32737
1935
10934
23842
21228
26705
10759
27813
9526
29496
30534
24908
16219
5309
14873
15597
29028
7192
1765
31790
22518
15273
28062
14847
457
26775
27358
11368
2396
23991
28468
24197
30439
17839
28862
19407
32402
20571
15098
16540
28388
14191
28889
9194
25470
30302
29973
3672
4105
14715
11461
21109
14189
18526
20527
23101
9027
28554
15837
32225
12174
11597
1011
14279
16037
9703
5055
22994
10612
8942
21394
10211
32740
8688
718
31648
11672
13915
9281
21876
22234
17050
25265
32470
469
19585
9144
8655
24580
28907
15571
31158
19434
15009
32437
319
20228
24702
2785
16820
17404
11985
10103
10113
26911
8195
1358
32758
30481
26746
11332
1097
4031
31164
466
5594
6550
16600
7652
4027
23283
9218
25063
20848
27098
893
1571
26355
17386
16830
4427
29180
8848
5838
28242
14462
24444
13040
5249
31861
32081
29828
30151
223
10401
13611
10064
24584
17688
29228
30808
5899
23287
21526
27458
27286
30916
22951
17636
2285
23872
10733
9766
3378
32154
20907
25547
18403
15330
28670
4238
28836
25024
5696
28017
9535
13158
24365
13394
23017
11971
324
28863
7879
19194
24688
23307
24240
19474
25320
27041
31541
32495
3412
3225
27102
29057
10801
18313
14007
31547
118
7582
4107
10695
23928
1003
16240
26104
30219
19968
13315
25856
25322
18623
501
14819
15449
30571
31559
6955
6408
9986
17873
12510
29755
19405
4745
32429
16168
23861
23042
15982
8608
9176
16947
16076
11762
11740
4474
6717
3085
23939
21217
23093
24548
17920
3999
23194
28439
19082
16866
375
18895
13230
25803
7924
31465
12009
17850
2438
856
27766
31437
19043
9412
20325
8867
28217
16247
25581
20838
19999
18298
4099
20232
25804
5371
12843
2764
1030
5106
8847
26633
32350
5893
19022
18475
6427
20904
17686
30202
23156
15752
16629
22047
2050
28458
4204
227
26996
7631
8902
10555
9093
25244
22183
29954
16171
29431
23272
10885
12561
23092
4514
22340
30024
30321
10633
21495
4922
15550
24956
18896
7647
2178
10842
7424
1075
31258
6934
24700
17895
10434
27406
14081
24662
11193
26264
17749
1980
16032
4574
6609
162
1315
28141
11548
11677
12764
5128
24633
9528
5236
6978
7108
25647
21260
31820
29816
28638
21211
26507
30965
31992
5144
16749
3264
28284
1306
14590
29836
16613
4286
11446
30648
13730
27657
20885
15128
21189
26382
20595
14584
2815
17682
19857
31326
8652
24559
3699
30096
8171
6838
12786
13782
27665
26520
11917
12417
23518
25863
2816
27436
20752
22040
1304
22338
14071
31276
6853
1729
29737
1999
10609
7741
9334
20192
6032
10279
12062
17907
15480
11599
3394
1779
31347
13992
21657
32524
16147
7243
23140
21959
24006
17855
676
20343
30890
16248
3978
11989
27555
18845
1327
23015
28074
17423
30085
17958
23656
7078
18574
28639
26115
7358
21707
24794
1336
20210
23544
2618
938
15911
16374
30116
30329
21709
1033
4515
26903
11105
28227
7499
10839
28982
23872
30493
28615
21110
9748
21291
17216
32611
3714
7293
28347
14563
14191
1458
23142
1596
2965
3306
4344
30748
1660
30436
24129
7388
26534
1380
15365
2565
9738
27864
266
7956
14277
19770
1648
25978
523
12856
14145
12775
1379
24211
15945
27336
6676
26309
17960
6159
20698
24294
32677
8242
19422
8144
25157
22134
9189
26498
23325
15981
11720
22722
24036
10429
13348
7687
3148
3364
31058
13205
26514
17849
5530
7402
16468
3957
1443
2393
22692
29681
32046
11253
27738
113
20996
19120
5038
28194
4909
18628
13318
8096
8291
12370
29452
6075
21959
32585
24580
19835
8146
15242
18269
354
2957
4682
25733
30704
9989
1719
26114
15725
17913
29662
30655
22242
32471
26060
18339
1129
29671
3571
14440
30886
15557
22224
13995
10646
1044
23243
25663
7815
11633
16991
3527
24424
6054
19834
7812
26947
20256
3111
1643
19464
17572
2666
18043
21900
23613
29547
5965
28113
26745
28631
24045
2184
26068
17284
25320
20436
2677
28244
32678
27729
32280
21595
13818
3669
20044
12612
26104
7286
29406
23280
5639
11084
30357
5985
311
8824
6175
2519
24532
13028
30540
31544
7739
589
8826
437
30188
12287
6225
19371
7393
5856
4528
4551
32542
28848
10214
29806
13962
16015
11046
18524
13565
6848
15669
5771
21658
22444
1126
21334
16991
4138
2760
4318
30458
3325
7582
12461
12766
9118
16655
22681
10903
29245
3103
12011
27738
7426
222
8641
4065
28824
13535
15793
18294
3564
24044
22447
29005
818
5880
3633
9238
30250
29013
26001
27091
17313
9768
946
7399
14394
31769
20198
7024
18030
13647
29711
17623
24018
6555
6149
30118
18328
28915
14392
30105
11353
547
32407
3063
10002
27071
3248
11810
2412
23900
536
31853
13632
12031
16909
303
12122
9430
15450
26134
20349
31014
15739
5053
12712
5765
2562
28544
19608
25673
18745
11151
20878
14144
777
23873
14674
15010
13594
19883
8824
25923
17212
14450
25826
20237
18182
27869
32390
31406
700
1326
15729
26510
31606
10291
19212
4
32383
2328
31903
14281
5628
6527
3347
28333
12494
8658
9212
27528
441
13272
19927
884
22981
11143
18831
16697
484
12826
20295
8457
22486
30563
13395
13422
12874
5473
4231
17024
20550
21013
18613
14427
22472
13202
8817
32208
10158
6740
17687
603
211
21970
19472
5717
19067
26454
20048
25707
30193
26381
32547
8015
17774
16218
19498
14253
31293
12912
7328
11873
11805
24096
5602
22247
23527
12783
2351
7699
23408
2924
28332
10498
21681
27841
4523
24656
28197
391
21036
15243
14963
26079
8100
24808
10573
25534
4350
27957
32664
6792
15840
30735
6861
17633
15663
10325
927
4288
27861
27869
5086
15812
26306
11621
13211
30156
18224
1996
29069
5058
10284
28034
31411
19639
30290
13629
13627
28469
728
29933
675
11472
30414
14323
27934
8703
2979
25997
17465
4138
11500
27541
27838
32260
26465
364
26584
12827
18728
5937
21881
15278
5975
17718
30201
32190
31924
20404
28416
28775
5567
4797
22437
3185
32242
27251
20439
5411
16967
27512
9980
13399
23803
32677
21977
7380
7825
15103
20402
9943
10267
31974
28338
6899
23221
12688
32653
7963
24658
18358
12387
31230
12731
11917
26344
8339
15828
28664
16834
16884
5665
15100
18738
17775
17546
29300
4855
28378
11867
5126
23919
7464
10383
2901
26112
22330
8526
17784
32438
6903
692
6316
10029
8863
13012
21573
11442
5212
21757
3307
5541
20507
12348
30978
23585
20377
24353
29034
15328
19649
11462
27241
5976
8757
17166
30949
14378
6699
3627
14295
28349
8058
31075
8700
21798
1268
26899
13262
14668
22263
5620
27058
29257
27455
11677
28275
9491
8958
23625
3567
15451
4911
9179
16400
6069
1831
9247
24574
13818
4461
14419
25491
24298
7883
3558
10000
4118
16293
6271
8462
12542
7050
1857
4791
21110
17161
8014
2101
32078
21446
8073
15723
21553
8909
4513
15075
3278
24869
11339
16136
1078
28329
10958
18326
29317
20243
15813
20302
453
30042
31008
5102
19471
22846
25453
30816
1267
2848
2646
22322
21019
14872
16490
22854
5930
24642
26656
9419
14570
2392
28696
30827
7079
26502
25765
1734
24790
10873
14985
9760
10235
19642
14079
10326
22217
19258
6399
28439
11402
31534
26557
4176
9409
29212
2675
7912
27918
13366
3424
27566
29267
7400
14352
21136
18709
13741
22751
26637
29989
28454
27065
6893
21631
28781
29219
7727
12658
28839
19071
12099
16385
20184
9355
3193
2698
23548
32044
12218
4517
2899
23402
8566
9039
31996
187
30685
11592
5829
28292
22098
3769
8002
25821
284
11546
3868
16021
22879
20563
3244
20085
21835
2593
17864
8649
18580
11452
7133
19485
4386
5303
22078
8261
31753
18983
20156
31392
30395
15623
19575
157
24701
8411
244
31101
4119
11156
23407
9307
25040
15284
9842
12138
24985
10674
9126
13439
25993
18592
6634
24271
11401
23051
2466
7673
21841
31011
31569
2631
16787
16667
7275
24112
14709
13011
7780
10530
25413
7605
3085
8063
25448
4061
2336
11238
14484
4476
12313
9651
10304
12158
584
20681
20312
6506
7717
2703
11060
22154
12259
18488
11979
22093
20552
19016
14372
24553
17851
10579
31246
9540
23455
8200
11793
32021
17375
13935
8868
2118
14026
12911
31136
18078
17698
29075
10997
24220
4207
4110
8092
7334
23961
252
30925
28003
13750
31722
22385
22373
2337
25497
14298
14347
2252
2559
13746
18341
10711
30095
19505
10458
1889
3002
26259
1863
5790
17590
21706
2409
24873
19582
30832
6589
14748
13594
15871
19237
7775
7712
13892
23694
16061
30075
25617
8144
22077
13675
4659
18389
21039
17357
17827
25086
30085
22173
8193
32450
28388
441
17981
19865
5371
20967
8088
12312
15636
6426
203
2141
24552
20465
6021
18093
184
12417
10779
31324
2713
28244
32635
27117
6160
12209
867
30331
22750
11294
31440
20056
2589
5156
23736
13043
13452
9810
8955
22015
9512
5509
10136
4561
21500
9318
25116
266
11577
6707
6497
14711
28809
29891
23924
11829
6817
31684
24023
32025
3349
6472
28649
11086
26737
7040
22946
5440
19589
17350
13443
5561
29440
18145
31949
10314
22593
8837
8434
2797
26217
27674
9545
8936
22197
31934
12293
10485
15627
7821
4456
24735
29138
7968
7220
24303
19975
27475
25187
9288
28045
6220
10775
3472
27589
32185
11988
24720
20063
17752
749
30622
4720
5053
9532
20601
4036
11856
7958
628
9845
17045
15998
24535
27324
12976
16537
18050
17160
2856
99
25555
11341
1515
32159
28618
6303
16018
20500
9067
7167
31719
23286
28260
23413
12964
21667
12272
29279
9598
30352
30459
16904
18018
27010
3463
24444
15615
16897
21326
5019
13956
8457
11177
8557
25259
19716
688
18101
16886
22261
11683
10953
10552
8182
10889
12192
7768
21220
790
22829
29266
9817
22226
16107
15486
31450
20600
15290
6933
10578
2716
20457
23793
5567
10129
27028
30868
23084
8330
1840
29804
7647
4095
26724
9302
27859
31571
16666
24672
9065
24499
8919
6355
16986
1601
4167
27505
16112
25458
28445
7675
9078
1460
19482
8694
5101
22357
9578
1455
2816
14240
12087
30333
25402
12105
18041
14406
119
17419
1547
13892
11672
12175
12804
4361
635
32144
27972
19905
26155
21821
27981
2744
339
29150
8277
23836
13561
3771
31129
15363
26984
19001
22515
7343
18798
17479
15023
9233
15816
31736
14491
4493
15579
12401
27997
18173
17061
18694
20745
4600
1266
2208
11763
6740
14291
4194
10434
6633
30284
30092
3782
16792
9037
28319
24204
28557
22243
23490
16047
6848
11184
11876
22256
6082
153
29731
16265
6838
702
2284
31423
6813
5039
13412
11447
31192
24541
13959
1418
6119
14670
1935
4507
12407
2709
20248
25641
11164
30210
22145
20512
17243
29974
31381
9013
8811
3129
24683
5937
24636
26287
29066
28045
32313
28361
25425
26944
19019
13912
19863
6869
19102
17255
5262
12992
5799
5418
10733
19954
16742
30001
26958
28843
14568
26849
5076
9104
16145
22309
12050
26365
24472
13921
19240
28828
1875
22184
29743
26423
8373
7214
21208
4298
22933
15872
16463
9949
30256
23794
20838
17680
21874
1753
7407
9720
2673
31227
16745
8745
12091
15556
28128
9620
21713
23995
29198
3860
13427
28596
6598
11843
1566
5702
22419
21394
8276
13951
668
9881
17691
8151
11210
13995
16456
16739
20013
31150
15101
16203
24220
11561
26737
31870
32412
19871
28655
27812
22148
6172
14370
16981
23262
18957
30607
19848
271
4948
11875
7758
10043
28316
28015
16320
13155
21482
3697
7989
11728
31093
16789
29625
23221
5816
5179
14779
5904
24005
21755
5894
31953
7900
30950
15091
4670
19004
26127
3804
2198
17465
18251
19155
19956
16271
19764
17044
30327
4598
116
32441
16544
14071
2368
30253
14587
29949
4130
31715
16642
22703
7164
13512
32062
31357
4426
10742
28335
17017
13991
19242
15214
7785
25235
30072
27281
24090
13939
21053
5967
10743
2777
8790
24421
18393
28934
18831
4279
8737
28077
11870
23099
17669
20730
16850
1043
17959
20435
17350
29433
19052
16990
5978
31456
7691
11203
15268
17624
4836
28467
15522
19507
6420
22057
12403
14054
17862
19439
5319
3378
15435
29285
8341
5251
11630
29694
24076
20888
24833
14091
8395
30180
32188
22076
11348
15412
840
611
7870
30867
10902
12668
29611
24426
8309
16107
13178
18412
20068
24836
8894
28081
9636
6096
1518
30113
8338
30990
19806
14868
28212
32121
15725
8760
31762
13129
26368
2226
21063
31228
1072
30088
30167
11094
3392
12094
17731
21927
6610
26431
859
27468
25178
1407
1108
2936
30162
22367
12570
18485
30640
9681
21735
3493
31253
30396
26901
3726
18503
32162
21297
23061
13665
32640
18768
32458
17225
11765
20646
24293
13795
15783
2644
6607
26244
15331
17026
12005
27562
26499
30126
15736
26858
4373
16451
1560
6953
17977
27758
4370
29967
19531
4653
7735
24505
11842
32169
16863
29614
25048
20421
21294
15893
18412
3319
3990
26149
3108
3671
6045
18140
10198
2293
10465
20724
3113
8048
14681
18707
14199
12740
22493
13890
14838
24420
30185
5280
28056
28553
32414
8279
25903
5065
24329
19664
22229
14571
25512
15395
1419
23034
3882
19154
28192
2456
20087
950
15189
9621
11760
4153
17726
26816
29688
30918
8171
20221
17587
18814
32072
32664
13069
28461
26178
12761
25343
24700
3883
16345
8462
26472
19296
23443
4884
7922
25641
6718
26178
31000
22240
18907
7782
24837
15958
17674
27242
19845
27506
14625
8733
22459
28955
4735
20791
10774
10072
798
29591
23425
27062
22376
18126
2778
5355
3404
21729
20134
1976
24976
7243
19715
11028
18281
31042
4061
17798
32329
13371
26981
7635
14840
22960
31935
12505
4326
16161
16123
32443
9408
22873
1095
13118
14657
18418
28003
11635
11595
14875
18773
10903
2614
4249
16221
6199
7528
24844
21803
20887
20517
15988
9552
19541
12713
27379
23027
30794
26484
22229
16325
22193
30694
4301
1335
3211
8971
2945
31210
29762
15800
23625
25190
29324
17111
22324
13328
4754
3839
11341
19798
11602
31304
27164
32301
8257
17501
2415
29885
22325
1746
26202
25178
11651
8632
19068
27831
27236
22127
27780
16214
23710
1212
2292
20803
22880
15899
30757
13058
8813
9047
25995
30918
30588
16471
3131
5348
22239
23099
7338
13958
12644
25512
12216
164
5497
2911
27373
11568
5523
6421
14850
28817
28112
3199
16803
12627
11483
12972
28531
26653
25616
9623
19281
15331
8928
27133
28122
11868
16759
8044
16430
27831
16029
30365
26871
6282
13530
25091
2728
7435
10974
13476
14083
25730
17183
9000
15326
510
3780
23343
11558
9031
1986
9448
20516
24341
30277
17120
19455
13183
17745
1047
17283
18614
2729
15449
15392
19443
17904
5835
30262
30382
6926
30405
6800
5649
3029
23263
24878
9900
29925
30287
5447
22634
20940
29810
6798
3780
3186
6824
22453
12596
23477
15461
10799
24557
30032
13701
18235
24777
5889
24288
11806
22659
10987
12575
4015
9254
2873
2510
20249
26309
10500
18098
32733
8045
6774
11100
1302
23384
21552
17662
13825
22627
4586
16510
11196
11202
12889
26313
7246
16627
2646
13162
26344
17648
29500
14683
13675
20905
6290
18970
22313
28081
18666
4864
14576
13368
19976
9423
7749
14649
4167
6538
32749
32244
2361
19593
13234
2463
18830
22732
16739
31321
5687
20880
2333
8799
24779
26912
7881
1410
7977
31214
32486
19161
18015
9698
137
30387
27850
32754
10401
207
22399
29683
17024
6864
30442
24750
24983
15083
5813
6199
12417
16099
17643
14970
12612
15159
13406
7703
21203
19098
7750
15216
32727
29091
26410
19967
2734
27334
2820
8174
6836
28291
5280
13281
32450
19421
9285
16663
2293
25870
18839
13745
22449
25721
13500
13137
12261
15840
702
14823
19600
20439
10544
29896
18308
14712
17685
24065
32618
14425
20733
11242
7942
8891
1649
15614
10684
20996
28305
30185
12627
4464
26108
17891
6394
25859
6128
17725
2440
15554
13491
8761
31496
26658
26417
20511
30581
24001
19942
11405
31426
11092
31486
3855
5149
8672
16315
30447
11381
4654
18200
19279
5690
11641
17324
24948
19044
24169
13520
15717
30390
11845
1796
16565
16708
2660
5007
15261
25907
32228
17254
5198
3264
13215
22863
30852
3203
21595
10054
19807
25589
5441
13088
20847
10033
2705
3694
9485
13815
4755
26020
11506
25590
27857
2683
770
30283
20867
32147
26985
6725
7499
15197
29673
14699
25890
20536
23410
20160
1682
30682
12276
8517
2087
19442
23665
1984
24096
17931
12630
6588
26473
6324
26891
29137
14030
9182
23241
25893
31849
2181
20396
21555
9052
8083
11785
30923
30662
22529
28417
21850
26863
16447
4694
10604
15302
16086
1150
3951
16782
15948
10998
10170
26324
20551
2777
29902
11940
3062
15793
19675
28156
11181
10381
1158
23425
11727
10580
14057
18289
31985
11864
20187
4057
25404
27694
13682
9480
19731
9662
18887
12867
7926
14998
1529
16058
8871
28548
30069
23227
20363
9571
24692
11558
29266
29237
20677
29985
30683
20594
21452
21516
24401
22688
7627
29624
6043
14628
29280
23763
19443
24664
30287
4519
25556
3293
20098
16645
14874
14387
12366
9595
20325
3974
18168
25805
31678
28363
4728
931
25469
4620
9084
16768
13161
28928
22704
28915
26658
30943
317
8209
9404
6260
2191
9506
23725
21108
3932
25499
21737
18958
5602
23885
16459
32195
7024
25563
31543
9336
22311
32369
10878
24778
28162
22451
16769
16033
18964
18420
13210
12040
30481
20393
21687
30268
10256
5661
11592
16386
19087
16486
17756
20030
19128
13463
11014
30146
27875
7479
14342
23908
24667
16626
23205
13139
28517
655
26081
19627
28798
7458
11466
25414
23781
28803
27948
26070
12377
29182
19822
3632
30244
5452
29114
12779
10072
16834
27743
298
15961
10185
3443
10166
9115
2702
21948
1104
22445
20987
4305
27205
32375
30949
23164
8514
12224
11143
4963
5994
12531
10799
2279
31142
31778
17463
21581
9788
14411
32567
13595
11684
1754
15993
27333
21911
19056
32429
20873
21096
19171
31198
18072
10903
23174
18341
6006
30884
24746
19869
163
32545
28004
5142
32635
17163
14993
21262
31579
8282
15896
19293
2565
3287
12655
16431
21318
32046
12897
9399
22486
8260
24846
21026
8063
25802
7987
22986
4737
32019
21675
18349
566
21794
23862
26909
9458
12040
890
27577
2349
22893
11591
26779
17380
13420
7455
12243
24124
30884
27894
26644
18025
29835
9782
22190
18382
13318
6918
25532
20069
17975
25804
11935
31074
5526
11248
18091
16659
1604
7396
23583
13323
20124
11873
32091
3967
15882
7411
13389
14064
26144
16311
6189
20234
23014
6755
10090
32717
30578
20616
32228
8682
28601
24084
15195
23408
165
14619
11815
28583
5480
16599
5674
17980
16655
7661
5124
28063
18266
30705
6277
7338
10187
9261
26728
30595
24317
12702
2110
7107
21047
30272
9384
14296
6465
396
19145
12712
6774
6206
1275
8310
11547
7515
12225
7690
13807
3187
6910
13068
29187
26915
19300
25266
25548
18399
28718
6555
5751
21486
24850
1018
11132
30390
14449
3830
26230
1082
24018
6481
11058
4321
5262
5960
8710
21625
25292
11707
30308
15995
25776
2190
25518
8081
24528
28751
1100
3157
10984
25369
5885
23900
15822
13496
11882
28787
32168
31245
32513
3880
6492
17332
16128
7821
2632
27621
19664
31800
3380
31640
3989
11406
10116
27373
17923
15938
3250
16586
14195
1816
30716
21958
31542
7663
20058
15942
18985
13822
7347
8165
3721
16222
18000
30234
9737
28872
30609
2581
2594
7841
12511
8681
21163
819
32225
10992
18089
23614
11507
25451
28520
431
6868
18282
25035
22959
26270
17644
12768
19935
8700
31558
17591
9698
20887
2505
29813
27421
20945
12703
15012
14778
29622
20214
21709
8947
26159
28001
5961
1165
16249
31610
25172
31138
15062
25037
28003
18596
32387
241
23736
29343
32233
23288
21811
18366
19479
27658
619
9489
29296
30284
17149
16269
8097
17670
28452
8277
17111
11014
28042
13880
26414
16447
2654
8314
25452
8886
17575
5847
12783
16031
1496
4805
1252
25026
30628
7674
27322
7716
27667
27182
5846
16356
3030
5666
8841
23139
16088
17377
23103
12455
789
25669
27385
32002
9647
23486
1021
23534
4670
25679
16587
24124
11368
20697
28500
1646
26547
5532
1639
13665
4502
14843
24684
18991
470
6015
3668
31059
9488
2591
22224
7950
5521
30143
13761
4362
13934
17654
28656
13118
1234
17684
3840
21521
5010
868
22945
5058
25863
4014
7174
23303
5916
18432
21656
9460
5542
4526
6380
8223
18164
9112
18162
27394
26279
17835
22128
28576
708
10667
24239
8812
20232
16687
9333
10342
17020
13549
17458
10375
13129
24887
19582
19551
25804
31686
23747
13309
15341
18103
7223
24847
3501
29907
7438
23882
15359
8979
32749
8204
5337
2915
27553
30528
10122
21671
11537
30595
1102
9212
4977
14212
6688
21312
23737
23217
9935
28884
18006
12048
27988
27808
5663
25194
9827
5720
12170
4783
24384
20734
2336
15766
15060
8105
5678
21380
18688
28548
30910
29103
26673
17177
4037
1923
25909
8912
13726
27461
19789
30386
17079
8694
9859
11635
10379
24186
573
21680
14544
31737
7699
1653
27889
30598
1758
20482
16830
11518
29201
30159
31587
23347
16717
14541
26006
13130
25647
239
25621
30562
3181
4329
26448
27767
26657
10040
6498
9093
22116
12386
22342
24048
18975
28287
19016
4387
20254
14840
13753
19831
25958
16271
19687
3159
9929
24479
9549
10659
27319
4773
6406
3153
23639
30464
11656
16986
14038
27637
21134
5076
7168
24054
3414
20827
14605
10276
25613
25014
11709
12050
7560
21176
27047
6348
10548
29027
29645
17944
17232
11604
20597
28923
10585
19291
31028
5247
29382
11113
6988
436
25078
9647
4152
17909
16743
17156
17540
18028
8488
21639
226
13529
2193
11910
18811
16782
28721
2719
18307
11966
6152
21797
28944
10488
3574
27078
25388
2287
30836
874
8744
25212
31106
25437
13364
1254
15840
29617
18989
20576
3201
26846
27318
1235
27197
9900
21386
28126
9670
27731
1297
4124
24541
3040
11313
15269
25542
12506
24166
10199
25593
31270
23573
31830
28442
27432
19741
27473
12587
30763
11184
16647
21761
12803
20833
3210
6644
21744
23165
17859
29147
16070
21407
5303
15160
4171
25983
7688
27567
32225
29451
30911
16061
4965
23993
12616
15526
28502
25627
32190
11695
14650
20148
1898
19854
22333
24330
28038
21279
10012
13564
25926
8280
15937
7766
6937
11903
30000
1187
14636
2714
16929
27970
14127
30248
9966
16316
22365
14
13872
18005
29878
10708
29605
7393
1679
27921
5078
473
32077
13604
24310
15790
23662
8485
15116
5213
13769
8732
8533
30020
27158
18800
739
23860
21168
23458
24715
7879
14490
31546
6654
1268
15552
2
14390
992
5504
20083
14100
27639
17769
17261
4679
21308
12099
2091
6511
10461
11087
25205
20354
9995
464
21783
22895
5896
28361
9363
16386
7042
4873
5139
2312
29983
30309
28321
27571
30041
32581
12442
9280
5004
866
25952
10966
22605
21965
3408
20914
4862
30260
8180
3713
3487
17761
32377
29453
13031
25347
27235
6428
23188
6321
21631
1429
12287
30252
6169
18149
26355
740
30320
21153
12991
10430
26215
26221
13194
15381
3197
28700
19943
17663
28415
16665
8362
28113
14973
4357
3321
15077
10874
5025
1190
28570
27239
9711
4796
17565
723
22164
21079
21351
9948
19841
18361
23303
30185
22226
20379
16930
1435
5366
6337
31288
18432
7697
23505
10280
8714
2206
17765
13815
17984
11097
18015
12749
10164
5212
15997
7744
6453
31624
13613
6101
27845
13350
5282
29636
10062
25038
6951
15356
7312
29832
30387
11367
1886
12338
16062
5487
29194
17186
16468
18369
798
12300
20584
27985
588
3877
6250
29598
10664
27272
4380
27447
5909
14809
8097
126
29181
16681
2262
29100
6470
22298
12006
9749
28033
22084
19737
19118
2916
15831
9709
6092
2682
17793
22376
9262
5145
26770
18860
26942
26261
11358
27596
23700
6323
9698
13022
17084
12640
683
3922
7993
26531
6388
19586
26057
7889
17167
3721
20715
29440
2566
25177
415
27069
25473
5128
19565
6914
1770
16235
22440
26210
7632
20198
28404
2183
21385
23682
12294
9438
2076
10560
29867
6033
10846
7854
7692
9142
32090
3767
9520
20934
19702
9663
5314
4688
21972
17136
20501
30958
25719
10958
19301
9081
28583
18450
6496
8569
12822
28341
29156
28639
1859
21835
5643
23799
3999
14482
13669
26776
24559
23883
14468
29854
16369
25672
5310
22937
15426
9415
3374
13255
3967
254
1276
31808
9898
26871
18142
17009
17616
32670
26079
6603
2537
5657
7008
4028
24832
29015
18012
15839
6548
3564
28656
19568
12349
22044
31002
30978
2707
32309
21953
30068
10827
31523
30965
13089
7075
18238
22137
28247
8961
26982
7550
3595
28118
29266
4274
11210
19145
25637
8057
22515
11538
14402
9338
28196
32547
30562
27998
3570
2190
6116
28628
3037
27427
5732
20441
28290
31576
31886
6966
19475
30703
18996
24138
7173
25810
29855
30217
20744
3394
28707
17221
20284
28976
30710
9005
4770
8683
2115
20755
6609
20988
15993
5490
26858
7246
5097
26159
14541
18067
9872
23583
9869
738
1073
8650
30498
29861
11176
16238
17246
31922
14458
26695
8227
4280
27824
11534
5842
8669
3302
14272
518
22181
17055
29856
8835
7190
30939
19583
105
21018
26348
21563
27822
5924
15749
5510
14026
30486
10772
21736
27316
355
9297
30983
11022
2672
14871
30503
31644
7233
19828
26861
4091
23121
30972
12136
29328
23745
3682
18258
6078
18101
25417
12946
12636
7164
24663
6918
22118
6639
1675
4736
21234
6043
24273
5134
13414
12578
2004
10879
26089
16990
22036
24610
28951
29896
14904
23505
14073
25752
24997
20270
13620
8494
17743
6701
11136
3249
6863
18387
13660
24310
23479
18493
11265
20387
22306
3043
25748
11156
399
25630
7839
22909
30447
19688
14018
4561
25340
995
29094
19939
17357
4254
29491
12876
15015
8723
13827
30860
24343
25972
5910
7156
18493
14887
18887
19907
16491
26383
18430
29839
22255
13581
4776
15078
17452
4806
22116
28982
21488
9639
18559
18154
18945
27687
20515
7894
29945
21836
20427
725
25428
29041
8954
31408
28360
8262
9261
19010
4565
24600
20238
23258
15260
8787
21226
21473
5620
18757
10597
9917
29115
13092
1389
4596
19818
30291
11884
24469
10732
13025
7106
25300
8625
7507
25714
30964
30206
9891
22299
4458
1671
25992
20011
319
26431
9464
5199
9654
2159
15339
27950
6703
9477
4707
5718
1355
27439
30633
21622
16721
4905
11737
24783
25552
22612
20128
19173
26758
2183
27973
8826
897
7593
6630
32188
24196
5504
10757
12222
17836
31684
27203
17189
1875
23160
7530
3364
2869
1146
27825
27818
25809
28248
11580
2521
25875
2405
7907
10683
28463
21772
2100
27184
5328
6757
21435
31275
15730
1542
4737
8734
23820
5148
2002
12467
32243
698
8771
8125
8699
15984
1524
1390
16095
32032
3091
9674
23011
31501
23457
14427
1719
3637
32633
13863
19871
993
7566
17375
15569
31866
13172
3161
10526
14750
31778
8000
25045
4723
25334
10251
23525
571
10233
4395
6209
1321
6501
26505
18825
14195
1636
4655
31974
27305
20251
12869
18998
9541
13799
16192
20329
16515
21990
13142
31530
6259
25274
23605
27330
588
5513
9204
24378
32003
27464
26186
3520
20508
6202
9726
20301
3265
21683
13982
29572
9489
26402
11892
15068
3514
3918
13494
15361
7626
14048
32765
14456
8386
2850
6392
9346
20204
25606
13666
26180
8175
7274
16177
4132
11169
16282
23569
6774
3356
12311
2320
24664
31764
11159
7835
25562
4200
20556
20649
7523
25590
1897
32566
23120
1716
30947
27379
28381
30973
27764
8764
16201
8232
15334
14922
25653
26975
14990
10410
28238
3758
13847
20717
3371
12891
29825
6818
7544
17526
21352
9089
25173
26288
27786
25065
28153
17009
25476
19341
32155
1316
16604
21610
19602
30422
32324
23036
8891
24319
10269
20145
8731
11167
14395
14750
6085
3725
3560
24176
21502
1292
10027
8614
19872
32160
32586
31998
5308
4128
13965
6189
22659
31755
26437
22995
1127
24863
19469
1198
14461
26152
6992
13582
8486
16919
15371
21129
29166
23379
14292
18927
1972
29012
3612
9089
30220
1133
19633
18781
993
28649
4486
4669
23391
27226
22967
25697
28943
24622
16840
1226
26180
23683
6958
26281
27319
29757
31504
3863
24942
26453
9806
24838
19682
27763
32451
25976
18016
23232
21959
25583
1200
9717
18424
24356
13813
24761
1595
18939
12500
14633
12285
2231
16600
9144
8895
4714
4629
10297
25297
18096
12
1338
349
19357
19407
7572
9128
2036
32102
25664
3989
3482
29808
14956
24939
2122
27661
29646
20183
1161
30204
30009
6965
8925
12545
8558
8459
2874
16010
2100
5334
13501
15249
2987
25866
21917
16580
28637
23380
3934
11748
2198
25378
11079
17515
31094
6501
31511
21873
15428
2453
12788
1744
24965
15350
18852
29575
16205
31003
18431
11100
598
26280
30884
21958
21839
24924
28396
31753
4726
14414
25628
16035
13161
11638
17887
31207
29497
24432
2291
7656
22209
125
5154
15768
3894
32459
22388
6449
27391
502
25507
10196
18630
25038
5583
25712
16591
31323
11123
25062
30856
286
21144
27243
21602
16282
2632
11821
31712
22291
26438
17721
25581
29078
4348
2204
21363
1081
2741
1736
5673
1700
7436
5946
20909
17360
29604
20826
12498
10255
17178
27299
22843
12365
2872
16387
24361
24213
18796
3717
11153
22487
12152
7981
2162
3816
12906
27171
18277
8394
1487
29973
13942
17966
22308
28886
22322
32311
23949
23115
3073
22145
4554
8839
12214
29794
8806
8757
19301
17263
30769
23606
24180
27970
24305
21388
27893
32379
9813
30839
18483
23813
20266
28893
17803
29595
6353
16367
22398
13962
753
4362
15620
26040
5993
10715
15138
12261
4233
18375
5310
6961
12161
27786
13491
22238
22297
24094
15905
23128
16035
24030
30470
30066
20782
23275
16659
13811
3325
9167
5304
18001
30520
23392
12930
10684
30688
13543
32422
31070
12808
15234
15070
1762
11331
10439
4723
2099
23897
3754
11419
12422
28990
22689
14598
23194
23108
26630
10932
10302
655
20412
5385
15125
12745
29461
24355
27286
31512
3059
16747
6998
18253
23598
16746
7050
20319
3638
8159
10439
6935
2298
27918
781
22540
15112
14170
12548
7378
8437
2070
22917
27759
2815
8857
22108
3598
26097
14736
25677
3320
2887
3737
5205
29887
23699
12301
25137
7612
11807
18716
5157
7612
17620
14368
18422
12535
27482
24363
20792
12098
25217
25314
19664
24965
12512
19343
3505
19310
5564
15473
18153
15719
9003
13655
5857
17094
17272
4717
22496
16452
11722
15957
22994
22193
3585
19065
26952
24038
25569
24992
18367
3066
23922
18624
31013
7353
12454
25107
2713
3409
14397
26221
13939
16463
22502
18637
2436
7626
27559
30770
28063
990
18046
29616
15703
7005
1097
25794
17675
25792
13027
13282
21792
4452
5776
19287
18830
31987
3483
31823
10910
23327
22333
14893
19186
28055
16833
8228
1733
22067
998
29957
2164
22898
17797
8533
13885
9511
7027
19363
11591
28527
31401
3864
28131
486
26274
80
7442
1307
24325
29800
32583
8257
20612
15961
4206
16679
3332
22148
23852
8298
3838
8334
361
21993
3109
17261
28684
4473
6985
18371
26629
19418
29051
28779
14993
1002
31346
338
18105
23577
20525
26761
19996
11293
21978
32152
1775
23271
31223
19220
3906
5333
25527
5748
9605
12841
4007
6688
19018
25018
8081
9675
12109
27625
24992
6403
6065
8663
21190
27654
3468
19669
8283
15064
4262
12828
27911
1682
8830
32447
23777
8445
21390
12253
11480
30303
13776
19227
22867
10645
22657
31569
6164
13922
12581
25988
10594
3591
5579
18965
17511
25108
11410
17975
8919
4477
29804
18854
28626
27632
19234
5271
7692
16230
5273
20970
26923
25593
26451
8615
1648
14837
25144
10152
18586
20017
3991
29331
15111
6304
31080
20236
30749
2339
21204
23336
16104
22177
23287
28196
3076
17498
23780
10327
14782
20856
28905
16229
27510
1767
25365
23222
18504
22375
25336
5158
18667
17888
24746
28926
7384
17909
15119
26404
27311
2779
9048
17038
28631
14444
22989
32508
17253
10871
10186
27111
16448
18011
15112
8372
23170
2772
17950
16174
25633
21012
2632
21043
1230
31254
11878
25261
26909
26415
1864
11461
27879
5350
13608
22355
17645
10501
14968
16280
27581
15600
28639
11567
21978
20790
31102
577
12567
8038
8567
15353
13124
15908
15280
22327
15372
19323
30420
28041
19998
4469
16027
7767
9099
22761
4940
6237
24943
24213
31360
22366
11988
7788
27944
27159
13011
26929
26321
21619
15868
30789
31271
25085
8953
29630
3768
31898
621
7864
11259
23416
3618
7664
30097
7746
1892
3215
15562
10390
31912
21315
19307
20920
2674
30100
19375
15496
9077
18806
29067
27569
9211
19738
18742
26148
13447
3850
20201
32709
16313
23669
13284
6755
32627
10695
29873
29422
25914
27005
9388
20196
25055
17720
4803
7693
20574
27920
11131
25704
2054
28970
15411
101
23002
22925
31661
8532
32056
28721
31690
542
12216
29017
26773
15411
3159
5667
14467
18115
24021
11614
12794
30257
28763
13979
27151
4037
9825
13191
8340
17825
21711
9080
7506
12022
10850
23877
29331
4215
9810
15195
18660
2318
25138
19981
6168
30414
13079
2092
29072
10282
26108
6616
16314
11620
7013
28053
7896
24136
1603
31650
13059
26649
4632
26502
8047
30668
13403
7147
752
21620
27934
22703
7613
32254
15086
26425
1141
9246
1531
26889
1119
2441
18041
29843
7414
10085
27205
29774
12965
9469
15820
31752
24271
30650
23593
2172
274
16207
27277
23846
30157
12851
8932
29782
5599
11860
29109
13700
25522
16906
11082
26083
2425
16713
7186
1848
3253
15132
30787
6381
23294
25422
28355
28513
5120
17514
25417
5507
13508
19943
5056
27807
2097
4764
11500
32376
210
19322
4687
13718
24537
29305
23886
28641
19812
2515
22416
8047
17920
25457
29863
28059
363
31906
3826
5207
13983
16915
27585
25027
24843
20476
19131
6654
27428
663
1149
11067
25116
27350
31876
26648
5873
31573
27213
15404
20650
398
15802
3807
29662
16204
8888
18559
17269
14434
26655
11664
7858
2204
19930
1123
24690
22006
32327
14570
17326
13068
14048
29386
28999
1490
25628
20914
6915
18053
13456
17387
18386
10977
26458
11057
13655
4501
22975
17346
29347
16884
6163
436
6212
21485
30169
22667
16766
21565
28972
8459
10968
30947
25950
4427
6619
31188
20702
31499
29206
25073
12895
17479
7013
27702
16694
19981
7539
16692
1284
15755
5246
10433
4246
23404
25434
1006
25609
32101
18105
9017
14898
11786
11689
19716
17725
1767
31582
2118
7827
28876
5682
32641
28162
15976
26602
4084
3096
21785
13115
22801
9167
22531
25229
24625
6000
2400
13310
7303
11441
22038
26282
32594
17440
16271
19754
19543
8133
6085
26970
22159
32003
17308
30047
29981
1472
30581
32233
17538
23750
8704
29110
2068
18792
31057
19032
16301
18024
24119
12855
17824
30744
2505
19417
2289
19904
14657
32353
14277
21056
19470
27478
28183
28662
2084
29094
15533
11234
30871
25067
7242
7176
6760
18412
8486
7446
19359
28007
667
2887
12441
31246
19233
647
932
21711
17532
27096
713
10840
29748
19956
28649
15579
15430
20276
22284
24846
29721
9904
3829
19575
3507
1704
10234
6374
6957
23075
15634
8515
18532
10197
23344
7049
7410
7238
29391
5139
6749
32561
1998
11799
2701
6186
4991
19824
4740
18052
19707
3488
23881
20594
19384
10773
29477
11628
14429
15275
4370
20437
32724
28531
5233
12762
15521
6835
20219
10653
19059
20525
22266
18579
14329
23204
10169
18986
2807
16541
9785
21936
2713
13667
24101
6000
1031
6989
2824
29982
15673
31555
16830
24949
2573
5503
20009
4894
14231
28561
6437
8916
16824
934
10941
21702
1778
29961
7327
4412
28282
28138
4301
20606
13455
2655
150
32242
20747
29864
30661
5764
11320
5815
4120
1610
5604
1264
16627
2408
12984
1581
22358
5170
21445
23813
10765
1681
27744
13902
24102
11944
6704
24800
20392
24247
29573
12956
29314
6719
4075
16045
16322
7783
32512
16654
775
18846
8578
25420
7225
9858
6316
16014
2423
7680
16323
16082
19793
5309
25580
19321
1336
30645
11840
22790
17458
31779
29730
18467
1491
5792
25040
13797
19816
28046
13113
8528
17781
19127
28431
2590
29538
20530
22556
27836
21361
29831
2265
16278
28915
2578
27965
21908
20156
21933
3795
18916
13268
30857
26383
22779
12399
12637
11234
19158
28447
14531
19084
21126
9801
15582
1202
1771
15830
16449
25520
22720
32042
24588
30256
10711
21850
17752
3068
27046
7065
17878
25616
23299
18420
30642
244
26412
3136
15550
5960
8714
22352
2252
19104
25527
6251
26459
11411
6973
22268
1143
12815
16033
29324
15578
4847
31776
7918
31063
18384
4280
28857
22905
6688
26602
3580
29031
31351
26815
22316
7946
4395
5129
7265
14962
15647
22507
12994
9590
29915
15515
32318
32411
15842
20071
17278
31544
11839
26870
22039
11479
11362
18385
30467
13789
24874
33
30546
12654
4163
18363
29469
21131
19122
11609
14524
32381
12206
9770
12344
26231
12210
5262
22275
25719
1488
11290
9191
8045
23368
22243
26429
15007
18777
32761
31583
5196
11607
26417
22880
22415
766
25128
26106
25991
14598
11908
2759
22965
13303
14717
28596
11685
29503
157
26804
16337
3202
28611
27569
16834
28977
24686
8904
20856
12894
7736
28341
16908
14031
5281
28044
22420
5969
2574
22955
31303
5454
3090
21740
9442
24482
28907
29727
4682
6571
4688
7863
28274
22687
9578
5827
3711
2851
21536
15648
29738
32537
31639
26093
8294
31161
13305
20800
31043
5603
1398
7191
18195
23731
28297
15762
3275
19543
8061
25695
16300
16669
3887
18549
8738
29904
19733
17669
17900
2117
13439
20141
31101
19249
25885
6640
9378
13885
9410
1507
22630
19293
3687
7976
5683
20573
12915
20256
4665
6077
3130
2909
29971
19390
28867
6486
24744
28605
23246
14943
15440
3008
14357
21464
3129
13903
7123
26532
22536
28805
31363
28893
25795
2150
21226
30917
17902
30067
26711
30720
2548
25468
29226
22529
1481
24502
25747
10435
974
23565
13980
24249
23029
31931
18794
11527
11045
25626
21695
20466
22496
28854
31940
23445
25123
8615
29958
25302
18573
5406
21694
2713
7364
21821
85
23860
22805
26412
19495
29218
14682
20585
15496
15867
6945
1631
1796
7843
10506
31803
14571
30658
21873
17147
9998
29557
26701
28615
2755
15172
9304
15493
28719
15699
18289
5800
22980
20956
27198
4168
15624
21724
789
26488
15512
2061
4125
6100
17261
20757
11440
10841
25951
10237
5636
14202
10471
18916
25355
20335
7721
1013
29591
15569
26418
10902
23234
21860
5502
4322
18573
19764
189
5210
14023
16355
31446
4311
23857
25665
1325
20676
12511
7709
27426
19849
29409
25179
26074
21578
4643
8519
11585
25298
25746
11049
6735
20682
31616
17178
16011
6447
5962
21525
5326
22531
32312
31825
12106
20546
15012
25294
1738
3607
1119
2862
20283
31056
22864
7111
30060
27664
2398
18934
10770
8643
14737
24758
7695
4695
8819
5489
21492
3498
3517
7958
10948
11070
22319
17259
1531
25140
29888
20133
14030
23928
18935
10550
2741
24633
19097
32742
8999
20124
12420
12837
31396
11953
18651
31391
15097
13734
7267
1554
18624
13626
30509
27740
10278
32117
4982
16345
7921
1686
27595
9963
14273
30542
30833
13274
2709
23339
23555
28383
28306
7511
17245
18043
30976
7042
31929
23053
28054
25885
2584
21156
1015
31433
13028
15890
9852
8719
22739
8258
3636
8529
5134
11979
24617
30720
23187
27332
12261
26384
14039
3291
2869
23977
20912
30625
29485
7712
21363
9256
26220
12069
24665
15568
24738
27966
13352
23134
29519
20596
8463
5966
23501
14923
30161
28011
14992
24568
3878
4508
20397
9423
6238
16897
24729
30971
16199
14910
11059
4209
24401
16919
2565
1575
26608
2622
11719
16256
578
19304
4133
9227
14834
23462
963
32110
11612
11763
1405
5021
2289
28681
13043
22864
20957
14970
2629
15539
17384
1787
22299
28767
18074
24835
28905
16521
15779
1173
11889
18553
14458
24409
12937
7230
17731
10226
30238
15009
27382
32652
13177
23383
3774
20916
5825
28027
18591
26221
22465
23099
27484
23168
8428
24529
17304
29203
26526
6325
21051
31101
6565
784
1559
10329
17408
7284
14540
15065
5862
26059
29416
13662
27403
25486
15187
1605
11294
28216
30187
31235
19606
26361
5483
13684
9902
9390
9361
10864
28334
11537
27264
15008
6765
3629
11875
31887
25108
27670
24147
22276
15908
5846
7547
26256
1723
15530
32121
24931
6163
3183
26376
28003
8267
23639
30172
7296
31338
10464
19406
833
15009
7
7993
7587
20432
11448
2212
30244
24140
13962
21409
17179
14304
2473
22260
28234
5393
23315
6136
15030
29606
7432
15679
31927
15976
6075
5241
6219
8743
31310
12183
14767
13309
30717
23856
31793
19671
17818
35
29504
15920
2873
2686
18885
17440
7724
8094
27574
22678
5938
8600
28135
19425
6379
11736
10276
18038
23183
19720
13694
6125
19168
23092
20194
30540
24413
25899
13296
6280
25529
5160
5641
15177
23947
18609
14762
5870
22599
3008
16889
18385
11629
1313
23198
8652
7424
539
13268
3068
19002
20306
1216
18884
28798
27116
2049
21781
25742
19443
9864
11757
13822
22522
17578
17182
1257
10244
25971
22609
24546
17313
6206
3402
15917
346
25730
27246
27184
5967
10223
5762
28708
7967
6842
6581
25872
4360
28213
20961
6648
31312
14754
31758
3921
29411
10569
30520
15545
5693
9160
9298
229
906
22955
1930
19931
10508
29500
3791
25953
24254
20636
8592
14773
5175
4115
24007
18046
5584
20133
9783
30211
11529
22246
26097
26267
8233
12815
11549
9316
21797
20304
2807
11064
7107
13672
18712
17629
25343
29300
27639
6012
23982
15876
7343
30805
23137
372
24579
22192
21132
14970
16031
21271
29928
27643
17056
22210
12053
4387
28247
16211
31364
18100
4170
29380
28820
7838
6268
28573
27131
20945
21231
11626
11624
17487
11110
24940
29031
3973
24175
31631
13700
1755
15265
28572
14003
27274
23843
7856
751
15533
30830
29933
28706
27804
11347
3951
31301
19573
28735
32385
19656
1275
2238
30737
31540
31652
9534
3682
11535
24301
2838
16129
16640
19697
29126
28154
11059
18490
29824
8523
4863
28375
15592
4249
29638
10158
19225
23842
17693
14868
32488
1523
28205
923
18028
27739
2137
16427
5566
31903
13602
6229
3069
20207
2887
27107
27029
21657
24368
32436
15297
25981
27276
9671
24911
16833
5946
25237
19620
23494
29029
9892
9983
32346
1268
18777
14594
9007
10785
12814
15470
3467
1383
26724
31534
32066
16034
32474
24471
3554
13170
2975
23022
5677
10464
9125
16170
7116
16452
3063
1276
12097
13158
5452
32525
17438
7139
21980
391
22900
18898
13682
3286
1679
28072
32707
26288
16352
6489
28926
17490
26683
23744
28836
27149
579
321
28314
25602
5666
10413
5757
15402
8061
21349
19765
20889
6054
4547
11469
13571
28692
25781
29313
11903
4369
4523
4889
20619
12467
28084
26998
15440
5645
25571
13163
31528
7334
15096
20686
4446
3115
24124
30926
11829
6240
11693
22918
7467
7516
6491
21971
23678
27638
3090
21859
31984
14971
26937
23311
11975
3490
8698
21867
8217
11713
9636
23963
4166
31808
12621
22632
15558
15694
17083
11667
2853
10708
12933
2408
5195
23975
14709
23703
29953
30210
25905
3648
1969
29747
16410
5197
27501
14484
12405
26116
31795
10685
21193
31964
8304
23544
21383
22416
4034
19702
3056
13171
30466
1984
26164
28675
7554
17647
19671
20672
28563
23328
10585
4415
4683
5027
13846
32634
25733
14195
10091
4202
4392
26731
28698
8920
5805
6838
9456
25712
26587
17032
17317
3351
2517
2571
24835
25726
21335
9117
586
17911
12605
3128
9684
5768
5189
21041
16117
24894
27669
13350
10533
3524
21376
11314
22113
25908
20997
15202
15566
22829
22168
2413
18336
16678
20390
11423
20282
514
1107
11799
23702
21476
4870
7730
15336
6724
14631
19783
8830
579
18471
31893
27627
23355
27585
7033
12900
23963
9600
25829
18026
21490
8578
28941
18858
23113
18555
3939
28961
10166
13052
31942
12931
5678
25078
18934
24798
23707
24698
1612
31866
12078
12994
680
14853
14839
13941
16554
1260
10675
22567
25125
268
14053
16927
11472
20362
26408
26718
30271
6911
30915
5597
3090
11993
11390
24341
27757
7678
25012
7620
25256
15538
14506
23023
23623
29114
12063
17443
2604
8897
27428
9473
8715
16380
10286
26106
21535
13066
31338
5974
18715
13598
23632
6011
15460
20575
14971
16236
1661
4239
29112
14480
11202
9963
29533
24501
17242
1363
988
22868
19047
13483
18327
15126
14207
27265
4598
28312
25184
8688
10935
12651
5087
15300
32134
22112
21026
27102
26574
11266
15631
27099
6350
11363
3844
21232
14319
23068
5577
31512
17749
28303
14275
14194
26804
15727
22890
31716
8805
29059
14077
7685
4793
1702
1652
16186
19341
9491
30134
8735
24606
16863
22796
28456
10015
10439
7637
11400
25353
21292
21884
27985
17587
12380
27816
31709
31778
17171
25266
878
19362
14402
5468
32017
20757
23310
29888
25544
31116
2588
13190
29671
21268
4620
18266
31167
12499
4419
19869
29562
21843
18670
10331
2630
5917
32579
26494
9910
13194
22282
21057
9316
17366
16477
9447
26844
2166
26284
22188
25013
32427
16388
31740
11777
29784
8592
6371
30440
3601
32096
30661
15247
29556
11625
22607
5183
5564
28621
2733
12483
17555
30813
19197
5649
1320
15196
28932
24365
24450
21894
18464
1355
5652
13649
9086
29492
31633
26995
653
26602
23297
14500
22963
27791
9749
26277
21310
24963
23991
19073
7325
26317
26854
6675
5072
9148
19905
3784
26909
12749
225
18343
2309
11984
16108
3214
25206
14919
9319
22206
23874
25103
30668
17049
5328
16962
23005
20139
11026
23643
20535
3048
18358
27035
24106
9012
6049
11436
8136
21545
24729
1669
6972
20756
32065
21133
15454
7232
21835
19971
11908
19064
9705
3741
2202
20167
11908
19567
32629
13186
5553
783
4708
25736
6753
11767
26120
28361
25943
9258
16742
22789
3808
22299
24891
31190
11454
30922
5519
28401
31845
19760
23949
6569
32106
10973
30098
17589
4152
28384
2948
22322
27909
26599
3429
14572
1796
31911
17960
19417
12252
4478
15555
7910
3930
29015
2437
15862
17250
15823
5546
17192
15404
10902
31021
3417
10413
2071
27357
16363
1874
24923
30387
28612
12020
12586
28259
8601
25609
29300
18481
32108
19991
4080
24582
23379
24943
30467
20163
3452
4375
20963
19413
2926
23816
11516
19722
25233
4249
2963
22690
4081
17724
12201
15786
10047
32104
6434
9861
27417
27606
38
14796
14986
15088
20168
15704
30677
26759
24037
28572
19566
2500
31055
2872
28234
2913
28459
10444
19032
16920
11928
29450
14416
24412
14738
24848
7083
7752
28181
27380
5618
15573
27269
27808
11836
5455
4429
10976
4595
27658
28615
11961
21206
17745
3164
27389
17988
22431
24556
24604
27063
28178
32367
12861
28815
20252
13021
