10000
2
4
5
7
12
14
19
33
35
38
43
71
71
80
83
85
99
101
105
113
114
116
118
119
125
126
136
137
150
151
153
153
157
157
161
162
163
164
165
166
178
184
187
189
199
203
207
208
210
211
212
222
223
225
225
226
226
227
229
239
241
244
244
248
252
254
266
266
268
271
274
277
284
286
291
298
303
311
317
318
319
319
321
324
324
324
326
330
338
339
346
349
354
355
361
363
364
368
372
375
376
379
391
391
396
397
397
398
399
408
408
415
424
431
436
436
437
437
441
441
453
457
464
466
469
470
473
478
484
486
494
501
502
502
510
514
518
518
523
531
536
539
539
539
542
547
562
566
571
573
577
578
579
579
584
586
587
587
588
588
589
591
598
603
611
611
619
621
628
632
633
633
635
647
653
655
655
663
667
667
668
673
675
676
680
683
688
690
692
698
700
702
702
705
708
713
718
723
725
726
728
731
732
738
739
740
749
751
752
753
761
766
770
772
775
777
781
783
784
789
789
790
792
798
798
805
818
819
833
833
840
844
844
847
856
859
866
867
868
868
874
878
884
889
890
891
893
897
904
905
906
913
914
923
927
931
932
934
938
945
946
950
963
972
974
974
988
990
992
993
993
995
998
1002
1003
1006
1011
1013
1013
1015
1018
1021
1030
1031
1033
1038
1041
1043
1044
1044
1047
1072
1073
1075
1075
1078
1080
1081
1082
1095
1097
1097
1100
1102
1104
1105
1107
1108
1119
1119
1121
1123
1123
1126
1127
1129
1133
1141
1142
1143
1145
1145
1146
1149
1150
1158
1159
1161
1163
1165
1173
1173
1187
1187
1190
1198
1200
1202
1212
1213
1216
1226
1230
1234
1235
1238
1241
1252
1254
1257
1260
1264
1266
1267
1268
1268
1268
1273
1275
1275
1276
1276
1280
1284
1292
1296
1297
1301
1302
1302
1304
1306
1307
1310
1311
1313
1315
1316
1320
1321
1324
1325
1326
1327
1335
1336
1336
1338
1344
1355
1355
1358
1363
1371
1375
1379
1380
1383
1388
1389
1390
1398
1403
1405
1407
1410
1418
1419
1420
1427
1429
1435
1443
1451
1455
1458
1460
1460
1472
1480
1481
1485
1487
1488
1490
1491
1491
1495
1496
1507
1515
1518
1523
1524
1529
1531
1531
1542
1547
1551
1554
1559
1560
1564
1566
1571
1575
1581
1587
1595
1596
1599
1601
1603
1603
1603
1604
1605
1610
1612
1631
1636
1639
1643
1646
1648
1648
1648
1649
1652
1653
1660
1661
1666
1667
1669
1671
1675
1679
1679
1681
1682
1682
1685
1685
1686
1691
1700
1702
1704
1706
1716
1719
1719
1723
1729
1729
1732
1733
1734
1736
1738
1744
1746
1753
1754
1755
1758
1762
1762
1765
1765
1767
1767
1768
1770
1771
1775
1778
1779
1787
1795
1796
1796
1796
1797
1810
1816
1824
1825
1830
1831
1834
1840
1848
1850
1852
1857
1859
1859
1863
1864
1866
1874
1874
1875
1875
1885
1886
1887
1889
1892
1895
1897
1897
1898
1923
1930
1935
1935
1938
1943
1948
1958
1960
1962
1967
1969
1969
1972
1974
1974
1976
1980
1984
1984
1986
1987
1996
1998
1999
2002
2004
2036
2049
2050
2051
2054
2059
2061
2068
2070
2071
2076
2084
2087
2091
2092
2097
2099
2100
2100
2101
2107
2108
2110
2115
2117
2118
2118
2122
2137
2141
2146
2150
2155
2159
2162
2164
2166
2172
2177
2178
2181
2183
2183
2184
2190
2190
2191
2193
2198
2198
2202
2203
2204
2204
2206
2206
2208
2212
2212
2217
2220
2226
2231
2233
2238
2247
2252
2252
2262
2265
2265
2268
2275
2279
2284
2285
2287
2289
2289
2291
2292
2293
2293
2296
2298
2309
2312
2318
2320
2326
2328
2333
2336
2336
2336
2337
2339
2341
2347
2349
2351
2355
2357
2359
2361
2368
2377
2392
2393
2396
2396
2398
2400
2401
2405
2408
2408
2409
2412
2413
2415
2417
2420
2423
2424
2425
2436
2437
2438
2440
2441
2453
2456
2463
2466
2473
2484
2500
2505
2505
2510
2510
2515
2517
2519
2519
2521
2537
2548
2554
2556
2559
2562
2565
2565
2565
2566
2570
2571
2573
2574
2575
2578
2578
2580
2581
2584
2584
2588
2589
2590
2591
2593
2594
2598
2604
2614
2618
2619
2622
2629
2630
2631
2632
2632
2632
2635
2639
2642
2644
2646
2646
2654
2655
2660
2665
2666
2666
2672
2673
2674
2675
2677
2677
2682
2683
2686
2689
2689
2698
2701
2701
2702
2703
2705
2706
2707
2709
2709
2713
2713
2713
2713
2714
2716
2719
2728
2729
2733
2734
2741
2741
2744
2748
2752
2755
2759
2760
2764
2772
2777
2777
2778
2779
2779
2785
2793
2794
2797
2806
2807
2807
2815
2815
2816
2816
2816
2820
2824
2830
2838
2848
2850
2850
2851
2853
2856
2862
2869
2869
2870
2872
2872
2873
2873
2874
2887
2887
2887
2889
2899
2901
2902
2909
2911
2913
2915
2916
2924
2926
2930
2936
2938
2945
2948
2949
2957
2963
2965
2974
2974
2975
2979
2987
2994
3000
3002
3008
3008
3010
3011
3029
3029
3030
3037
3040
3041
3043
3048
3049
3052
3056
3056
3059
3062
3063
3063
3066
3068
3068
3069
3073
3074
3076
3080
3083
3085
3085
3090
3090
3090
3091
3096
3103
3105
3108
3109
3109
3111
3113
3115
3120
3128
3129
3129
3130
3131
3136
3137
3141
3142
3146
3147
3148
3153
3157
3159
3159
3161
3164
3166
3181
3183
3184
3185
3186
3187
3193
3195
3197
3199
3201
3202
3203
3207
3210
3211
3214
3214
3215
3225
3225
3228
3235
3239
3244
3245
3248
3249
3250
3253
3264
3264
3265
3275
3278
3286
3287
3288
3290
3291
3293
3302
3306
3307
3308
3311
3319
3320
3321
3323
3325
3325
3332
3347
3349
3349
3351
3356
3358
3360
3364
3364
3371
3374
3378
3378
3380
3392
3394
3394
3402
3404
3408
3409
3412
3413
3414
3417
3424
3429
3440
3443
3446
3449
3452
3457
3463
3467
3468
3472
3482
3483
3485
3487
3488
3489
3490
3493
3497
3498
3498
3501
3501
3503
3505
3507
3513
3514
3517
3520
3524
3527
3532
3535
3539
3554
3558
3560
3564
3564
3567
3570
3571
3574
3578
3580
3584
3585
3587
3591
3591
3595
3598
3601
3607
3609
3612
3618
3621
3622
3627
3629
3632
3633
3635
3636
3636
3637
3638
3648
3664
3668
3669
3671
3672
3675
3682
3682
3687
3692
3694
3697
3698
3699
3710
3711
3713
3714
3716
3717
3721
3721
3725
3726
3737
3741
3752
3754
3758
3767
3768
3769
3771
3773
3774
3777
3779
3780
3780
3781
3782
3782
3784
3791
3795
3804
3807
3808
3814
3816
3816
3822
3826
3829
3830
3833
3835
3838
3838
3839
3840
3840
3844
3848
3850
3855
3860
3863
3863
3864
3868
3877
3878
3880
3882
3883
3887
3894
3895
3906
3918
3921
3922
3930
3932
3934
3939
3951
3951
3957
3959
3967
3967
3973
3974
3978
3988
3989
3989
3990
3991
3999
3999
4007
4014
4015
4019
4022
4027
4028
4031
4034
4036
4037
4037
4048
4055
4057
4061
4061
4065
4075
4078
4080
4081
4084
4091
4093
4095
4099
4105
4107
4110
4115
4117
4118
4119
4120
4121
4124
4125
4128
4130
4132
4133
4138
4138
4142
4142
4152
4152
4153
4161
4163
4166
4167
4167
4168
4170
4171
4176
4194
4194
4200
4202
4204
4206
4207
4209
4209
4209
4212
4215
4223
4225
4231
4231
4233
4238
4239
4242
4246
4249
4249
4249
4254
4262
4274
4279
4280
4280
4281
4282
4286
4288
4289
4294
4298
4301
4301
4302
4305
4311
4316
4318
4321
4322
4326
4326
4329
4335
4337
4344
4348
4350
4355
4356
4357
4360
4361
4362
4362
4369
4370
4370
4373
4375
4380
4386
4387
4387
4387
4392
4395
4395
4412
4415
4419
4426
4427
4427
4429
4437
4446
4452
4456
4458
4461
4464
4465
4469
4473
4474
4476
4477
4478
4480
4484
4486
4493
4494
4497
4501
4502
4502
4507
4508
4509
4513
4514
4515
4517
4519
4523
4523
4526
4528
4547
4551
4554
4556
4560
4561
4561
4565
4569
4574
4583
4586
4595
4596
4598
4598
4600
4607
4620
4620
4629
4629
4632
4643
4653
4654
4655
4658
4659
4659
4665
4665
4669
4670
4670
4679
4682
4682
4683
4687
4688
4688
4694
4695
4699
4706
4707
4708
4712
4714
4717
4720
4723
4723
4726
4728
4735
4736
4737
4737
4740
4745
4746
4754
4755
4764
4770
4773
4773
4774
4776
4783
4784
4791
4793
4796
4797
4803
4805
4805
4806
4820
4824
4831
4836
4846
4847
4855
4862
4863
4863
4864
4865
4870
4873
4875
4884
4884
4885
4889
4894
4905
4909
4911
4915
4922
4937
4940
4948
4950
4952
4952
4963
4965
4968
4977
4982
4991
5004
5007
5010
5013
5019
5021
5021
5025
5027
5032
5038
5039
5039
5053
5053
5055
5056
5058
5058
5065
5072
5075
5076
5076
5078
5084
5086
5087
5097
5098
5101
5102
5106
5107
5110
5120
5122
5124
5126
5128
5128
5129
5134
5134
5137
5139
5139
5142
5144
5145
5148
5149
5154
5156
5157
5158
5160
5160
5165
5170
5175
5175
5179
5181
5183
5188
5189
5191
5195
5196
5197
5198
5199
5205
5207
5210
5212
5212
5213
5218
5233
5236
5237
5241
5246
5247
5249
5251
5261
5262
5262
5262
5271
5273
5280
5280
5281
5282
5286
5292
5303
5303
5304
5308
5309
5309
5310
5310
5314
5318
5318
5319
5326
5327
5328
5328
5333
5334
5337
5348
5350
5355
5366
5371
5371
5375
5377
5382
5385
5393
5394
5398
5406
5411
5418
5436
5440
5441
5443
5447
5452
5452
5453
5454
5455
5460
5462
5468
5473
5480
5482
5483
5487
5487
5489
5490
5497
5502
5503
5504
5504
5504
5507
5509
5510
5513
5515
5519
5521
5523
5525
5526
5530
5532
5541
5542
5546
5553
5561
5564
5564
5566
5567
5567
5572
5577
5579
5580
5583
5584
5590
5594
5597
5599
5602
5602
5603
5604
5608
5618
5620
5620
5622
5628
5629
5636
5639
5641
5642
5643
5645
5649
5649
5650
5651
5651
5652
5653
5657
5661
5663
5665
5666
5666
5666
5667
5667
5670
5673
5674
5677
5678
5678
5682
5683
5687
5690
5693
5696
5702
5702
5717
5718
5720
5726
5730
5732
5748
5749
5751
5756
5757
5757
5762
5764
5764
5765
5768
5771
5776
5790
5792
5799
5800
5805
5813
5814
5815
5816
5825
5827
5829
5835
5838
5842
5844
5846
5846
5846
5847
5849
5856
5857
5862
5865
5870
5873
5874
5880
5883
5885
5889
5893
5894
5894
5896
5899
5904
5909
5910
5914
5914
5916
5917
5921
5924
5928
5930
5937
5937
5938
5946
5946
5960
5960
5961
5962
5965
5966
5967
5967
5969
5969
5971
5974
5975
5976
5978
5980
5981
5985
5987
5987
5988
5992
5993
5994
6000
6000
6001
6002
6006
6011
6012
6015
6021
6032
6033
6043
6043
6045
6049
6054
6054
6065
6069
6075
6075
6077
6078
6082
6085
6085
6092
6096
6098
6100
6101
6104
6113
6116
6119
6125
6128
6136
6138
6149
6152
6154
6155
6159
6160
6163
6163
6164
6168
6169
6172
6175
6186
6189
6189
6190
6199
6199
6202
6202
6206
6206
6209
6212
6217
6219
6220
6225
6229
6237
6238
6238
6240
6241
6245
6250
6251
6259
6259
6260
6268
6269
6271
6277
6280
6282
6286
6290
6291
6292
6303
6304
6312
6316
6316
6321
6321
6323
6324
6325
6337
6345
6348
6349
6350
6351
6353
6355
6364
6371
6374
6379
6380
6381
6388
6392
6394
6399
6403
6403
6406
6408
6420
6421
6426
6427
6428
6429
6434
6436
6437
6443
6447
6449
6453
6465
6468
6470
6472
6473
6481
6482
6486
6489
6491
6492
6496
6497
6498
6500
6501
6501
6505
6506
6511
6525
6527
6538
6548
6550
6550
6551
6555
6555
6556
6558
6565
6569
6571
6581
6586
6588
6589
6596
6598
6603
6603
6607
6609
6609
6610
6612
6616
6619
6630
6633
6634
6639
6639
6640
6644
6648
6654
6654
6659
6661
6670
6672
6675
6676
6684
6688
6688
6688
6688
6699
6701
6703
6704
6707
6713
6714
6716
6717
6717
6718
6719
6719
6721
6724
6725
6728
6735
6740
6740
6747
6749
6751
6753
6755
6755
6757
6759
6760
6765
6767
6774
6774
6774
6776
6792
6794
6798
6800
6813
6817
6818
6819
6824
6835
6836
6838
6838
6838
6842
6844
6848
6848
6848
6853
6853
6856
6861
6863
6864
6868
6869
6889
6893
6899
6901
6901
6903
6908
6910
6911
6914
6915
6916
6918
6918
6926
6927
6933
6934
6935
6937
6945
6949
6951
6953
6955
6957
6958
6961
6965
6966
6972
6973
6978
6978
6985
6988
6988
6989
6989
6992
6998
7002
7005
7008
7009
7012
7013
7013
7024
7024
7025
7027
7030
7033
7033
7040
7042
7042
7049
7050
7050
7060
7064
7065
7073
7075
7078
7079
7079
7079
7080
7083
7086
7106
7107
7107
7108
7111
7113
7116
7118
7123
7128
7133
7139
7147
7156
7157
7164
7164
7167
7168
7173
7174
7176
7186
7190
7191
7192
7193
7212
7214
7220
7220
7223
7225
7230
7232
7233
7238
7241
7242
7243
7243
7246
7246
7246
7255
7260
7265
7267
7268
7274
7275
7277
7284
7286
7293
7296
7296
7303
7306
7312
7314
7325
7327
7328
7330
7334
7334
7338
7338
7343
7343
7347
7353
7357
7358
7364
7369
7378
7380
7384
7385
7388
7393
7393
7393
7396
7399
7400
7402
7407
7410
7411
7414
7424
7424
7426
7432
7433
7435
7436
7438
7442
7446
7446
7455
7458
7460
7464
7467
7471
7474
7479
7485
7499
7499
7502
7506
7507
7511
7515
7516
7516
7523
7528
7530
7539
7544
7547
7550
7554
7560
7566
7572
7582
7582
7584
7587
7593
7605
7612
7612
7613
7620
7626
7626
7627
7631
7632
7633
7635
7637
7643
7645
7647
7647
7652
7656
7656
7661
7663
7664
7670
7670
7670
7673
7674
7675
7678
7680
7684
7685
7687
7688
7690
7691
7692
7692
7693
7693
7695
7697
7699
7699
7703
7707
7708
7709
7712
7712
7716
7717
7720
7721
7724
7727
7730
7735
7736
7737
7739
7740
7741
7741
7744
7746
7749
7750
7752
7758
7766
7766
7767
7767
7768
7772
7775
7780
7782
7783
7785
7788
7793
7795
7812
7814
7815
7821
7821
7825
7827
7835
7838
7839
7841
7843
7849
7854
7856
7858
7860
7863
7864
7870
7872
7879
7879
7880
7881
7882
7883
7889
7891
7894
7896
7900
7907
7907
7910
7912
7918
7920
7921
7922
7924
7926
7942
7946
7950
7955
7956
7958
7958
7960
7963
7963
7967
7968
7976
7977
7981
7987
7989
7993
7993
7996
8000
8000
8002
8014
8015
8022
8023
8038
8044
8045
8045
8047
8047
8048
8055
8057
8058
8061
8061
8063
8063
8066
8068
8073
8077
8081
8081
8083
8083
8088
8092
8094
8096
8097
8097
8100
8105
8125
8126
8132
8133
8136
8137
8144
8144
8146
8151
8159
8159
8165
8171
8171
8174
8175
8180
8182
8193
8195
8195
8199
8200
8204
8209
8217
8223
8227
8228
8230
8230
8232
8233
8235
8242
8242
8257
8257
8258
8260
8261
8262
8267
8276
8277
8277
8279
8280
8282
8283
8285
8291
8294
8298
8304
8309
8310
8314
8330
8334
8338
8339
8340
8341
8344
8346
8362
8372
8372
8373
8377
8386
8387
8394
8395
8402
8405
8411
8420
8427
8428
8434
8437
8437
8439
8445
8457
8457
8459
8459
8462
8462
8463
8485
8485
8486
8486
8488
8494
8514
8515
8517
8518
8519
8519
8523
8523
8526
8528
8529
8532
8533
8533
8552
8557
8558
8566
8567
8569
8578
8578
8592
8592
8600
8601
8605
8608
8612
8614
8615
8615
8620
8625
8632
8636
8638
8641
8643
8648
8649
8650
8651
8652
8652
8655
8658
8663
8669
8672
8674
8681
8682
8683
8688
8688
8693
8694
8694
8694
8698
8699
8700
8700
8703
8704
8710
8714
8714
8714
8715
8719
8720
8723
8728
8731
8732
8733
8734
8735
8737
8738
8741
8743
8744
8745
8757
8757
8760
8761
8762
8764
8771
8783
8787
8790
8799
8805
8806
8811
8812
8813
8817
8819
8824
8824
8826
8826
8830
8830
8835
8836
8837
8839
8841
8842
8847
8848
8848
8857
8858
8863
8866
8867
8868
8871
8886
8888
8891
8891
8894
8895
8897
8902
8903
8904
8909
8912
8916
8918
8919
8919
8920
8925
8928
8932
8936
8939
8942
8946
8947
8953
8954
8955
8958
8960
8961
8963
8971
8979
8981
8981
8999
9000
9003
9005
9007
9007
9012
9013
9013
9016
9017
9021
9027
9031
9037
9039
9047
9048
9052
9052
9065
9067
9067
9073
9074
9077
9078
9080
9081
9084
9086
9089
9089
9093
9093
9099
9099
9099
9104
9112
9115
9117
9117
9118
9123
9125
9126
9128
9142
9144
9144
9148
9156
9160
9167
9167
9176
9176
9179
9180
9182
9184
9189
9191
9194
9204
9211
9212
9212
9218
9227
9233
9238
9246
9247
9254
9256
9258
9259
9261
9261
9262
9274
9280
9281
9285
9288
9297
9298
9302
9304
9307
9316
9316
9318
9318
9319
9333
9334
9336
9338
9346
9351
9355
9361
9363
9365
9369
9372
9378
9380
9383
9383
9384
9385
9388
9390
9392
9398
9399
9404
9407
9408
9409
9410
9412
9415
9419
9423
9423
9426
9430
9437
9438
9442
9447
9448
9456
9458
9460
9464
9466
9469
9473
9473
9477
9480
9485
9488
9489
9489
9489
9491
9491
9506
9508
9511
9512
9515
9517
9518
9520
9522
9526
9526
9528
9532
9534
9535
9540
9541
9545
9549
9552
9554
9561
9571
9572
9578
9578
9589
9590
9595
9598
9600
9605
9613
9620
9621
9623
9633
9634
9634
9635
9636
9636
9639
9647
9647
9650
9651
9654
9657
9659
9660
9662
9663
9664
9669
9670
9671
9672
9674
9675
9679
9681
9684
9685
9698
9698
9698
9703
9705
9709
9711
9711
9717
9720
9720
9723
9726
9737
9738
9738
9744
9748
9749
9749
9749
9751
9760
9766
9768
9769
9770
9782
9783
9785
9788
9799
9801
9803
9806
9810
9810
9813
9817
9817
9823
9825
9827
9838
9842
9842
9845
9852
9856
9858
9859
9861
9864
9869
9872
9881
9891
9892
9898
9900
9900
9902
9904
9910
9911
9917
9929
9935
9936
9938
9943
9948
9949
9957
9963
9963
9966
9977
9980
9981
9983
9986
9989
9995
9998
10000
10002
10012
10015
10017
10024
10027
10029
10032
10033
10036
10040
10043
10045
10045
10047
10054
10059
10061
10062
10064
10072
10072
10073
10085
10090
10091
10091
10093
10102
10103
10113
10116
10122
10129
10133
10136
10152
10158
10158
10164
10165
10166
10166
10169
10170
10171
10172
10173
10185
10186
10186
10187
10196
10197
10198
10199
10201
10211
10214
10217
10223
10223
10226
10233
10234
10235
10237
10237
10243
10244
10251
10253
10255
10256
10267
10269
10276
10276
10278
10279
10280
10281
10282
10284
10286
10291
10292
10295
10297
10302
10304
10308
10310
10314
10323
10324
10325
10326
10327
10327
10328
10329
10331
10334
10342
10351
10363
10375
10379
10381
10381
10383
10384
10390
10390
10391
10395
10401
10401
10410
10413
10413
10422
10429
10430
10433
10434
10434
10435
10437
10439
10439
10439
10444
10448
10458
10461
10464
10464
10465
10465
10469
10471
10485
10488
10488
10488
10498
10500
10501
10504
10506
10508
10516
10526
10530
10533
10533
10544
10545
10548
10550
10552
10555
10560
10569
10573
10578
10579
10580
10585
10585
10592
10594
10597
10604
10609
10612
10633
10636
10639
10642
10645
10646
10653
10655
10659
10664
10667
10667
10674
10675
10683
10684
10684
10685
10685
10695
10695
10708
10708
10711
10711
10715
10722
10724
10730
10730
10732
10733
10733
10742
10743
10755
10756
10757
10759
10765
10770
10772
10773
10774
10775
10779
10785
10795
10799
10799
10801
10805
10820
10826
10827
10839
10840
10841
10841
10842
10846
10850
10853
10864
10865
10871
10873
10874
10878
10879
10885
10886
10889
10901
10902
10902
10902
10903
10903
10903
10910
10932
10934
10935
10941
10945
10948
10953
10958
10958
10966
10968
10972
10973
10974
10976
10977
10984
10987
10992
10997
10998
11006
11014
11014
11022
11026
11028
11045
11046
11049
11057
11058
11059
11059
11060
11064
11067
11070
11079
11082
11084
11086
11086
11087
11092
11093
11094
11097
11100
11100
11101
11105
11110
11113
11113
11121
11123
11131
11132
11136
11143
11143
11145
11151
11153
11156
11156
11159
11164
11167
11167
11169
11176
11177
11181
11184
11184
11192
11193
11196
11198
11202
11202
11203
11203
11210
11210
11212
11216
11224
11229
11234
11234
11238
11239
11242
11248
11250
11253
11259
11262
11265
11266
11268
11290
11293
11294
11294
11299
11301
11301
11303
11313
11314
11320
11331
11332
11336
11339
11341
11341
11341
11343
11347
11348
11353
11358
11362
11363
11367
11368
11368
11381
11390
11400
11401
11402
11402
11404
11405
11406
11410
11411
11419
11423
11431
11436
11440
11441
11442
11445
11446
11447
11448
11450
11452
11454
11454
11455
11461
11461
11462
11466
11469
11472
11472
11479
11480
11483
11500
11500
11502
11503
11506
11507
11516
11518
11522
11527
11529
11533
11534
11535
11537
11537
11538
11538
11541
11545
11546
11547
11548
11549
11558
11558
11558
11558
11561
11567
11568
11577
11580
11582
11585
11588
11591
11591
11592
11592
11595
11597
11599
11602
11604
11607
11609
11612
11612
11614
11616
11620
11620
11621
11624
11625
11626
11628
11629
11630
11633
11635
11635
11638
11641
11651
11654
11656
11664
11667
11672
11672
11677
11677
11679
11681
11683
11684
11685
11689
11691
11693
11693
11695
11707
11709
11713
11719
11720
11722
11722
11725
11727
11728
11736
11737
11740
11741
11748
11757
11759
11760
11762
11763
11763
11765
11766
11767
11777
11783
11785
11786
11793
11799
11799
11805
11806
11807
11810
11811
11815
11815
11821
11827
11829
11829
11836
11839
11840
11842
11843
11845
11856
11860
11864
11867
11868
11870
11873
11873
11875
11875
11876
11878
11879
11882
11884
11885
11889
11892
11895
11903
11903
11906
11908
11908
11908
11908
11910
11917
11917
11928
11932
11935
11940
11944
11953
11959
11961
11966
11971
11975
11979
11979
11984
11985
11988
11988
11989
11993
12005
12006
12009
12010
12011
12020
12020
12022
12031
12040
12040
12040
12048
12050
12050
12053
12054
12062
12063
12064
12067
12069
12070
12078
12087
12088
12091
12094
12097
12098
12099
12099
12105
12106
12109
12112
12117
12122
12136
12138
12152
12154
12155
12158
12161
12163
12170
12174
12175
12183
12192
12201
12206
12209
12210
12214
12215
12216
12216
12217
12217
12218
12222
12224
12225
12243
12252
12253
12259
12261
12261
12261
12272
12276
12276
12285
12287
12287
12293
12294
12300
12301
12306
12311
12311
12312
12312
12313
12313
12334
12338
12342
12344
12348
12349
12365
12366
12370
12370
12377
12380
12382
12383
12386
12387
12389
12399
12401
12403
12405
12407
12417
12417
12417
12420
12421
12422
12440
12441
12442
12446
12454
12455
12455
12461
12461
12466
12467
12467
12480
12483
12485
12486
12492
12494
12498
12499
12500
12505
12506
12510
12511
12511
12512
12531
12533
12535
12537
12542
12543
12545
12548
12548
12561
12567
12567
12570
12572
12575
12578
12581
12585
12585
12586
12587
12591
12595
12596
12605
12612
12612
12614
12616
12616
12619
12621
12626
12627
12627
12627
12630
12632
12633
12636
12637
12640
12644
12646
12647
12651
12654
12655
12658
12665
12668
12686
12688
12696
12702
12703
12703
12709
12712
12712
12712
12713
12731
12738
12740
12745
12749
12749
12751
12761
12762
12764
12766
12768
12775
12779
12781
12783
12783
12786
12787
12787
12788
12790
12794
12803
12804
12805
12808
12808
12812
12814
12815
12815
12822
12826
12827
12828
12837
12841
12841
12842
12843
12844
12847
12851
12855
12856
12861
12867
12869
12874
12876
12879
12889
12891
12894
12895
12897
12900
12906
12907
12911
12912
12915
12930
12931
12933
12933
12937
12946
12953
12956
12957
12957
12962
12963
12964
12965
12972
12976
12984
12986
12991
12992
12994
12994
13007
13011
13011
13012
13021
13022
13022
13025
13027
13028
13028
13031
13040
13043
13043
13052
13058
13059
13064
13065
13066
13068
13068
13069
13072
13074
13079
13086
13088
13089
13092
13113
13115
13118
13118
13118
13124
13124
13129
13129
13130
13134
13137
13139
13142
13155
13158
13158
13161
13161
13162
13163
13170
13171
13172
13177
13178
13183
13186
13190
13191
13194
13194
13195
13202
13204
13205
13210
13211
13215
13215
13223
13230
13234
13247
13255
13262
13264
13268
13268
13272
13274
13274
13281
13282
13284
13296
13303
13305
13308
13309
13309
13310
13315
13318
13318
13323
13328
13329
13347
13348
13350
13350
13352
13356
13356
13357
13358
13364
13366
13366
13368
13371
13389
13394
13395
13396
13399
13403
13406
13410
13412
13412
13414
13420
13420
13422
13427
13429
13439
13439
13443
13447
13452
13455
13456
13463
13463
13472
13472
13476
13483
13487
13489
13491
13491
13494
13496
13500
13501
13508
13512
13512
13513
13520
13529
13530
13535
13543
13545
13549
13561
13564
13565
13571
13579
13581
13582
13587
13594
13594
13595
13598
13600
13602
13604
13608
13611
13613
13620
13626
13627
13629
13632
13647
13649
13651
13655
13655
13660
13662
13665
13665
13666
13667
13669
13671
13672
13675
13675
13682
13682
13684
13690
13690
13694
13695
13696
13700
13700
13701
13709
13717
13718
13718
13726
13730
13730
13734
13741
13745
13746
13750
13752
13753
13757
13760
13761
13769
13776
13778
13782
13789
13795
13797
13799
13807
13809
13811
13813
13815
13815
13818
13818
13822
13822
13825
13827
13827
13837
13838
13846
13847
13863
13872
13880
13885
13885
13888
13890
13892
13892
13902
13903
13904
13912
13915
13921
13922
13929
13934
13935
13939
13939
13941
13942
13949
13951
13956
13956
13958
13958
13959
13961
13962
13962
13962
13963
13965
13973
13979
13980
13982
13983
13989
13991
13992
13995
13995
13995
14003
14007
14010
14018
14018
14023
14026
14026
14030
14030
14031
14038
14039
14039
14048
14048
14053
14053
14054
14057
14057
14064
14071
14071
14073
14074
14077
14079
14079
14079
14081
14083
14091
14094
14100
14117
14119
14126
14127
14135
14144
14145
14157
14160
14170
14172
14173
14175
14185
14189
14190
14191
14191
14191
14194
14195
14195
14195
14199
14202
14207
14212
14212
14220
14220
14225
14229
14231
14232
14240
14243
14248
14250
14253
14269
14272
14273
14275
14277
14277
14279
14281
14291
14292
14295
14296
14298
14302
14304
14308
14319
14323
14329
14342
14347
14352
14354
14357
14366
14368
14370
14372
14378
14382
14383
14387
14390
14392
14394
14395
14395
14397
14402
14402
14406
14411
14414
14416
14417
14419
14425
14427
14427
14427
14429
14434
14440
14440
14444
14447
14449
14450
14456
14458
14458
14461
14462
14467
14468
14480
14482
14483
14484
14484
14490
14491
14499
14500
14506
14516
14521
14521
14524
14530
14531
14538
14539
14540
14541
14541
14544
14554
14563
14568
14570
14570
14571
14571
14572
14576
14584
14586
14587
14589
14590
14593
14594
14598
14598
14598
14605
14610
14611
14619
14620
14625
14628
14630
14631
14633
14636
14649
14650
14650
14657
14657
14668
14670
14673
14674
14681
14682
14683
14693
14699
14709
14709
14711
14712
14715
14717
14721
14735
14736
14737
14738
14748
14749
14750
14750
14752
14754
14754
14755
14762
14767
14773
14777
14778
14778
14779
14782
14782
14796
14803
14809
14819
14822
14823
14828
14832
14834
14837
14838
14839
14840
14840
14843
14847
14850
14853
14863
14863
14865
14868
14868
14871
14872
14873
14874
14875
14887
14888
14893
14898
14904
14910
14919
14919
14920
14922
14923
14925
14941
14943
14956
14959
14961
14962
14963
14968
14970
14970
14970
14971
14971
14973
14985
14986
14990
14990
14992
14993
14993
14998
15007
15008
15009
15009
15009
15010
15012
15012
15015
15023
15030
15030
15030
15058
15060
15062
15064
15065
15065
15068
15070
15075
15076
15077
15078
15083
15086
15088
15091
15096
15097
15098
15100
15101
15103
15111
15112
15112
15116
15116
15119
15125
15126
15128
15132
15138
15159
15160
15162
15172
15173
15177
15186
15187
15189
15195
15195
15196
15197
15202
15204
15214
15216
15224
15234
15242
15243
15247
15249
15257
15260
15261
15265
15268
15269
15269
15273
15275
15278
15280
15284
15290
15296
15297
15300
15302
15303
15313
15319
15326
15328
15330
15331
15331
15334
15336
15339
15341
15343
15348
15350
15353
15356
15359
15360
15361
15363
15365
15365
15367
15371
15372
15381
15382
15386
15392
15395
15401
15402
15404
15404
15408
15411
15411
15412
15414
15418
15426
15426
15428
15428
15430
15431
15432
15432
15435
15440
15440
15447
15449
15449
15450
15451
15454
15458
15460
15461
15470
15473
15480
15486
15487
15493
15496
15496
15510
15512
15515
15521
15522
15526
15526
15530
15533
15533
15537
15538
15539
15539
15539
15540
15545
15550
15550
15552
15554
15555
15555
15556
15557
15558
15562
15563
15566
15568
15568
15569
15569
15571
15573
15578
15579
15579
15582
15582
15589
15592
15595
15596
15597
15600
15611
15614
15615
15620
15623
15624
15627
15627
15631
15634
15636
15647
15648
15663
15669
15672
15673
15673
15679
15691
15694
15699
15703
15704
15717
15719
15723
15725
15725
15727
15728
15729
15730
15733
15736
15739
15741
15741
15747
15749
15752
15755
15756
15762
15766
15768
15779
15783
15786
15790
15793
15793
15800
15802
15812
15812
15813
15816
15820
15822
15823
15828
15830
15831
15833
15837
15839
15840
15840
15840
15842
15845
15862
15867
15868
15871
15872
15876
15878
15882
15890
15891
15893
15893
15896
15899
15902
15903
15905
15908
15908
15911
15917
15920
15932
15937
15938
15942
15945
15948
15957
15958
15961
15961
15962
15976
15976
15981
15982
15984
15988
15993
15993
15995
15996
15997
15998
15998
16001
16010
16011
16014
16015
16018
16021
16026
16027
16029
16031
16031
16032
16033
16033
16034
16035
16035
16037
16044
16045
16045
16047
16047
16047
16058
16061
16061
16062
16062
16070
16076
16082
16086
16088
16095
16099
16104
16107
16107
16108
16110
16111
16112
16117
16119
16123
16128
16128
16129
16130
16136
16137
16140
16141
16145
16147
16161
16167
16168
16170
16171
16174
16174
16177
16178
16186
16192
16194
16195
16199
16201
16203
16204
16205
16207
16207
16210
16211
16214
16215
16218
16219
16220
16221
16222
16229
16230
16235
16236
16236
16238
16240
16243
16247
16248
16249
16252
16256
16259
16264
16265
16269
16271
16271
16271
16278
16280
16282
16282
16289
16293
16298
16300
16301
16302
16311
16313
16314
16315
16316
16320
16322
16323
16325
16337
16339
16345
16345
16350
16352
16355
16356
16358
16363
16367
16369
16374
16380
16385
16386
16386
16387
16388
16390
16400
16401
16410
16427
16430
16431
16433
16436
16447
16447
16448
16449
16449
16451
16452
16452
16453
16453
16456
16459
16460
16463
16463
16468
16468
16471
16471
16475
16477
16481
16486
16490
16491
16491
16510
16515
16519
16521
16531
16537
16540
16541
16544
16545
16552
16554
16565
16567
16570
16580
16586
16587
16591
16598
16599
16599
16600
16600
16604
16605
16608
16613
16626
16627
16627
16629
16629
16640
16642
16645
16647
16654
16655
16655
16659
16659
16660
16663
16665
16666
16667
16669
16678
16679
16680
16681
16687
16692
16694
16695
16697
16697
16699
16701
16708
16709
16713
16717
16721
16723
16730
16732
16739
16739
16740
16742
16742
16742
16743
16745
16746
16746
16747
16749
16759
16766
16768
16769
16775
16782
16782
16787
16789
16792
16803
16807
16820
16824
16829
16830
16830
16830
16833
16833
16834
16834
16834
16837
16840
16850
16856
16863
16863
16866
16873
16877
16884
16884
16886
16889
16895
16897
16897
16904
16906
16908
16909
16913
16915
16919
16919
16920
16927
16928
16929
16930
16947
16962
16966
16967
16981
16986
16986
16990
16990
16991
16991
16991
17003
17009
17009
17017
17020
17024
17024
17026
17032
17035
17038
17040
17044
17045
17048
17049
17050
17052
17055
17056
17059
17061
17079
17080
17081
17083
17084
17094
17096
17111
17111
17120
17133
17136
17139
17146
17146
17147
17149
17150
17151
17153
17156
17160
17161
17161
17163
17164
17166
17167
17169
17171
17177
17178
17178
17179
17182
17183
17186
17186
17189
17192
17212
17216
17220
17220
17221
17224
17224
17225
17227
17231
17232
17241
17242
17242
17243
17245
17246
17250
17253
17254
17255
17257
17258
17259
17259
17261
17261
17261
17263
17265
17269
17272
17278
17283
17284
17304
17308
17308
17313
17313
17317
17324
17326
17332
17346
17350
17350
17357
17357
17360
17366
17367
17369
17371
17372
17375
17375
17377
17377
17380
17384
17386
17387
17394
17400
17400
17403
17404
17408
17414
17414
17416
17417
17419
17423
17433
17438
17440
17440
17441
17443
17452
17457
17458
17458
17463
17465
17465
17467
17479
17479
17487
17487
17490
17498
17501
17511
17514
17515
17517
17526
17532
17538
17540
17540
17546
17550
17555
17556
17563
17565
17572
17575
17578
17587
17587
17588
17589
17590
17591
17594
17595
17595
17601
17616
17620
17623
17624
17629
17633
17636
17643
17644
17645
17647
17648
17651
17654
17662
17663
17669
17669
17670
17673
17674
17675
17679
17680
17682
17684
17685
17686
17687
17688
17691
17693
17696
17698
17718
17720
17721
17724
17725
17725
17726
17731
17731
17737
17743
17745
17745
17745
17746
17747
17749
17749
17752
17752
17756
17756
17761
17761
17765
17769
17774
17775
17781
17784
17793
17797
17798
17803
17818
17824
17824
17825
17827
17835
17836
17839
17841
17841
17842
17849
17850
17850
17850
17851
17855
17857
17859
17859
17862
17864
17873
17878
17887
17888
17889
17891
17895
17900
17902
17904
17907
17909
17909
17911
17913
17920
17920
17923
17926
17931
17940
17944
17950
17953
17958
17959
17960
17960
17966
17975
17975
17977
17980
17981
17984
17988
17999
18000
18001
18002
18004
18005
18005
18006
18011
18012
18014
18015
18015
18016
18018
18023
18024
18025
18026
18027
18028
18028
18030
18036
18038
18041
18041
18043
18043
18046
18046
18048
18050
18052
18053
18064
18067
18072
18074
18076
18078
18089
18091
18093
18095
18096
18098
18100
18101
18101
18103
18105
18105
18115
18125
18126
18132
18134
18135
18140
18142
18145
18149
18149
18152
18153
18154
18162
18162
18164
18168
18172
18173
18182
18195
18200
18206
18224
18233
18235
18238
18239
18243
18248
18251
18253
18258
18266
18266
18269
18277
18281
18282
18289
18289
18294
18298
18307
18308
18313
18321
18326
18327
18328
18336
18339
18341
18341
18343
18349
18355
18358
18358
18361
18363
18366
18367
18369
18371
18374
18375
18382
18384
18384
18385
18385
18385
18386
18387
18389
18393
18399
18403
18412
18412
18412
18416
18418
18420
18420
18420
18421
18422
18424
18427
18430
18431
18432
18432
18436
18450
18450
18464
18467
18471
18472
18473
18475
18481
18483
18485
18488
18490
18493
18493
18499
18503
18504
18506
18524
18526
18526
18532
18547
18549
18553
18555
18559
18559
18566
18573
18573
18574
18579
18580
18586
18591
18592
18596
18607
18609
18611
18613
18614
18623
18624
18624
18628
18630
18637
18651
18660
18662
18663
18665
18666
18667
18670
18675
18682
18688
18689
18694
18707
18709
18709
18712
18715
18716
18728
18736
18738
18739
18742
18745
18754
18755
18757
18768
18773
18777
18777
18778
18778
18781
18783
18789
18792
18792
18794
18795
18796
18796
18798
18800
18804
18806
18811
18814
18822
18825
18828
18830
18830
18831
18831
18837
18839
18845
18846
18846
18852
18854
18858
18860
18860
18861
18863
18875
18884
18884
18885
18887
18887
18889
18895
18895
18896
18898
18907
18916
18916
18925
18927
18934
18934
18935
18939
18945
18945
18946
18955
18957
18958
18962
18964
18965
18970
18970
18975
18979
18983
18985
18986
18989
18990
18991
18996
18998
19001
19002
19004
19006
19010
19016
19016
19016
19018
19019
19022
19032
19032
19040
19043
19044
19047
19047
19052
19056
19059
19064
19065
19067
19068
19071
19073
19073
19082
19082
19084
19087
19097
19098
19102
19104
19106
19118
19120
19122
19127
19128
19131
19143
19145
19145
19150
19151
19154
19155
19158
19159
19161
19167
19168
19171
19173
19175
19186
19194
19197
19212
19212
19220
19225
19227
19228
19233
19234
19234
19237
19240
19242
19246
19249
19258
19271
19273
19279
19281
19287
19291
19293
19293
19296
19300
19301
19301
19303
19304
19307
19310
19310
19321
19322
19323
19327
19337
19339
19341
19341
19343
19357
19359
19362
19363
19371
19375
19384
19384
19384
19390
19399
19405
19406
19407
19407
19413
19417
19417
19418
19421
19421
19422
19425
19434
19437
19439
19442
19443
19443
19443
19445
19455
19458
19463
19464
19469
19470
19471
19472
19474
19475
19479
19481
19482
19482
19485
19495
19497
19498
19502
19505
19507
19516
19531
19532
19541
19543
19543
19547
19551
19554
19558
19565
19566
19567
19568
19573
19575
19575
19578
19582
19582
19583
19585
19586
19589
19593
19600
19602
19606
19608
19618
19620
19627
19633
19639
19642
19642
19644
19648
19649
19655
19656
19658
19664
19664
19664
19669
19671
19671
19674
19675
19682
19687
19688
19689
19697
19698
19701
19702
19702
19707
19708
19715
19716
19716
19716
19720
19722
19731
19733
19737
19738
19741
19741
19754
19754
19760
19764
19764
19765
19770
19783
19789
19793
19794
19798
19806
19806
19807
19812
19816
19818
19822
19824
19828
19831
19834
19835
19841
19845
19848
19849
19854
19854
19857
19857
19862
19863
19865
19869
19869
19871
19871
19872
19883
19904
19905
19905
19907
19911
19927
19929
19930
19930
19931
19935
19939
19942
19943
19943
19943
19944
19954
19956
19956
19960
19967
19968
19971
19971
19975
19976
19981
19981
19991
19996
19998
19999
20009
20011
20013
20017
20021
20023
20030
20042
20044
20046
20048
20056
20058
20063
20068
20069
20071
20083
20085
20086
20087
20088
20093
20098
20119
20124
20124
20128
20133
20133
20134
20139
20141
20144
20145
20148
20150
20151
20153
20156
20156
20160
20163
20167
20168
20171
20176
20180
20183
20184
20187
20191
20192
20194
20196
20198
20198
20201
20204
20207
20210
20214
20217
20219
20221
20228
20232
20232
20233
20234
20236
20237
20238
20243
20248
20249
20251
20252
20254
20256
20256
20263
20266
20270
20276
20282
20283
20284
20295
20301
20302
20304
20306
20312
20319
20321
20325
20325
20329
20330
20335
20343
20349
20351
20354
20357
20362
20363
20377
20379
20387
20390
20392
20393
20395
20396
20397
20402
20404
20405
20412
20421
20427
20432
20433
20435
20436
20436
20437
20439
20439
20441
20457
20465
20466
20467
20476
20480
20482
20487
20500
20501
20507
20508
20511
20511
20512
20515
20516
20517
20517
20525
20525
20527
20530
20535
20536
20542
20542
20546
20548
20550
20551
20552
20556
20563
20563
20566
20571
20573
20574
20575
20576
20584
20585
20592
20593
20594
20594
20595
20596
20597
20600
20601
20606
20612
20616
20618
20618
20619
20632
20636
20646
20649
20650
20663
20672
20676
20677
20678
20681
20682
20683
20686
20686
20697
20698
20698
20700
20701
20702
20715
20716
20717
20724
20730
20733
20734
20743
20744
20744
20745
20747
20747
20752
20755
20756
20756
20757
20757
20760
20780
20782
20790
20791
20792
20800
20800
20803
20804
20826
20827
20833
20838
20838
20847
20848
20856
20856
20867
20873
20877
20878
20880
20885
20887
20887
20888
20889
20904
20905
20907
20908
20909
20910
20912
20912
20914
20914
20916
20920
20922
20934
20936
20940
20940
20945
20945
20952
20955
20956
20957
20961
20963
20963
20967
20968
20970
20987
20987
20988
20996
20996
20997
21008
21012
21013
21013
21018
21019
21026
21026
21032
21036
21039
21041
21043
21047
21051
21053
21056
21057
21063
21063
21079
21081
21082
21095
21096
21096
21100
21103
21108
21109
21110
21110
21110
21115
21126
21129
21131
21132
21133
21134
21136
21144
21144
21153
21156
21160
21163
21168
21176
21189
21190
21193
21193
21203
21204
21205
21206
21207
21208
21211
21214
21217
21220
21222
21226
21226
21228
21231
21232
21234
21260
21262
21267
21267
21268
21271
21274
21275
21279
21291
21292
21293
21294
21297
21298
21305
21308
21310
21312
21315
21318
21318
21326
21334
21335
21336
21339
21340
21349
21351
21352
21357
21361
21363
21363
21366
21372
21376
21380
21382
21383
21385
21386
21388
21390
21391
21394
21394
21403
21407
21409
21415
21435
21443
21445
21446
21452
21464
21466
21466
21473
21476
21482
21485
21486
21488
21490
21492
21494
21495
21496
21500
21502
21502
21516
21517
21518
21518
21521
21525
21526
21527
21528
21535
21536
21545
21552
21553
21555
21562
21563
21565
21573
21574
21578
21578
21581
21595
21595
21602
21610
21617
21619
21620
21622
21625
21628
21631
21631
21639
21656
21657
21657
21658
21667
21671
21675
21680
21681
21683
21687
21689
21694
21695
21702
21706
21707
21709
21709
21711
21711
21713
21714
21724
21729
21735
21735
21736
21737
21740
21744
21747
21751
21753
21755
21757
21757
21761
21762
21772
21772
21781
21783
21785
21792
21794
21797
21797
21798
21803
21803
21808
21811
21818
21821
21821
21822
21825
21835
21835
21835
21836
21839
21841
21843
21850
21850
21853
21859
21860
21864
21867
21873
21873
21874
21874
21876
21881
21884
21894
21900
21908
21908
21911
21911
21917
21927
21933
21936
21948
21953
21958
21958
21959
21959
21959
21965
21970
21971
21972
21976
21977
21978
21978
21980
21990
21993
22006
22015
22036
22038
22039
22040
22044
22047
22052
22053
22057
22057
22067
22075
22076
22077
22078
22081
22084
22093
22098
22108
22112
22113
22116
22116
22118
22127
22128
22134
22137
22144
22145
22145
22148
22148
22154
22159
22159
22164
22168
22172
22173
22177
22181
22183
22184
22188
22188
22190
22192
22193
22193
22197
22200
22206
22209
22210
22211
22217
22219
22224
22224
22226
22226
22229
22229
22230
22234
22236
22238
22239
22240
22242
22243
22243
22246
22247
22247
22250
22255
22256
22260
22261
22262
22263
22266
22268
22275
22276
22278
22279
22282
22284
22288
22291
22297
22298
22299
22299
22299
22306
22308
22309
22311
22313
22316
22319
22322
22322
22322
22324
22325
22327
22328
22330
22333
22333
22338
22340
22340
22342
22347
22352
22354
22355
22357
22358
22365
22366
22367
22371
22373
22375
22376
22376
22385
22386
22388
22398
22399
22401
22406
22415
22416
22416
22416
22419
22420
22429
22431
22437
22440
22444
22445
22445
22447
22449
22451
22453
22455
22456
22457
22459
22462
22465
22467
22472
22482
22486
22486
22486
22487
22493
22496
22496
22498
22502
22507
22512
22515
22515
22518
22522
22529
22529
22531
22531
22536
22537
22539
22540
22540
22551
22556
22559
22563
22567
22575
22593
22594
22599
22605
22607
22609
22612
22617
22621
22627
22628
22630
22632
22634
22654
22657
22659
22659
22663
22666
22667
22678
22681
22687
22688
22689
22690
22692
22703
22703
22704
22711
22720
22722
22732
22739
22745
22750
22751
22761
22770
22774
22779
22789
22790
22796
22801
22805
22822
22829
22829
22835
22836
22837
22843
22846
22854
22857
22863
22864
22864
22866
22867
22868
22873
22879
22880
22880
22890
22893
22895
22898
22900
22905
22905
22909
22909
22914
22917
22918
22925
22933
22936
22937
22945
22946
22951
22955
22955
22955
22959
22960
22963
22965
22967
22971
22975
22979
22979
22980
22981
22986
22989
22994
22994
22995
23002
23005
23011
23014
23015
23017
23022
23023
23027
23029
23034
23036
23042
23051
23053
23054
23061
23068
23075
23075
23084
23090
23092
23092
23093
23099
23099
23099
23101
23103
23108
23113
23115
23119
23119
23120
23121
23124
23125
23128
23134
23137
23139
23140
23142
23156
23160
23164
23165
23168
23169
23170
23174
23180
23182
23183
23187
23188
23194
23194
23197
23198
23202
23204
23205
23206
23211
23217
23221
23221
23222
23227
23232
23234
23241
23243
23246
23251
23254
23258
23262
23263
23263
23271
23272
23273
23275
23276
23280
23283
23286
23287
23287
23288
23289
23294
23295
23297
23299
23303
23303
23307
23310
23311
23313
23315
23325
23327
23328
23336
23339
23343
23343
23344
23344
23345
23347
23350
23355
23366
23368
23379
23379
23380
23380
23383
23384
23391
23391
23392
23402
23404
23406
23407
23408
23408
23410
23413
23416
23418
23425
23425
23425
23428
23435
23443
23445
23455
23457
23458
23462
23471
23477
23479
23486
23490
23494
23501
23502
23505
23505
23508
23518
23520
23525
23527
23530
23534
23538
23544
23544
23548
23555
23565
23565
23566
23569
23573
23575
23577
23583
23583
23585
23593
23598
23604
23605
23606
23613
23614
23618
23623
23625
23625
23632
23639
23639
23643
23645
23656
23662
23665
23667
23669
23677
23678
23678
23682
23682
23683
23687
23689
23694
23695
23699
23700
23702
23703
23707
23710
23725
23731
23736
23736
23737
23744
23745
23747
23750
23763
23777
23779
23780
23781
23793
23794
23799
23803
23813
23813
23814
23816
23819
23820
23836
23838
23842
23842
23843
23844
23846
23848
23851
23852
23856
23857
23859
23860
23860
23861
23861
23862
23862
23872
23872
23873
23874
23877
23881
23882
23883
23884
23885
23886
23897
23900
23900
23906
23907
23908
23919
23922
23924
23928
23928
23939
23947
23949
23949
23961
23961
23963
23963
23975
23977
23982
23991
23991
23993
23995
23997
23998
24001
24005
24006
24007
24018
24018
24021
24023
24030
24036
24037
24038
24044
24045
24048
24049
24054
24054
24056
24062
24065
24076
24081
24084
24090
24094
24096
24096
24097
24101
24102
24106
24112
24119
24124
24124
24124
24129
24130
24136
24138
24140
24141
24141
24147
24163
24166
24166
24169
24173
24175
24176
24180
24186
24188
24196
24197
24204
24211
24213
24213
24220
24220
24227
24227
24239
24240
24247
24249
24254
24254
24260
24266
24271
24271
24273
24273
24288
24293
24294
24295
24298
24301
24303
24304
24304
24305
24310
24310
24310
24317
24319
24325
24328
24329
24330
24341
24341
24343
24344
24348
24353
24355
24356
24360
24361
24361
24363
24365
24365
24368
24378
24380
24384
24391
24401
24401
24407
24409
24412
24413
24418
24420
24421
24424
24425
24426
24432
24439
24444
24444
24450
24452
24454
24454
24460
24469
24471
24472
24479
24479
24481
24481
24482
24499
24501
24502
24505
24528
24529
24532
24532
24532
24535
24537
24541
24541
24546
24548
24552
24553
24553
24556
24556
24557
24559
24559
24560
24560
24568
24574
24579
24580
24580
24582
24584
24588
24593
24600
24604
24606
24608
24610
24611
24613
24617
24622
24624
24625
24627
24631
24633
24633
24636
24642
24653
24655
24656
24658
24660
24662
24663
24664
24664
24665
24667
24672
24683
24684
24686
24688
24690
24691
24692
24698
24700
24700
24701
24702
24715
24720
24729
24729
24735
24735
24738
24744
24746
24746
24750
24758
24761
24761
24762
24767
24771
24777
24778
24779
24780
24783
24785
24790
24790
24793
24794
24798
24800
24808
24808
24816
24832
24833
24835
24835
24836
24837
24838
24843
24844
24846
24846
24847
24848
24850
24861
24863
24869
24873
24874
24877
24878
24887
24887
24891
24894
24898
24908
24911
24923
24924
24926
24928
24931
24939
24940
24942
24943
24943
24948
24949
24949
24956
24963
24964
24964
24965
24965
24968
24970
24976
24976
24983
24985
24992
24992
24997
25012
25012
25013
25014
25018
25024
25026
25027
25029
25033
25035
25037
25038
25038
25040
25040
25045
25048
25055
25057
25062
25063
25065
25067
25073
25078
25078
25085
25086
25091
25103
25107
25108
25108
25116
25116
25117
25123
25125
25128
25137
25138
25140
25144
25157
25172
25173
25177
25178
25178
25179
25182
25184
25187
25190
25194
25202
25205
25206
25212
25217
25222
25222
25224
25227
25229
25230
25233
25235
25237
25239
25243
25244
25247
25251
25256
25259
25261
25265
25266
25266
25274
25287
25292
25294
25295
25297
25298
25300
25302
25308
25313
25314
25317
25320
25320
25322
25326
25332
25334
25336
25340
25343
25343
25347
25353
25355
25365
25369
25372
25378
25388
25388
25402
25404
25413
25414
25417
25417
25420
25422
25425
25428
25434
25437
25448
25451
25452
25453
25457
25458
25468
25469
25470
25473
25476
25486
25491
25494
25497
25499
25502
25503
25507
25512
25512
25518
25520
25522
25525
25527
25527
25529
25532
25534
25542
25542
25544
25547
25548
25551
25551
25552
25555
25556
25562
25563
25569
25571
25580
25581
25581
25583
25583
25589
25590
25590
25593
25593
25602
25605
25606
25607
25609
25609
25613
25616
25616
25617
25621
25622
25626
25627
25628
25628
25628
25630
25633
25637
25641
25641
25645
25647
25647
25653
25663
25664
25665
25669
25672
25673
25675
25677
25679
25692
25695
25697
25700
25704
25707
25712
25712
25714
25715
25719
25719
25721
25726
25730
25730
25733
25733
25735
25736
25740
25742
25746
25747
25747
25748
25752
25758
25765
25776
25781
25792
25794
25795
25796
25802
25803
25804
25804
25804
25805
25809
25810
25820
25821
25826
25829
25849
25853
25856
25859
25863
25863
25864
25865
25866
25867
25869
25870
25872
25874
25875
25882
25885
25885
25890
25893
25899
25901
25902
25903
25905
25907
25908
25909
25914
25916
25923
25926
25935
25943
25950
25951
25952
25953
25958
25959
25971
25972
25976
25976
25978
25981
25983
25988
25991
25992
25993
25995
25997
26001
26006
26008
26019
26020
26022
26023
26028
26029
26031
26040
26045
26057
26059
26060
26068
26068
26070
26074
26074
26075
26079
26079
26081
26081
26083
26087
26089
26093
26097
26097
26103
26104
26104
26106
26106
26108
26108
26108
26111
26112
26114
26115
26116
26120
26127
26134
26140
26144
26145
26148
26149
26152
26155
26159
26159
26164
26178
26178
26178
26180
26180
26186
26202
26202
26205
26210
26211
26215
26217
26220
26221
26221
26221
26222
26226
26230
26231
26244
26252
26256
26259
26261
26264
26267
26270
26274
26277
26277
26279
26280
26280
26281
26282
26284
26284
26287
26288
26288
26302
26306
26309
26309
26313
26316
26317
26321
26321
26324
26339
26344
26344
26346
26348
26355
26355
26355
26361
26365
26368
26371
26375
26376
26380
26381
26381
26382
26383
26383
26384
26393
26396
26402
26403
26404
26408
26410
26412
26412
26414
26415
26417
26417
26418
26423
26425
26429
26431
26431
26434
26437
26438
26438
26448
26451
26453
26453
26454
26458
26459
26465
26472
26473
26484
26486
26488
26494
26494
26498
26499
26502
26502
26505
26507
26510
26514
26520
26526
26531
26531
26532
26534
26535
26543
26547
26550
26557
26574
26584
26584
26587
26596
26599
26602
26602
26602
26608
26624
26629
26630
26632
26633
26635
26637
26644
26648
26649
26653
26653
26654
26655
26656
26657
26658
26658
26659
26667
26673
26675
26683
26695
26701
26705
26711
26718
26721
26724
26724
26725
26728
26731
26737
26737
26739
26744
26745
26746
26749
26758
26759
26761
26770
26773
26775
26776
26779
26795
26804
26804
26815
26816
26817
26818
26835
26841
26844
26846
26849
26854
26858
26858
26859
26861
26863
26869
26870
26871
26871
26885
26887
26889
26891
26891
26897
26899
26901
26903
26909
26909
26909
26911
26912
26915
26921
26923
26923
26925
26929
26937
26939
26942
26944
26947
26952
26958
26960
26969
26970
26975
26981
26982
26984
26984
26985
26995
26996
26998
27005
27007
27010
27028
27029
27034
27035
27041
27046
27047
27048
27058
27062
27063
27065
27069
27071
27078
27086
27091
27096
27098
27099
27102
27102
27107
27111
27116
27117
27122
27131
27133
27137
27140
27143
27144
27147
27149
27151
27158
27159
27164
27165
27171
27175
27182
27184
27184
27197
27198
27203
27203
27205
27205
27210
27213
27226
27229
27235
27236
27239
27241
27241
27242
27243
27246
27251
27264
27265
27269
27272
27274
27276
27277
27281
27286
27286
27292
27299
27299
27305
27310
27311
27316
27316
27318
27319
27319
27322
27324
27330
27332
27333
27334
27336
27337
27350
27357
27358
27361
27364
27373
27373
27379
27379
27380
27380
27382
27385
27389
27391
27394
27395
27403
27406
27417
27421
27426
27427
27428
27428
27432
27436
27438
27439
27447
27455
27458
27461
27464
27468
27471
27471
27473
27475
27478
27482
27484
27492
27501
27505
27506
27510
27512
27528
27532
27541
27550
27553
27555
27559
27562
27566
27567
27569
27569
27571
27574
27577
27580
27580
27581
27581
27585
27585
27589
27595
27596
27606
27612
27621
27621
27625
27627
27630
27632
27635
27637
27638
27639
27639
27643
27654
27657
27658
27658
27661
27663
27664
27665
27667
27669
27670
27674
27680
27685
27686
27687
27687
27694
27698
27700
27702
27702
27710
27710
27713
27719
27729
27731
27738
27738
27739
27740
27743
27744
27755
27757
27758
27758
27759
27763
27764
27766
27767
27776
27778
27780
27786
27786
27788
27791
27804
27807
27808
27808
27812
27813
27816
27818
27822
27824
27825
27831
27831
27836
27836
27836
27837
27838
27841
27841
27842
27845
27845
27850
27852
27857
27859
27861
27864
27869
27869
27875
27879
27889
27893
27894
27896
27908
27909
27911
27918
27918
27920
27921
27934
27934
27935
27942
27944
27948
27949
27950
27957
27965
27966
27970
27970
27972
27973
27974
27981
27981
27982
27983
27985
27985
27986
27988
27997
27998
28001
28003
28003
28003
28003
28004
28007
28007
28011
28015
28017
28027
28033
28034
28034
28038
28041
28041
28042
28043
28044
28045
28045
28046
28053
28054
28055
28056
28059
28062
28063
28063
28071
28072
28074
28077
28079
28081
28081
28081
28084
28084
28107
28107
28111
28112
28113
28113
28118
28122
28126
28128
28131
28135
28138
28141
28153
28154
28156
28162
28162
28178
28181
28183
28184
28192
28194
28196
28196
28197
28205
28212
28212
28213
28213
28216
28217
28219
28227
28228
28229
28233
28234
28234
28238
28242
28244
28244
28244
28247
28247
28248
28259
28260
28262
28274
28275
28282
28284
28287
28290
28291
28292
28297
28303
28305
28306
28312
28314
28316
28319
28321
28329
28332
28333
28334
28335
28335
28338
28341
28341
28346
28347
28349
28355
28360
28361
28361
28361
28363
28369
28375
28378
28381
28382
28383
28384
28387
28387
28388
28388
28390
28396
28401
28404
28415
28416
28417
28421
28431
28439
28439
28442
28445
28447
28449
28452
28454
28456
28456
28458
28459
28461
28463
28467
28468
28469
28475
28497
28500
28502
28513
28517
28520
28527
28531
28531
28537
28538
28544
28548
28548
28553
28554
28554
28557
28557
28561
28563
28568
28570
28572
28572
28573
28576
28583
28583
28596
28596
28601
28605
28611
28612
28615
28615
28615
28618
28621
28623
28626
28626
28628
28631
28631
28637
28638
28639
28639
28639
28641
28642
28644
28649
28649
28649
28655
28656
28656
28662
28664
28669
28670
28675
28679
28679
28679
28681
28684
28691
28692
28696
28696
28698
28700
28706
28707
28708
28710
28715
28718
28719
28721
28721
28735
28751
28763
28767
28775
28779
28781
28787
28798
28798
28801
28803
28805
28809
28814
28815
28815
28816
28817
28820
28822
28824
28828
28836
28836
28836
28839
28843
28848
28851
28853
28854
28857
28862
28862
28863
28867
28872
28876
28879
28884
28886
28887
28889
28893
28893
28896
28896
28905
28905
28907
28907
28915
28915
28915
28923
28926
28926
28928
28929
28932
28934
28940
28941
28943
28944
28945
28947
28949
28951
28955
28961
28961
28965
28970
28972
28976
28977
28982
28982
28987
28990
28999
29005
29012
29013
29015
29015
29017
29027
29028
29029
29031
29031
29034
29041
29044
29051
29057
29059
29066
29067
29069
29072
29075
29076
29077
29078
29080
29091
29094
29094
29100
29103
29109
29110
29112
29114
29114
29115
29126
29137
29138
29146
29147
29150
29156
29165
29165
29166
29180
29181
29182
29187
29194
29198
29200
29201
29203
29206
29207
29212
29218
29219
29226
29228
29235
29237
29244
29245
29257
29261
29262
29266
29266
29266
29267
29269
29273
29278
29279
29280
29285
29290
29293
29296
29300
29300
29300
29305
29306
29311
29313
29314
29317
29324
29324
29328
29330
29331
29331
29343
29347
29352
29379
29380
29382
29386
29391
29403
29406
29408
29409
29411
29416
29422
29431
29433
29440
29440
29450
29451
29452
29453
29461
29469
29477
29485
29487
29491
29492
29496
29497
29500
29500
29503
29504
29515
29519
29532
29532
29533
29538
29547
29556
29556
29557
29557
29558
29562
29565
29572
29573
29575
29580
29591
29591
29592
29592
29595
29598
29602
29604
29605
29606
29606
29610
29611
29614
29616
29617
29622
29624
29625
29630
29636
29638
29645
29646
29653
29658
29662
29662
29666
29669
29670
29671
29671
29673
29681
29683
29688
29694
29701
29711
29721
29727
29730
29731
29734
29737
29738
29743
29747
29748
29748
29749
29753
29755
29757
29761
29762
29766
29774
29775
29778
29781
29782
29784
29794
29796
29797
29798
29800
29804
29804
29806
29808
29810
29813
29814
29816
29824
29825
29828
29831
29832
29835
29836
29839
29843
29854
29855
29856
29861
29862
29863
29864
29864
29867
29873
29873
29878
29885
29887
29888
29888
29891
29896
29896
29902
29904
29907
29911
29911
29911
29915
29924
29925
29928
29933
29933
29945
29949
29953
29954
29957
29958
29961
29964
29967
29971
29973
29973
29973
29974
29981
29982
29983
29985
29987
29989
30000
30000
30001
30009
30020
30024
30032
30041
30042
30047
30060
30066
30067
30068
30069
30071
30072
30075
30085
30085
30085
30088
30092
30095
30096
30097
30098
30100
30103
30105
30108
30113
30114
30116
30118
30126
30134
30136
30143
30146
30148
30151
30156
30157
30159
30161
30162
30163
30166
30167
30169
30172
30180
30185
30185
30185
30187
30188
30193
30201
30202
30204
30205
30206
30209
30210
30210
30211
30211
30217
30219
30220
30231
30234
30238
30244
30244
30248
30250
30252
30253
30255
30256
30256
30257
30259
30260
30262
30268
30270
30271
30272
30273
30274
30277
30283
30284
30284
30287
30287
30290
30291
30291
30300
30302
30303
30308
30309
30320
30321
30321
30327
30328
30329
30331
30331
30332
30333
30342
30352
30354
30357
30365
30375
30382
30386
30387
30387
30387
30390
30390
30393
30395
30395
30396
30399
30405
30414
30414
30420
30422
30436
30439
30440
30442
30443
30447
30447
30448
30458
30459
30464
30466
30467
30467
30470
30473
30477
30481
30481
30486
30487
30493
30498
30503
30509
30518
30520
30520
30520
30522
30528
30534
30540
30540
30542
30546
30551
30554
30562
30562
30563
30571
30574
30578
30581
30581
30588
30595
30595
30598
30607
30607
30609
30619
30621
30622
30625
30628
30633
30635
30640
30642
30645
30648
30650
30655
30658
30659
30661
30661
30662
30668
30668
30677
30682
30683
30684
30685
30688
30694
30703
30704
30705
30707
30710
30716
30717
30718
30720
30720
30722
30726
30727
30731
30735
30737
30744
30745
30748
30749
30757
30763
30769
30769
30770
30774
30787
30789
30794
30802
30805
30808
30809
30813
30816
30827
30830
30832
30833
30835
30836
30839
30841
30847
30852
30856
30857
30858
30860
30865
30867
30868
30871
30884
30884
30884
30886
30887
30888
30890
30902
30908
30910
30911
30915
30916
30917
30918
30918
30922
30923
30925
30926
30926
30926
30939
30943
30947
30947
30949
30949
30950
30958
30964
30965
30965
30971
30972
30973
30976
30978
30978
30983
30990
30991
30996
31000
31002
31003
31008
31011
31011
31013
31014
31016
31021
31026
31028
31029
31029
31038
31042
31043
31055
31056
31057
31058
31059
31063
31070
31074
31075
31080
31080
31092
31093
31094
31097
31101
31101
31101
31102
31106
31116
31129
31136
31138
31142
31145
31150
31152
31158
31161
31164
31167
31167
31173
31180
31188
31190
31192
31198
31202
31207
31210
31214
31223
31227
31228
31230
31235
31235
31236
31245
31246
31246
31253
31254
31258
31261
31270
31271
31275
31276
31284
31288
31293
31295
31301
31303
31304
31310
31312
31316
31321
31323
31324
31326
31331
31338
31338
31346
31347
31348
31351
31355
31357
31360
31361
31362
31363
31364
31381
31381
31386
31391
31392
31396
31401
31406
31408
31411
31423
31426
31433
31434
31436
31437
31440
31446
31450
31456
31465
31477
31486
31496
31497
31499
31501
31504
31506
31511
31512
31512
31523
31528
31530
31534
31534
31538
31540
31540
31541
31542
31543
31544
31544
31546
31547
31551
31555
31558
31559
31566
31569
31569
31571
31573
31573
31576
31579
31579
31582
31583
31587
31591
31595
31601
31606
31610
31616
31624
31631
31632
31633
31634
31635
31639
31640
31642
31644
31648
31650
31652
31661
31678
31684
31684
31686
31690
31709
31712
31715
31716
31719
31722
31736
31737
31740
31747
31752
31753
31753
31755
31758
31762
31764
31769
31773
31776
31777
31778
31778
31778
31779
31780
31790
31793
31795
31797
31798
31800
31803
31808
31808
31820
31823
31825
31830
31845
31847
31849
31853
31859
31861
31866
31866
31870
31876
31886
31887
31890
31890
31893
31898
31903
31903
31906
31906
31911
31912
31917
31922
31923
31924
31927
31929
31931
31934
31935
31936
31939
31940
31942
31942
31949
31953
31964
31964
31968
31973
31974
31974
31984
31985
31987
31991
31992
31996
31996
31998
32002
32003
32003
32009
32010
32013
32017
32019
32021
32025
32025
32032
32042
32044
32046
32046
32051
32056
32062
32065
32066
32067
32072
32077
32077
32078
32081
32090
32091
32095
32096
32097
32101
32102
32104
32106
32108
32110
32113
32117
32121
32121
32126
32130
32132
32134
32137
32144
32147
32152
32154
32155
32159
32160
32162
32168
32169
32169
32171
32185
32188
32188
32190
32190
32195
32208
32213
32225
32225
32225
32228
32228
32228
32233
32233
32238
32238
32242
32242
32243
32244
32245
32250
32254
32260
32261
32265
32266
32280
32281
32282
32289
32292
32301
32309
32311
32312
32313
32318
32324
32327
32328
32329
32331
32331
32342
32346
32350
32353
32355
32365
32367
32369
32371
32375
32376
32377
32379
32379
32381
32383
32385
32387
32390
32391
32391
32398
32402
32407
32407
32411
32412
32413
32414
32422
32426
32427
32429
32429
32436
32437
32438
32441
32442
32443
32447
32450
32450
32451
32458
32459
32470
32471
32471
32472
32474
32486
32488
32495
32499
32508
32512
32513
32519
32524
32525
32526
32537
32540
32542
32545
32547
32547
32561
32566
32567
32571
32574
32579
32581
32583
32585
32586
32593
32594
32595
32596
32611
32613
32614
32618
32627
32629
32629
32633
32634
32635
32635
32640
32641
32647
32650
32652
32653
32664
32664
32665
32670
32676
32677
32677
32678
32681
32690
32690
32702
32707
32709
32717
32724
32727
32733
32737
32738
32740
32742
32749
32749
32750
32754
32758
32761
32765
