1000
10938
11171
10939
11299
11172
11043
10940
11363
11300
11235
11173
11107
11044
10979
10941
11395
11364
11331
11301
11267
11236
11203
11174
11139
11108
11075
11045
11011
10980
10947
10942
11411
11396
11379
11365
11347
11332
11315
11302
11283
11268
11251
11237
11219
11204
11187
11175
11155
11140
11123
11109
11091
11076
11059
11046
11027
11012
10995
10981
10963
10948
10943
11427
11419
11412
11403
11397
11387
11380
11371
11366
11355
11348
11339
11333
11323
11316
11307
11303
11291
11284
11275
11269
11259
11252
11243
11238
11227
11220
11211
11205
11195
11188
11179
11176
11163
11156
11147
11141
11131
11124
11115
11110
11099
11092
11083
11077
11067
11060
11051
11047
11035
11028
11019
11013
11003
10996
10987
10982
10971
10964
10955
10949
10944
11435
11431
11428
11423
11420
11415
11413
11407
11404
11399
11398
11391
11388
11383
11381
11375
11372
11367
11651
11359
11356
11351
11349
11343
11340
11335
11334
11327
11324
11319
11317
11311
11308
11304
11619
11295
11292
11287
11285
11279
11276
11271
11270
11263
11260
11255
11253
11247
11244
11239
11587
11231
11228
11223
11221
11215
11212
11207
11206
11199
11196
11191
11189
11183
11180
11177
11555
11167
11164
11159
11157
11151
11148
11143
11142
11135
11132
11127
11125
11119
11116
11111
11523
11103
11100
11095
11093
11087
11084
11079
11078
11071
11068
11063
11061
11055
11052
11048
11491
11039
11036
11031
11029
11023
11020
11015
11014
11007
11004
10999
10997
10991
10988
10983
11459
10975
10972
10967
10965
10959
10956
10951
10950
10945
11439
11437
11436
11433
11432
11429
11683
11425
11424
11421
11679
11417
11416
11414
11675
11409
11408
11405
11671
11401
11400
11668
11667
11393
11392
11389
11663
11385
11384
11382
11659
11377
11376
11373
11655
11369
11368
11652
11795
11361
11360
11357
11647
11353
11352
11350
11643
11345
11344
11341
11639
11337
11336
11636
11635
11329
11328
11325
11631
11321
11320
11318
11627
11313
11312
11309
11623
11305
11621
11620
11779
11297
11296
11293
11615
11289
11288
11286
11611
11281
11280
11277
11607
11273
11272
11604
11603
11265
11264
11261
11599
11257
11256
11254
11595
11249
11248
11245
11591
11241
11240
11588
11763
11233
11232
11229
11583
11225
11224
11222
11579
11217
11216
11213
11575
11209
11208
11572
11571
11201
11200
11197
11567
11193
11192
11190
11563
11185
11184
11181
11559
11178
11557
11556
11747
11169
11168
11165
11551
11161
11160
11158
11547
11153
11152
11149
11543
11145
11144
11540
11539
11137
11136
11133
11535
11129
11128
11126
11531
11121
11120
11117
11527
11113
11112
11524
11731
11105
11104
11101
11519
11097
11096
11094
11515
11089
11088
11085
11511
11081
11080
11508
11507
11073
11072
11069
11503
11065
11064
11062
11499
11057
11056
11053
11495
11049
11493
11492
11715
11041
11040
11037
11487
11033
11032
11030
11483
11025
11024
11021
11479
11017
11016
11476
11475
11009
11008
11005
11471
11001
11000
10998
11467
10993
10992
10989
11463
10985
10984
11460
11699
10977
10976
10973
11455
10969
10968
10966
11451
10961
10960
10957
11447
10953
10952
11444
11443
10946
11441
11440
11689
11438
11813
11876
11687
11434
11686
11812
11685
11430
11684
11811
11875
11426
11682
11810
11681
11422
11680
11809
11874
11418
11678
11808
11677
11906
11676
11807
11873
11410
11674
11806
11673
11406
11672
11805
11872
11402
11670
11804
11669
11905
11922
11803
11871
11394
11666
11802
11665
11390
11664
11801
11870
11386
11662
11800
11661
11904
11660
11799
11869
11378
11658
11798
11657
11374
11656
11797
11868
11370
11654
11796
11653
11903
11921
11930
11867
11362
11650
11794
11649
11358
11648
11793
11866
11354
11646
11792
11645
11902
11644
11791
11865
11346
11642
11790
11641
11342
11640
11789
11864
11338
11638
11788
11637
11901
11920
11787
11863
11330
11634
11786
11633
11326
11632
11785
11862
11322
11630
11784
11629
11900
11628
11783
11861
11314
11626
11782
11625
11310
11624
11781
11860
11306
11622
11780
11934
11899
11919
11929
11859
11298
11618
11778
11617
11294
11616
11777
11858
11290
11614
11776
11613
11898
11612
11775
11857
11282
11610
11774
11609
11278
11608
11773
11856
11274
11606
11772
11605
11897
11918
11771
11855
11266
11602
11770
11601
11262
11600
11769
11854
11258
11598
11768
11597
11896
11596
11767
11853
11250
11594
11766
11593
11246
11592
11765
11852
11242
11590
11764
11589
11895
11917
11928
11851
11234
11586
11762
11585
11230
11584
11761
11850
11226
11582
11760
11581
11894
11580
11759
11849
11218
11578
11758
11577
11214
11576
11757
11848
11210
11574
11756
11573
11893
11916
11755
11847
11202
11570
11754
11569
11198
11568
11753
11846
11194
11566
11752
11565
11892
11564
11751
11845
11186
11562
11750
11561
11182
11560
11749
11844
11936
11558
11748
11933
11891
11915
11927
11843
11170
11554
11746
11553
11166
11552
11745
11842
11162
11550
11744
11549
11890
11548
11743
11841
11154
11546
11742
11545
11150
11544
11741
11840
11146
11542
11740
11541
11889
11914
11739
11839
11138
11538
11738
11537
11134
11536
11737
11838
11130
11534
11736
11533
11888
11532
11735
11837
11122
11530
11734
11529
11118
11528
11733
11836
11114
11526
11732
11525
11887
11913
11926
11835
11106
11522
11730
11521
11102
11520
11729
11834
11098
11518
11728
11517
11886
11516
11727
11833
11090
11514
11726
11513
11086
11512
11725
11832
11082
11510
11724
11509
11885
11912
11723
11831
11074
11506
11722
11505
11070
11504
11721
11830
11066
11502
11720
11501
11884
11500
11719
11829
11058
11498
11718
11497
11054
11496
11717
11828
11050
11494
11716
11932
11883
11911
11925
11827
11042
11490
11714
11489
11038
11488
11713
11826
11034
11486
11712
11485
11882
11484
11711
11825
11026
11482
11710
11481
11022
11480
11709
11824
11018
11478
11708
11477
11881
11910
11707
11823
11010
11474
11706
11473
11006
11472
11705
11822
11002
11470
11704
11469
11880
11468
11703
11821
10994
11466
11702
11465
10990
11464
11701
11820
10986
11462
11700
11461
11879
11909
11924
11819
10978
11458
11698
11457
10974
11456
11697
11818
10970
11454
11696
11453
11878
11452
11695
11817
10962
11450
11694
11449
10958
11448
11693
11816
10954
11446
11692
11445
11877
11908
11691
11815
11937
11442
11690
11935
11907
11923
11931
11814
11688
