1000
21316
21317
21315
21318
21314
21319
21313
21320
21312
21321
21311
21322
21310
21323
21309
21324
21308
21325
21307
21326
21306
21327
21305
21328
21304
21329
21303
21330
21302
21331
21301
21332
21300
21333
21299
21334
21298
21335
21297
21336
21296
21337
21295
21338
21294
21339
21293
21340
21292
21341
21291
21342
21290
21343
21289
21344
21288
21345
21287
21346
21286
21347
21285
21348
21284
21349
21283
21350
21282
21351
21281
21352
21280
21353
21279
21354
21278
21355
21277
21356
21276
21357
21275
21358
21274
21359
21273
21360
21272
21361
21271
21362
21270
21363
21269
21364
21268
21365
21267
21366
21266
21367
21265
21368
21264
21369
21263
21370
21262
21371
21261
21372
21260
21373
21259
21374
21258
21375
21257
21376
21256
21377
21255
21378
21254
21379
21253
21380
21252
21381
21251
21382
21250
21383
21249
21384
21248
21385
21247
21386
21246
21387
21245
21388
21244
21389
21243
21390
21242
21391
21241
21392
21240
21393
21239
21394
21238
21395
21237
21396
21236
21397
21235
21398
21234
21399
21233
21400
21232
21401
21231
21402
21230
21403
21229
21404
21228
21405
21227
21406
21226
21407
21225
21408
21224
21409
21223
21410
21222
21411
21221
21412
21220
21413
21219
21414
21218
21415
21217
21416
21216
21417
21215
21418
21214
21419
21213
21420
21212
21421
21211
21422
21210
21423
21209
21424
21208
21425
21207
21426
21206
21427
21205
21428
21204
21429
21203
21430
21202
21431
21201
21432
21200
21433
21199
21434
21198
21435
21197
21436
21196
21437
21195
21438
21194
21439
21193
21440
21192
21441
21191
21442
21190
21443
21189
21444
21188
21445
21187
21446
21186
21447
21185
21448
21184
21449
21183
21450
21182
21451
21181
21452
21180
21453
21179
21454
21178
21455
21177
21456
21176
21457
21175
21458
21174
21459
21173
21460
21172
21461
21171
21462
21170
21463
21169
21464
21168
21465
21167
21466
21166
21467
21165
21468
21164
21469
21163
21470
21162
21471
21161
21472
21160
21473
21159
21474
21158
21475
21157
21476
21156
21477
21155
21478
21154
21479
21153
21480
21152
21481
21151
21482
21150
21483
21149
21484
21148
21485
21147
21486
21146
21487
21145
21488
21144
21489
21143
21490
21142
21491
21141
21492
21140
21493
21139
21494
21138
21495
21137
21496
21136
21497
21135
21498
21134
21499
21133
21500
21132
21501
21131
21502
21130
21503
21129
21504
21128
21505
21127
21506
21126
21507
21125
21508
21124
21509
21123
21510
21122
21511
21121
21512
21120
21513
21119
21514
21118
21515
21117
21516
21116
21517
21115
21518
21114
21519
21113
21520
21112
21521
21111
21522
21110
21523
21109
21524
21108
21525
21107
21526
21106
21527
21105
21528
21104
21529
21103
21530
21102
21531
21101
21532
21100
21533
21099
21534
21098
21535
21097
21536
21096
21537
21095
21538
21094
21539
21093
21540
21092
21541
21091
21542
21090
21543
21089
21544
21088
21545
21087
21546
21086
21547
21085
21548
21084
21549
21083
21550
21082
21551
21081
21552
21080
21553
21079
21554
21078
21555
21077
21556
21076
21557
21075
21558
21074
21559
21073
21560
21072
21561
21071
21562
21070
21563
21069
21564
21068
21565
21067
21566
21066
21567
21065
21568
21064
21569
21063
21570
21062
21571
21061
21572
21060
21573
21059
21574
21058
21575
21057
21576
21056
21577
21055
21578
21054
21579
21053
21580
21052
21581
21051
21582
21050
21583
21049
21584
21048
21585
21047
21586
21046
21587
21045
21588
21044
21589
21043
21590
21042
21591
21041
21592
21040
21593
21039
21594
21038
21595
21037
21596
21036
21597
21035
21598
21034
21599
21033
21600
21032
21601
21031
21602
21030
21603
21029
21604
21028
21605
21027
21606
21026
21607
21025
21608
21024
21609
21023
21610
21022
21611
21021
21612
21020
21613
21019
21614
21018
21615
21017
21616
21016
21617
21015
21618
21014
21619
21013
21620
21012
21621
21011
21622
21010
21623
21009
21624
21008
21625
21007
21626
21006
21627
21005
21628
21004
21629
21003
21630
21002
21631
21001
21632
21000
21633
20999
21634
20998
21635
20997
21636
20996
21637
20995
21638
20994
21639
20993
21640
20992
21641
20991
21642
20990
21643
20989
21644
20988
21645
20987
21646
20986
21647
20985
21648
20984
21649
20983
21650
20982
21651
20981
21652
20980
21653
20979
21654
20978
21655
20977
21656
20976
21657
20975
21658
20974
21659
20973
21660
20972
21661
20971
21662
20970
21663
20969
21664
20968
21665
20967
21666
20966
21667
20965
21668
20964
21669
20963
21670
20962
21671
20961
21672
20960
21673
20959
21674
20958
21675
20957
21676
20956
21677
20955
21678
20954
21679
20953
21680
20952
21681
20951
21682
20950
21683
20949
21684
20948
21685
20947
21686
20946
21687
20945
21688
20944
21689
20943
21690
20942
21691
20941
21692
20940
21693
20939
21694
20938
21695
20937
21696
20936
21697
20935
21698
20934
21699
20933
21700
20932
21701
20931
21702
20930
21703
20929
21704
20928
21705
20927
21706
20926
21707
20925
21708
20924
21709
20923
21710
20922
21711
20921
21712
20920
21713
20919
21714
20918
21715
20917
21716
20916
21717
20915
21718
20914
21719
20913
21720
20912
21721
20911
21722
20910
21723
20909
21724
20908
21725
20907
21726
20906
21727
20905
21728
20904
21729
20903
21730
20902
21731
20901
21732
20900
21733
20899
21734
20898
21735
20897
21736
20896
21737
20895
21738
20894
21739
20893
21740
20892
21741
20891
21742
20890
21743
20889
21744
20888
21745
20887
21746
20886
21747
20885
21748
20884
21749
20883
21750
20882
21751
20881
21752
20880
21753
20879
21754
20878
21755
20877
21756
20876
21757
20875
21758
20874
21759
20873
21760
20872
21761
20871
21762
20870
21763
20869
21764
20868
21765
20867
21766
20866
21767
20865
21768
20864
21769
20863
21770
20862
21771
20861
21772
20860
21773
20859
21774
20858
21775
20857
21776
20856
21777
20855
21778
20854
21779
20853
21780
20852
21781
20851
21782
20850
21783
20849
21784
20848
21785
20847
21786
20846
21787
20845
21788
20844
21789
20843
21790
20842
21791
20841
21792
20840
21793
20839
21794
20838
21795
20837
21796
20836
21797
20835
21798
20834
21799
20833
21800
20832
21801
20831
21802
20830
21803
20829
21804
20828
21805
20827
21806
20826
21807
20825
21808
20824
21809
20823
21810
20822
21811
20821
21812
20820
21813
20819
21814
20818
21815
20817
21816
