100
2952
2951
2950
2949
2948
2947
2946
2945
2944
2943
2942
2941
2940
2939
2938
2937
2936
2935
2934
2933
2932
2931
2930
2929
2928
2927
2926
2925
2924
2923
2922
2921
2920
2919
2918
2917
2916
2915
2914
2913
2912
2911
2910
2909
2908
2907
2906
2905
2904
2903
2902
2901
2900
2899
2898
2897
2896
2895
2894
2893
2892
2891
2890
2889
2888
2887
2886
2885
2884
2883
2882
2881
2880
2879
2878
2877
2876
2875
2874
2873
2872
2871
2870
2869
2868
2867
2866
2865
2864
2863
2862
2861
2860
2859
2858
2857
2856
2855
2854
2853
