100
2926
2883
2859
2875
2904
2886
2885
2927
2928
2895
2943
2933
2865
2866
2889
2868
2869
2942
2938
2935
2872
2948
2925
2871
2854
2934
2944
2916
2899
2890
2909
2952
2906
2874
2887
2870
2950
2947
2876
2860
2892
2941
2910
2897
2862
2898
2932
2936
2908
2902
2924
2907
2863
2855
2911
2919
2915
2857
2951
2913
2858
2896
2918
2914
2888
2931
2893
2873
2923
2879
2880
2856
2877
2861
2903
2853
2929
2930
2949
2901
2920
2878
2905
2900
2917
2882
2939
2940
2867
2891
2864
2922
2945
2921
2884
2881
2937
2894
2912
2946
