100
5795
17256
25724
24267
7209
20574
23360
16076
22400
5009
7239
7451
5292
7934
20327
10431
4842
4098
19291
4385
26959
29040
16251
6337
7853
994
10955
16424
30902
24652
17463
7454
18020
10455
14365
12828
10648
15340
24332
23044
9217
7566
20940
7184
27455
2798
32414
31752
18504
27705
9156
6841
1547
6325
21316
15010
13140
8460
25578
31984
15344
5096
29580
27309
7441
28863
24209
7732
14580
15601
20660
8424
3520
28432
21254
20773
21426
9342
31538
25719
18039
21822
8197
23050
7641
31236
14126
29026
31134
22670
16450
31052
17581
27191
24835
2837
21363
4298
5857
1529
