100
994
1529
1547
2798
2837
3520
4098
4298
4385
4842
5009
5096
5292
5795
5857
6325
6337
6841
7184
7209
7239
7441
7451
7454
7566
7641
7732
7853
7934
8197
8424
8460
9156
9217
9342
10431
10455
10648
10955
12828
13140
14126
14365
14580
15010
15340
15344
15601
16076
16251
16424
16450
17256
17463
17581
18020
18039
18504
19291
20327
20574
20660
20773
20940
21254
21316
21363
21426
21822
22400
22670
23044
23050
23360
24209
24267
24332
24652
24835
25578
25719
25724
26959
27191
27309
27455
27705
28432
28863
29026
29040
29580
30902
31052
31134
31236
31538
31752
31984
32414
