100
264
375
666
706
2923
4015
1000
1376
1255
4239
3246
4770
7087
7234
5784
4313
1463
6958
3595
5554
12178
3780
3438
8757
11258
20203
9800
13925
14358
6408
22870
6854
8970
12636
4309
10249
11224
4002
12632
9202
7073
17165
14930
17591
7361
19918
7311
11657
9955
24722
19588
30821
24561
27824
17150
18541
30059
28960
20114
28847
26442
26268
31614
32274
27678
9159
18249
19856
24965
14202
15263
10847
27889
14440
28231
20089
20735
25734
15701
22527
30353
14533
14598
18413
21347
18801
16211
22114
31473
7587
21904
22902
25405
18037
25153
22930
30496
23034
10995
30645
