1000
17531
16889
1000
17017
16890
16761
16656
17081
17018
16953
16891
16825
16762
16697
16657
17113
17082
17049
17019
16985
16954
16921
16892
16857
16826
16793
16763
16729
16698
16665
16658
17129
17114
17097
17083
17065
17050
17033
17020
17001
16986
16969
16955
16937
16922
16905
16893
16873
16858
16841
16827
16809
16794
16777
16764
16745
16730
16713
16699
16681
16666
16659
17145
17137
17130
17121
17115
17105
17098
17089
17084
17073
17066
17057
17051
17041
17034
17025
17021
17009
17002
16993
16987
16977
16970
16961
16956
16945
16938
16929
16923
16913
16906
16897
16894
16881
16874
16865
16859
16849
16842
16833
16828
16817
16810
16801
16795
16785
16778
16769
16765
16753
16746
16737
16731
16721
16714
16705
16700
16689
16682
16673
16667
16661
16660
17149
17146
17141
17138
17133
17131
17125
17122
17117
17116
17109
17106
17101
17099
17093
17090
17085
17369
17077
17074
17069
17067
17061
17058
17053
17052
17045
17042
17037
17035
17029
17026
17022
17337
17013
17010
17005
17003
16997
16994
16989
16988
16981
16978
16973
16971
16965
16962
16957
17305
16949
16946
16941
16939
16933
16930
16925
16924
16917
16914
16909
16907
16901
16898
16895
17273
16885
16882
16877
16875
16869
16866
16861
16860
16853
16850
16845
16843
16837
16834
16829
17241
16821
16818
16813
16811
16805
16802
16797
16796
16789
16786
16781
16779
16773
16770
16766
17209
16757
16754
16749
16747
16741
16738
16733
16732
16725
16722
16717
16715
16709
16706
16701
17177
16693
16690
16685
16683
16677
16674
16669
16668
16662
17157
17153
17154
17151
17150
17147
17401
17143
17142
17139
17397
17135
17134
17132
17393
17127
17126
17123
17389
17119
17118
17386
17385
17111
17110
17107
17381
17103
17102
17100
17377
17095
17094
17091
17373
17087
17086
17370
17513
17079
17078
17075
17365
17071
17070
17068
17361
17063
17062
17059
17357
17055
17054
17354
17353
17047
17046
17043
17349
17039
17038
17036
17345
17031
17030
17027
17341
17023
17339
17338
17497
17015
17014
17011
17333
17007
17006
17004
17329
16999
16998
16995
17325
16991
16990
17322
17321
16983
16982
16979
17317
16975
16974
16972
17313
16967
16966
16963
17309
16959
16958
17306
17481
16951
16950
16947
17301
16943
16942
16940
17297
16935
16934
16931
17293
16927
16926
17290
17289
16919
16918
16915
17285
16911
16910
16908
17281
16903
16902
16899
17277
16896
17275
17274
17465
16887
16886
16883
17269
16879
16878
16876
17265
16871
16870
16867
17261
16863
16862
17258
17257
16855
16854
16851
17253
16847
16846
16844
17249
16839
16838
16835
17245
16831
16830
17242
17449
16823
16822
16819
17237
16815
16814
16812
17233
16807
16806
16803
17229
16799
16798
17226
17225
16791
16790
16787
17221
16783
16782
16780
17217
16775
16774
16771
17213
16767
17211
17210
17433
16759
16758
16755
17205
16751
16750
16748
17201
16743
16742
16739
17197
16735
16734
17194
17193
16727
16726
16723
17189
16719
16718
16716
17185
16711
16710
16707
17181
16703
16702
17178
17417
16695
16694
16691
17173
16687
16686
16684
17169
16679
16678
16675
17165
16671
16670
17162
17161
16663
17159
17158
17407
17155
17594
17625
17405
17152
17404
17530
17403
17148
17402
17529
17593
17144
17400
17528
17399
17140
17398
17527
17592
17136
17396
17526
17395
17624
17394
17525
17591
17128
17392
17524
17391
17124
17390
17523
17590
17120
17388
17522
17387
17623
17640
17521
17589
17112
17384
17520
17383
17108
17382
17519
17588
17104
17380
17518
17379
17622
17378
17517
17587
17096
17376
17516
17375
17092
17374
17515
17586
17088
17372
17514
17371
17621
17639
17648
17585
17080
17368
17512
17367
17076
17366
17511
17584
17072
17364
17510
17363
17620
17362
17509
17583
17064
17360
17508
17359
17060
17358
17507
17582
17056
17356
17506
17355
17619
17638
17505
17581
17048
17352
17504
17351
17044
17350
17503
17580
17040
17348
17502
17347
17618
17346
17501
17579
17032
17344
17500
17343
17028
17342
17499
17578
17024
17340
17498
17652
17617
17637
17647
17577
17016
17336
17496
17335
17012
17334
17495
17576
17008
17332
17494
17331
17616
17330
17493
17575
17000
17328
17492
17327
16996
17326
17491
17574
16992
17324
17490
17323
17615
17636
17489
17573
16984
17320
17488
17319
16980
17318
17487
17572
16976
17316
17486
17315
17614
17314
17485
17571
16968
17312
17484
17311
16964
17310
17483
17570
16960
17308
17482
17307
17613
17635
17646
17569
16952
17304
17480
17303
16948
17302
17479
17568
16944
17300
17478
17299
17612
17298
17477
17567
16936
17296
17476
17295
16932
17294
17475
17566
16928
17292
17474
17291
17611
17634
17473
17565
16920
17288
17472
17287
16916
17286
17471
17564
16912
17284
17470
17283
17610
17282
17469
17563
16904
17280
17468
17279
16900
17278
17467
17562
17654
17276
17466
17651
17609
17633
17645
17561
16888
17272
17464
17271
16884
17270
17463
17560
16880
17268
17462
17267
17608
17266
17461
17559
16872
17264
17460
17263
16868
17262
17459
17558
16864
17260
17458
17259
17607
17632
17457
17557
16856
17256
17456
17255
16852
17254
17455
17556
16848
17252
17454
17251
17606
17250
17453
17555
16840
17248
17452
17247
16836
17246
17451
17554
16832
17244
17450
17243
17605
17631
17644
17553
16824
17240
17448
17239
16820
17238
17447
17552
16816
17236
17446
17235
17604
17234
17445
17551
16808
17232
17444
17231
16804
17230
17443
17550
16800
17228
17442
17227
17603
17630
17441
17549
16792
17224
17440
17223
16788
17222
17439
17548
16784
17220
17438
17219
17602
17218
17437
17547
16776
17216
17436
17215
16772
17214
17435
17546
16768
17212
17434
17650
17601
17629
17643
17545
16760
17208
17432
17207
16756
17206
17431
17544
16752
17204
17430
17203
17600
17202
17429
17543
16744
17200
17428
17199
16740
17198
17427
17542
16736
17196
17426
17195
17599
17628
17425
17541
16728
17192
17424
17191
16724
17190
17423
17540
16720
17188
17422
17187
17598
17186
17421
17539
16712
17184
17420
17183
16708
17182
17419
17538
16704
17180
17418
17179
17597
17627
17642
17537
16696
17176
17416
17175
16692
17174
17415
17536
16688
17172
17414
17171
17596
17170
17413
17535
16680
17168
17412
17167
16676
17166
17411
17534
16672
17164
17410
17163
17595
17626
17409
17533
16664
17160
17408
17655
17641
17649
17653
17532
17406
