10000
4
15
57
38
21
71
71
43
141
37
34
82
141
86
101
54
79
143
198
99
47
78
65
112
87
148
204
348
182
181
337
63
74
176
156
146
205
308
264
112
157
332
85
166
148
160
180
241
494
236
142
417
269
313
265
633
600
198
245
440
210
538
420
241
183
164
291
269
181
257
251
215
229
367
412
565
372
392
476
375
253
853
280
546
500
694
86
191
186
314
834
802
365
596
730
272
499
1330
972
639
430
931
548
577
824
433
699
666
893
630
302
723
688
622
653
387
631
324
272
624
683
1015
230
713
563
594
624
557
251
414
220
470
510
766
730
335
1615
1013
315
683
506
294
666
1701
348
367
1079
380
401
461
483
698
724
514
732
399
712
672
1095
528
378
418
922
1114
964
763
480
1975
944
644
1263
2353
912
365
143
1709
786
941
514
444
403
1164
1183
1000
1147
659
613
1150
1394
993
1835
1632
1340
656
726
2097
1942
1055
1295
852
1168
1606
542
971
1150
739
1926
1387
578
1087
854
461
1113
1023
1877
718
754
1280
1414
956
630
903
1112
1594
746
699
891
722
703
895
766
1098
524
668
805
1079
1064
405
428
639
689
1103
779
1669
1047
272
431
1732
1957
649
1319
1948
671
1202
919
725
650
466
384
460
920
2413
492
1158
476
1023
610
955
964
1076
1044
1501
395
1719
2822
2567
1114
1339
893
736
1004
1263
1717
557
307
829
1435
1807
2749
540
935
1412
595
1097
1262
383
1175
732
455
715
1723
1886
871
777
1231
1024
1614
627
570
785
1378
613
1378
1884
1072
2154
2486
2516
1696
606
1023
580
951
859
1677
1277
1346
2360
1261
1474
1340
814
823
1279
854
2174
2445
2967
1085
930
1643
1751
1715
2427
4582
2033
2942
413
779
464
1668
1873
2071
999
1560
1258
2039
658
2147
1307
3957
455
866
2339
2058
1934
1361
1243
1028
2172
1757
1058
1344
802
702
1227
5058
1809
2755
1035
1240
3202
5198
2223
3139
3105
1777
1930
5190
1576
821
2933
3622
2859
2336
1810
2102
2644
2390
860
4599
1313
1775
1652
1686
547
687
1482
1383
2168
1533
3151
3363
2397
2965
1406
2963
951
694
1145
1548
936
1328
889
1969
2332
1164
3521
1267
2219
2320
1143
972
3112
1579
2533
1563
2368
2109
1307
4279
1457
1238
1707
1524
1769
1737
1734
2228
3169
1886
787
1629
1133
1108
870
1042
1093
707
1370
977
1398
998
1821
1576
1407
1910
781
2422
1326
5467
1120
1380
2116
1870
990
574
620
1174
716
903
2201
2071
2687
1165
1226
2169
2247
2681
4286
1969
1280
683
1208
875
2006
2138
2839
2121
1943
2022
2576
4491
2070
2701
1883
4252
1314
2496
921
1613
2572
1171
3081
990
757
513
1161
781
739
1557
1021
2915
2600
4930
1006
1430
1531
3668
1348
1146
4846
1053
1044
1353
2242
1031
3327
1609
4073
4111
1239
1946
2153
1834
1122
1209
1842
3125
6947
3052
2738
2913
2281
1795
1481
1765
1268
1329
1360
2183
2657
1199
2786
2934
2335
1724
1115
1929
664
1344
918
2256
2613
2290
2816
3435
2971
4427
1526
902
2682
1574
1622
1896
1273
703
2365
1221
1540
2436
807
560
1593
3196
3130
1329
1072
2069
1454
867
4363
1900
3024
2229
1267
1849
1182
1110
1502
1832
2031
1846
1630
2022
799
669
1170
2797
1282
2411
2775
1565
2490
5583
4331
2605
6128
2284
1533
5714
2253
2624
3120
2716
4860
7508
3614
1829
1593
1382
2670
1377
729
1877
2010
1713
2180
8101
7187
3797
5235
1310
4926
2073
4628
2566
2722
1942
5998
3001
1722
4930
2735
972
1673
1161
2455
6958
1080
5801
7105
2653
4465
4556
3801
4686
2398
1371
1054
2190
2322
2008
2291
3256
2424
3338
2581
4048
7979
4746
2776
6077
3406
3957
5868
649
3096
1742
9680
7238
3798
2981
2992
2404
2552
5993
1903
999
3392
3931
2712
1498
2954
3996
6892
3224
2470
5164
3729
3882
6210
4626
1956
1512
2391
1980
2981
4534
3753
2792
15103
1997
2013
7076
1355
1300
1707
2632
2854
2932
5316
3148
1748
4305
2842
2582
3127
1272
714
2099
3183
1287
7530
5848
1995
5831
3371
5104
2193
1395
2509
2879
4743
4081
7301
5800
4390
3892
3145
3363
4743
3525
8571
3447
2522
4303
7485
6155
2401
3021
1021
1981
7385
3650
3794
4127
8150
7408
2580
9123
5997
9075
6264
2441
6009
4196
5646
3792
11154
997
4645
5254
1842
3262
1995
4352
2466
2191
2602
2085
5369
665
2166
2078
3317
4365
3190
1509
2782
2531
7603
2036
4138
10082
8655
3421
2500
3965
3195
3516
1848
1989
6954
3643
1888
2334
960
1048
2562
1702
2014
2829
1532
6136
3650
4513
1865
1165
5924
2673
2559
3360
3965
1247
4866
5376
2973
3248
3226
4587
4488
3308
1368
3008
1055
3571
3246
4203
5601
1847
3784
3925
1989
8788
2679
2413
2199
2805
2597
2211
14236
7434
4109
2337
2141
1557
6150
1840
3417
3744
7620
2139
3466
4002
1755
1896
7181
4615
3765
10522
2719
1992
2847
1543
6965
1999
2676
2923
2537
8977
1199
1109
1866
1872
3428
2525
1606
1193
4204
5459
3440
2130
5192
2910
2057
2170
3783
2060
1885
1689
4002
2049
3480
2333
3750
1307
4293
4559
1792
2277
8231
9233
1268
1644
3125
3271
2303
2647
2820
2078
1624
4360
1804
2780
858
2090
4065
3444
3660
2665
1063
2082
2452
5434
3348
9716
4955
7717
2105
1296
3412
7929
2848
3907
8578
4464
6137
3660
4381
5255
2090
4296
1566
1452
3026
803
4508
1432
2456
3606
2932
4121
2647
3863
3709
3418
3491
6031
5320
1974
4076
5158
2594
2998
5089
4783
2542
6113
4984
4125
3935
3154
6429
5883
1819
2521
3100
2664
3461
2105
6503
1991
3376
5654
2155
1259
8844
3296
3134
1051
1614
4482
1687
1738
7035
1679
4582
2010
1739
1302
3329
7140
1419
4652
4536
2943
4755
5168
11320
7812
1876
1392
1977
1843
3822
6908
4925
6022
2837
2474
1810
6535
6818
4970
4592
3303
1166
2060
4955
7875
3590
3448
2578
4847
5837
4521
2015
3907
4196
4731
5680
5516
1769
3013
3204
3672
3032
3090
5590
3401
2462
2247
1388
3532
4093
4653
4338
6137
7257
7306
4918
3167
7143
4233
9309
4900
3275
3184
2467
4516
4506
3156
3910
6762
1366
3063
1687
3428
3209
4714
2459
2407
7990
3109
6784
1670
4842
6358
3678
5648
4012
2494
3422
2046
2319
1471
2967
2095
1232
1097
2231
1355
1915
2427
2267
4594
2832
3976
3481
4238
3026
7576
4133
3928
3210
3582
5283
7934
2801
7935
959
1107
3148
2898
4762
2727
2361
3484
2120
6018
2402
3130
5632
2465
5524
4072
2718
2012
2704
2808
4287
4166
2696
3779
3872
2569
2892
5484
3230
3594
6002
6126
1785
1758
2198
1176
4909
6319
2683
1802
3117
5191
5365
4374
6058
3294
6692
4754
5184
6671
2703
2009
4986
5005
1458
2546
2579
1177
2904
5942
2042
4663
6048
2804
3062
1969
3210
7089
3754
2624
1536
2033
1458
2285
10400
1477
3438
6384
4118
1341
5626
8639
4649
3866
2429
4699
4125
4651
6983
7201
5159
7890
2792
4212
8366
12127
4012
6847
8355
6128
6389
6377
8022
7657
5339
8736
6074
11226
5842
8928
5514
6521
7743
8459
18337
4188
8866
5738
2277
7957
8025
7453
4683
4326
1952
3879
1986
11668
2181
7146
5920
3978
10074
4032
3396
9802
10184
9088
9527
7735
9239
21100
10139
5359
23255
12338
11614
8091
5053
5452
16452
6338
4874
12049
10576
4436
3801
3254
9791
12419
8562
6286
2690
3766
8100
4935
4544
4902
12317
1373
1858
2408
5186
1339
9989
3321
7244
7823
7997
1936
11221
6680
8060
7168
11700
10503
7547
9927
10669
7594
5618
7228
5270
11568
2771
8807
3494
3724
2506
10076
7104
2418
6408
3253
11144
10364
7572
10097
4369
4125
2801
8769
5361
4372
7875
3060
4322
5050
8949
8188
4987
7899
11084
8102
6546
9396
4855
8233
8041
17485
16929
7930
5051
1398
5012
3673
8903
4923
15042
11267
12712
9381
4008
4782
6776
14387
4790
4333
8305
2931
2763
3726
6205
8777
3006
3111
11059
3085
13508
10078
5088
5439
5340
3531
6276
6300
3312
5838
5262
4692
16708
7356
3394
10178
3286
9071
5222
8355
10979
6574
4665
11551
6971
13979
5720
8206
5507
3184
14569
9267
3745
6393
3152
2725
6166
8787
4929
11096
11847
6949
9556
4649
18479
15279
11143
3632
3649
3713
7219
7501
3571
5602
5220
2491
2441
8587
6855
2802
17735
2873
3081
4391
11706
6029
11341
4207
3913
5804
5943
10887
10296
7962
11469
5746
6543
3586
10635
8860
2923
2418
4859
4893
5468
4267
1770
2705
15362
13157
6458
6544
2947
8588
7675
7924
11879
7072
5283
6575
18002
6481
2150
1840
3480
4639
6122
3019
7461
13600
5860
5855
8605
10626
12145
6105
6147
6315
4208
8840
3758
3165
8209
6299
4978
12207
16709
8236
9828
10375
5359
15407
6713
9491
7127
9552
14521
14146
10144
9492
5324
5650
5925
5688
4560
3799
6112
4876
9800
9778
13016
8586
8574
6714
5483
4729
9367
8548
10976
8697
3317
3636
11347
10288
12431
7011
9412
12330
8609
7459
2500
3623
8889
7544
7301
7916
11240
9457
6202
3909
11698
13974
3180
11777
19897
10807
8277
7919
5229
7448
4350
4390
2065
4328
6901
7337
3894
5518
2765
10249
10568
10190
2270
5783
6130
8369
4413
1562
2693
2451
13855
6235
3432
5308
6900
7650
9765
8785
2878
11770
4022
2857
4966
8984
8371
15571
7409
2442
6522
6057
13287
15547
11977
16738
5396
3505
3969
18304
4673
7690
3847
3262
12031
5535
4769
4816
8966
2346
10878
14925
7872
5789
8083
2424
3562
9212
2808
5567
5605
7667
6925
7680
4822
6445
14888
3864
5315
4925
4881
2660
7168
13360
5441
9185
9071
9889
14813
2676
5173
2552
6614
11307
3563
12506
3051
5707
6316
3763
8842
4335
5846
6187
4902
9952
5908
5393
4386
5086
4141
6411
11826
4015
10926
8362
8102
4967
4935
12136
2367
3382
4817
5772
1640
1678
10858
7696
11673
6662
10215
14936
10701
11747
11736
7391
6996
4735
5688
4852
2555
17505
9391
9615
3615
5167
12409
3313
5872
13135
7137
7167
8101
2945
5445
12215
14594
14648
10316
9401
5181
6465
4181
6787
5134
8356
6082
11942
6493
10028
1886
3254
19200
4437
14146
5529
14546
15820
9900
11836
4836
5720
10741
14211
13292
9726
4348
3462
10041
8469
5501
8071
8159
6347
12889
10964
5951
13620
6145
2508
3091
4933
8176
4677
12135
7989
7301
6628
4849
6665
6227
4105
2585
9547
10929
10291
1613
4557
11292
3245
6596
6118
3029
2803
5574
10922
3207
3150
7094
3211
3465
18969
6900
7972
6333
12299
3755
4078
10981
10420
5985
7281
3196
4369
5783
7767
5252
7710
11407
5926
12916
5571
3892
9020
3226
1779
5377
5852
9472
2729
5230
7320
16568
3545
5673
4232
2739
5688
5213
5115
6491
5714
5526
2597
13910
3052
8658
12124
12170
12343
2840
5588
6982
4648
5128
6902
5403
7375
3506
4035
3522
8342
4956
5686
4173
2107
7453
5378
5376
5726
3276
3578
3193
3794
953
10763
4772
12424
11566
4118
16403
6129
9038
6832
10318
2897
10576
7737
3353
2505
11837
3223
5902
5538
3592
7118
11428
9960
5373
7365
11728
11550
7310
13857
6653
8103
7001
3911
9670
10995
5932
4148
6480
17496
13773
13622
6245
6160
7126
7688
7721
6602
12211
8978
5860
6993
3070
4265
6903
5329
5341
4490
2991
5682
9260
5873
15154
3242
6995
7771
6665
11021
6549
2913
12369
6758
5527
5997
6673
7845
12527
5337
8939
6234
6334
4135
3497
15718
8132
9134
8462
8858
8084
8912
10367
3706
7211
4216
9450
11678
5621
14035
3038
6394
5585
10968
9284
8151
12281
8837
9815
7922
17112
11479
7937
4192
7144
10988
9946
7647
10347
7759
12070
9725
8077
4322
7783
2624
4142
6552
7548
4954
6397
3665
3330
4171
8539
11802
2815
2395
3930
4371
9764
8199
8462
2896
1492
6562
11273
11378
17057
9412
3974
18936
5339
5451
9803
3012
5832
17013
4053
6213
6077
6484
8692
7475
10290
5619
10735
12295
7733
2834
4811
2192
6726
8859
6003
4038
12241
10622
4475
11712
4666
6371
6342
9445
12731
4066
4922
6805
6950
7286
12786
11844
10489
13676
7447
2030
4066
8724
4982
8737
11782
9034
12895
6824
14780
9028
5260
9996
6432
7935
5422
3562
12395
7311
7253
9918
18230
10646
7622
10844
13112
8384
8950
5680
13022
7485
1462
1506
5303
3812
5675
7350
9071
9254
4144
4870
5753
14537
5496
4428
8695
20876
8796
9665
8821
14264
3404
6660
7656
4174
4453
9015
7324
19685
14641
13279
8467
10299
4572
5525
9702
7508
3698
4321
8875
7089
9154
6240
6810
3396
7443
8757
12164
3635
3063
6487
5629
8895
2326
2289
13488
4444
8242
5769
10265
8183
4571
5984
11430
7455
7593
10056
10640
8010
5835
5012
6322
10515
8269
14635
4537
9195
15151
9390
9075
6708
11372
14429
6440
11055
7531
2949
12850
12883
7065
5748
5528
4003
8856
8502
7038
12356
1869
7123
5459
5201
5060
2920
3499
5016
5925
10946
7728
4771
3705
2871
3501
9188
12006
9073
6300
4753
7200
7716
2527
4374
10372
10473
6750
7565
7704
6415
9568
6579
4770
4043
2787
3562
5967
9955
3252
6539
4667
11914
4826
2091
6873
3097
3874
4398
1802
1904
4724
5365
5756
17408
2265
4993
1980
10981
5256
4192
12453
3100
4850
9436
10086
8055
16490
4038
4511
6913
10824
17389
3063
7909
7936
8073
5042
8608
4848
4091
8812
11631
4365
6921
6715
10092
8942
14003
8723
4169
8547
11900
2132
1420
6541
1170
7890
3383
3608
4957
12323
6948
4540
4771
9488
8799
11539
8810
2276
3345
7337
8810
8901
6748
8668
4971
13220
7537
11389
10517
6248
11864
9626
8218
2888
3546
2211
5090
11270
5354
7328
3561
4890
8674
6059
7442
6380
15886
4881
6201
6296
7131
6332
2640
5102
5509
8507
6342
5953
3653
7807
15202
6622
8117
6963
6678
10291
3655
1832
4451
7038
6493
3842
5330
8483
9583
8182
7977
8029
3141
5602
8706
3368
5663
11473
5503
6666
6795
7938
7749
11351
11242
8708
4585
8213
13846
7944
9180
9776
7033
8577
10108
4892
9307
5294
5956
7889
12290
7909
5134
8035
2866
8389
3958
8506
6771
2266
1529
3275
3194
8430
8180
3357
16267
5341
13128
7215
6824
6965
8935
12187
3972
6325
8788
3851
8754
14612
7544
10454
5723
3564
2829
9366
6859
6624
5418
1904
8932
4225
7798
15151
15682
2385
2149
5900
12309
7625
13843
5446
4763
15348
1835
8939
6769
11675
23068
5065
11012
10448
5286
2673
4375
9330
11602
4633
9233
12371
7698
9005
10387
9893
12262
11294
6217
15552
10503
16009
12891
10062
8512
24098
8394
18403
15987
5061
7933
7852
8245
12562
14447
20761
13601
8522
17292
16179
9940
14054
8360
14175
8677
14286
5623
13912
16509
6643
10651
16270
12864
11688
8271
13914
8987
10585
11106
22535
6544
9726
10929
11538
14051
23503
21032
20013
9951
24835
11583
11702
22076
9332
6594
13318
12849
15990
18201
10496
10244
11268
6174
7757
10376
7522
7650
9917
7957
2240
9185
20311
20212
5287
3061
20810
26307
16817
6936
14979
9037
18382
15750
20042
15872
15258
7588
12299
25554
11107
11766
22693
15251
10514
11252
16257
12081
16154
14353
24755
22026
27346
23288
12673
10267
23984
27857
20485
15164
15535
21850
12208
30070
15264
5452
8549
10378
17084
19098
7421
15388
8184
8435
25253
21977
11643
11118
12427
21776
5387
9997
9056
8866
15827
12590
15203
12652
16550
9427
8519
12237
4767
6774
10407
8724
20751
15450
6378
11582
6263
9026
10264
15363
14162
13182
3336
8640
8260
2137
21753
5891
12079
10739
8265
14172
11059
11457
18396
10062
16309
9839
20357
8954
14864
10245
7225
20113
13394
22245
15644
9653
11293
13039
7366
7552
15139
13607
14911
13474
15292
23693
19173
13111
15569
21930
14727
14235
12885
22944
7259
10197
10540
6940
14407
16063
3616
8522
9125
10214
3690
3748
7121
7006
7560
21182
16604
13420
27255
13129
4748
11294
10324
12286
7557
5612
19120
12528
18203
12606
7719
12043
20899
18274
10344
12971
4245
6744
5241
13051
11586
11274
10296
11483
6577
18969
18884
26406
3507
6621
6927
20226
13601
8384
15060
8992
15115
25174
8680
5141
10817
13654
17012
16471
12655
17942
26531
10835
12005
24359
17474
6370
25835
8542
17377
14845
17974
17565
22629
17392
17013
9145
5139
6745
16923
4740
13570
13483
7208
8154
9578
11385
10866
10699
16965
19686
17357
27832
26003
18979
12637
21381
6273
6150
16942
5513
7455
9996
16828
15407
10206
11967
4848
20736
21773
8492
3223
12930
9520
13623
18748
7713
8085
19549
19919
14099
7495
16370
3835
13238
20001
18080
26557
7673
23884
13551
14766
23804
5978
8118
11504
12687
10402
10918
14400
8986
16973
9047
22297
16986
25702
17817
9567
7851
20299
12173
4727
11040
19226
17653
10528
7984
5605
5694
12552
17756
4793
3547
10107
10399
9006
21978
8872
21774
13224
12137
11601
6675
6470
6460
13246
23364
13792
8595
26628
18673
17100
11044
8968
25248
11909
9193
10552
8803
15080
18492
10663
16303
6984
16061
10658
8263
12781
4361
20632
7979
13611
7091
18420
9094
10613
20579
13223
11434
14491
11943
15321
22580
17614
19511
8788
13899
24528
20526
27489
21741
14276
11226
6192
7604
12405
7086
5515
11673
12759
10464
11703
9413
4994
5969
20439
7146
5675
9446
16083
18931
8574
2970
10998
18355
13598
16551
4024
19964
19037
22881
9322
17013
4181
4410
28591
14596
28113
13736
16889
11044
12617
18786
9753
17097
10386
4061
10003
8230
7246
11568
16019
12624
20269
14315
22798
9468
16671
24125
21191
18451
19783
15310
5698
4621
18965
15255
16293
14244
21684
7226
16816
6183
24371
24727
20461
7449
6911
23754
7805
5105
7072
3242
4427
10702
24696
22476
17400
19137
7182
10573
21890
9947
8112
3038
19662
21001
27283
22775
8393
25053
18652
18692
12716
13497
10065
19111
6587
9290
22455
19079
13338
6681
15380
2302
8658
8291
14536
4189
7305
15315
25028
10400
17178
4393
9862
10441
16722
14030
13031
7062
12154
10424
23059
12154
16384
16567
21595
16651
10999
15354
8780
20673
20897
9190
15730
17574
23128
26133
20615
3947
17213
10506
8796
10365
11875
7013
23635
5955
22792
18114
21076
23573
11543
14721
19500
19739
24779
23165
11813
16897
20288
15790
22852
10199
14371
15908
11134
9548
9779
11805
18467
14806
14994
18331
11522
10517
16304
16498
7274
12589
8207
13422
9140
11029
23499
10945
6188
10652
4141
4176
15576
8990
12196
14990
19831
15415
10262
15692
14682
17333
15422
10760
15910
16507
20518
16287
18783
11138
11878
9454
12576
10348
8825
8609
13743
16719
12016
11551
6841
10062
7605
9118
16121
12657
26299
14731
19166
16906
7578
16177
18048
9629
30473
18918
23640
8742
8720
13017
11346
3694
15618
6552
10711
8979
13450
21325
11125
18682
20532
18638
17452
11862
10694
18519
11784
8300
4555
18883
16285
20228
14135
18949
19670
8036
13142
20958
20076
23146
17788
20645
18033
10613
11576
19825
16392
15570
8105
8297
21846
14806
4568
10622
20447
3715
20312
7420
14459
7842
12651
20882
20728
17554
10660
10691
3914
6112
11693
23611
11616
12618
19271
16874
24351
12411
7823
9398
23136
12640
14199
8591
6633
5239
15307
4695
12055
4210
25518
8195
16941
24277
10960
8546
3649
7381
12213
14049
22838
19415
17891
9017
17126
13508
16192
17780
3719
4505
24823
24385
13046
10413
3912
5199
6622
10402
13657
12983
17881
13364
15873
18227
15241
14494
8035
5692
17615
8193
18096
11143
22878
21260
20181
17634
15378
13043
17675
21298
17358
6436
24176
13013
8614
13340
25877
19459
7279
25881
17810
8738
6477
17248
9224
15194
24776
16538
12216
8531
17833
8732
15905
8022
11133
15724
2510
5227
11631
17022
18875
21252
11658
8091
12456
21213
23252
14106
6000
7047
6046
4860
13092
21377
5458
15730
9399
21927
8884
13847
24130
13341
18693
9937
12849
10044
12834
7069
15212
11376
19153
17539
7005
4891
10405
15118
19542
13176
5299
19559
7218
11154
17977
20686
21249
15185
6111
8513
11352
12135
14241
21347
11097
18272
22936
20599
14186
6571
7653
15533
16126
6358
14140
9286
12010
23529
6998
14340
16352
17361
14504
4410
12682
9228
8771
6669
13610
11261
11593
21133
22627
6995
7643
14186
9645
12618
19752
6458
12739
19335
6699
6283
6455
12112
22169
17096
21307
6460
8987
11989
11233
18375
18782
18973
17193
10710
13375
15910
11708
22744
9689
24582
5084
9289
14857
8842
18127
14502
10430
15949
5093
6785
16540
5906
15806
7911
6073
8029
3554
6987
18577
18324
10374
12800
12231
14110
9143
6740
16480
11107
15103
18251
20131
12364
16060
11813
15569
22103
29468
9422
13406
7828
8469
13149
23278
6602
8511
7973
6707
6109
18742
21907
15505
27178
13114
23032
17914
4674
28912
7242
16084
16755
4355
10889
7427
12289
28882
13754
28281
7526
17688
10840
10496
20427
9408
8522
6690
23591
16836
13588
21661
21428
25229
21237
13058
14265
10463
15198
12646
6061
7303
19146
10398
24585
8769
6853
14148
8098
12284
11178
14034
6086
16539
16783
19413
7107
19220
12103
7653
24209
8675
10684
21327
21482
9644
13558
24822
20679
25114
20859
15332
23103
19319
23072
11527
10804
14700
13522
13422
20619
21703
6198
14551
12317
17086
16459
14863
16110
18179
15486
11126
11582
6611
8080
14604
13941
8714
19804
6281
11236
14533
13619
14158
11069
23800
7089
17680
19417
11044
20200
25607
16832
20284
22498
22227
11197
6049
5340
6275
6404
14796
10796
14773
14442
6091
13127
23999
22976
9671
14778
7757
15954
6978
20249
6357
15683
6974
12172
16174
6715
6336
6785
4364
8395
10745
19336
12725
16637
20811
16720
3562
11765
12590
14310
14595
15434
4075
9179
15430
7414
10062
17502
3744
8362
6286
12410
9965
7990
13373
15765
18491
8919
9903
9757
13986
9443
17803
8618
14722
4767
24549
19047
9017
9188
12989
14636
7995
12165
17801
21495
7981
19136
9823
11855
11445
17950
11032
23521
29228
7467
8725
12493
16576
3806
19104
13585
7300
13899
10292
17349
9709
12529
11880
7960
22163
14426
21775
12788
16096
16484
11181
26471
5571
9377
9440
14410
4064
13299
7506
18694
10069
11351
16690
15172
23583
13039
6833
22385
11367
9475
12739
9125
19678
17200
8895
7287
5717
12128
20743
13707
5394
4357
14447
10557
9030
8319
6047
10999
11725
14310
18701
15469
14925
10079
18148
26379
24952
14966
12014
8183
9950
16228
13395
24117
13069
21124
18756
21185
10256
8725
17214
10793
25819
9857
8362
20380
24840
21125
7744
7194
5867
14079
12883
15165
7809
9957
6391
28415
7302
13684
10139
12260
21348
12287
14948
14578
9985
11284
10681
6886
15345
27219
12204
6498
6811
8448
8568
11825
4538
16931
6092
5777
16527
28007
11802
25073
2988
10046
17186
16680
5102
19638
17241
15056
21835
12416
6678
5056
19293
22700
7914
12633
10242
9981
8337
8909
16249
18100
11763
3113
10728
15183
12153
9871
21300
18366
10783
5046
22747
12753
11464
10665
11114
13878
18879
20278
11523
7600
25581
17477
13697
18058
18836
24261
7735
9973
15049
16563
16657
12973
19976
18503
12839
14168
18931
19979
7301
14004
11966
8442
10997
9982
16308
21333
25251
16481
15656
16141
11851
7224
13621
4991
13068
25539
25514
18471
18588
16068
21883
18181
15405
9406
21660
6940
11730
22188
20359
22743
14077
8585
19424
9702
17692
18638
9859
13464
8225
5888
32261
15360
5515
10744
5051
15257
9982
19411
12156
7756
10740
15066
5800
5507
9893
8830
22569
10073
19806
23696
16786
14235
17126
16711
7809
23768
8840
20229
14619
19810
11280
21333
18994
13145
6605
13659
3492
7384
16830
24045
8849
7835
20633
13295
7632
10893
16460
10840
8476
13917
17808
12791
10214
11225
23646
13625
7392
27540
6958
9476
5682
6642
6890
9901
18080
16826
13435
10862
9848
14071
17455
9680
17605
9553
9502
14087
16816
23112
25753
13244
15388
11735
21049
20152
8644
11154
9769
9492
12891
17889
15769
10800
18041
15966
4677
21332
7261
13229
18791
11492
15415
12214
17131
18276
15994
16337
24459
17001
9582
12119
14902
13354
14466
8956
28361
18473
15651
12007
13503
14694
4281
11830
23504
12150
11939
11511
28104
20359
7816
12733
13974
11051
24540
10695
12331
15322
14795
21837
14437
15412
9645
7984
20119
8178
13856
6970
5635
25614
22771
9769
8837
13261
7758
5772
6975
7066
5047
4352
8678
4610
7403
6178
13079
29105
18735
18489
9797
5523
14982
10457
20585
4182
5762
16614
11365
17896
12733
19283
15552
24287
11057
14204
6478
6646
21540
15147
12364
28836
11498
19485
23394
19579
11925
14276
15839
7621
19459
22495
6182
19256
10219
8188
19202
10271
15576
18191
5862
13955
18525
26058
6076
4231
10265
13985
16451
12706
15724
8918
12558
8905
11260
25383
16807
16033
12665
13427
11569
14419
17971
13457
8210
14348
8928
7803
8980
6563
3622
10380
19822
17718
10734
18084
8222
14453
26900
4341
23864
18017
17461
13827
5625
4613
15772
17710
16485
21296
10242
8706
13213
14593
20469
12122
20999
13068
15267
16959
9428
11913
21675
18654
8066
19562
7516
12974
14142
13101
12355
12450
27432
19765
18889
14570
8431
8624
15246
15943
11718
24422
12590
10025
9719
11684
10142
30064
13047
18815
10055
24183
23751
26246
29491
10230
16260
17494
9882
14434
7557
8987
15549
17204
10110
14496
12642
18860
8254
6369
8231
16948
16006
22597
8890
24135
18782
16331
21219
23448
23978
24737
11043
16344
9636
12538
12839
25209
13232
22565
17172
16498
11629
11173
15382
10580
19990
13327
9350
9812
25664
14535
26419
9901
14487
7364
14330
9860
10676
17960
9299
7466
14564
22452
11374
9520
9869
9197
16093
5421
7955
7407
19814
18239
16709
13848
9855
12565
9613
9829
26627
21483
29318
15885
10387
10725
11446
21708
15469
22502
8311
18906
10387
13837
14503
9548
16492
12310
5558
12007
18389
12215
8411
18561
22914
27583
22493
16948
20037
17353
16125
9241
19483
16815
13107
19776
10978
8790
26286
15302
22897
16626
10608
11761
11530
13249
8924
27904
16476
22890
15671
10406
14914
12194
13990
7284
24380
14914
7873
14257
9277
12682
16488
13483
13741
7285
5788
10084
10413
9337
18818
14636
10352
17332
11145
15039
12188
13575
28573
26828
17364
13562
10298
14563
7857
6851
13117
10444
8996
14430
7594
10429
6778
11808
15643
12107
9062
8168
19346
12964
10132
21006
20114
25804
13333
9002
7741
8895
21599
5108
20876
9314
10942
19958
12516
19501
29019
14854
12902
15628
25495
12630
15885
15393
11081
17139
13790
10631
7084
19928
15769
15028
18415
21804
17083
9731
22956
20949
10332
13260
5022
3815
25191
20454
15284
23269
8472
7935
21146
11805
6612
7288
5306
8078
18400
8894
20627
21991
14755
11628
15201
19050
22004
5874
16628
22550
11317
16235
5572
22004
8203
13958
3367
9975
4205
19783
7839
5868
13505
18226
13366
11790
11876
11930
15779
10817
26065
18362
9410
3937
6321
20718
19043
14688
18766
13287
18951
10342
6958
16952
8741
15423
7916
7418
12888
10378
12323
22655
5494
21514
13819
12028
21438
12683
15975
9785
9301
8593
22544
8508
9689
15059
10452
13903
14559
21496
6983
15889
5407
13319
3077
16360
7236
10658
16393
9159
13336
21898
6263
4545
8411
13005
6961
20807
16325
11940
12969
7688
2464
5196
22043
19168
17110
8291
5662
12328
5241
4849
6096
4820
4595
19471
8211
20206
9866
7996
9021
6872
18522
17444
14683
16836
8658
7250
2865
11839
11455
12439
11366
19910
10988
25867
16175
15523
4362
3223
15331
22479
10139
12596
13214
13379
14621
20816
25158
22312
5651
5559
20833
6069
21298
12266
13143
13838
17559
21384
6117
7013
13881
8324
11823
17528
8311
13312
12542
20279
10909
30419
9228
10519
5069
12422
14681
17037
19453
23435
6816
8178
19306
21156
15406
19012
11561
13005
11552
8982
16474
16121
28865
11146
12189
5630
10543
11874
14977
16385
9011
3460
7076
14165
8512
12348
6547
6348
8035
19743
16301
5423
12291
6215
12394
8985
13673
18230
25391
12282
10015
16089
22593
10112
10385
12009
12524
12106
17985
11614
10351
18609
2445
4253
6924
13312
8240
8645
11207
25426
19776
13705
8256
12501
11233
26374
12365
13484
16688
15158
26886
13093
12371
12968
23724
15982
6737
20324
21186
18216
16476
13898
16125
8546
15954
2905
10292
14208
3898
5481
8393
9444
12499
22344
12391
7426
13081
10810
3869
7314
6195
7895
14594
17253
18612
26841
10945
14793
8264
12574
22753
19000
8718
10260
6683
27436
13963
10796
10959
7454
7304
8845
8763
7657
13950
9198
15228
14694
13713
12835
14504
12861
9725
10069
3797
7628
11885
18940
16233
19968
9060
11150
17470
11378
14991
12111
7774
20867
14396
13007
4490
4187
9770
6515
6438
11209
20489
9930
8494
14224
7112
4113
6960
12922
17098
15486
13730
20650
15843
23683
13461
8192
14928
9264
4111
10434
9704
8267
24882
19688
10339
4706
6526
16797
15618
18253
19582
8180
7885
17012
16283
7793
9942
15497
13511
14909
14550
27462
12542
18184
21942
16060
18597
16700
23200
10607
21667
15073
8135
11650
14258
11414
16160
21292
7359
21007
9972
9188
14059
20887
5410
13393
9422
20835
8978
17297
6321
12312
14088
8474
17276
13641
8517
9739
9863
18514
12134
8140
8668
11702
9600
17363
4702
11607
14937
9107
9924
17985
3435
11146
3575
8592
7597
6454
7593
12120
12371
15822
10433
8558
10223
17600
21307
19703
9076
16286
22100
16497
23588
11405
17847
15227
17538
16389
15031
10918
15322
14958
5026
5518
7796
10883
10830
11951
15611
9902
8889
19579
17428
21431
8669
20926
18330
13319
9381
11090
6003
5122
22995
4512
12099
15667
8499
12409
7368
9982
20087
7910
20669
8640
18148
25296
6952
4875
11556
13776
21575
16285
15713
19744
2451
4731
21719
23539
13357
25816
16453
16690
7751
8753
16829
27640
12627
10587
4900
7296
20428
17183
8227
3066
25043
26182
20863
22044
22893
14888
24126
28418
8162
10299
14193
11930
23152
14708
21490
6211
19753
18224
6444
4577
11121
11649
12345
11630
5187
21007
25937
18157
12683
24450
9534
17977
25826
19261
28714
29779
30047
21918
14842
26958
16472
25160
30051
15407
28605
20665
19951
25899
21539
32084
27299
13719
29573
28809
23425
27176
30210
24321
23291
15114
29756
32186
24370
25840
9029
15051
15650
29220
17130
31033
12147
23894
17985
13921
25365
17772
29470
27322
29093
28239
17056
19323
32485
19271
30842
17707
10035
25741
32223
16520
24172
14799
25627
26391
11641
17234
15316
16680
29732
24234
18612
26173
30936
17636
13076
20208
30949
20445
21684
28558
15040
32539
26215
25929
16786
24706
30299
24774
20931
29514
16814
21966
24392
27339
26855
27499
7051
15849
25026
10819
27879
28863
20092
27601
23419
22641
24935
30539
28600
25779
26295
32604
28715
18261
30704
25886
26992
27825
26479
29607
30240
27926
10552
9374
26619
15920
30715
27654
24081
17962
23775
16625
26098
23629
16347
12272
10676
12283
20420
23742
19908
11250
11183
27853
28399
12871
31865
20590
32029
28594
23039
14766
13295
11896
21103
32619
14230
29445
22867
27258
25726
21965
28709
12173
4131
31035
29380
24679
27452
26871
17755
20180
22851
20067
20983
21641
9747
31064
29650
27069
20187
25260
28755
26012
23479
16920
25663
31555
31827
11283
25336
28551
27225
29620
30490
26256
31888
17265
29205
27319
16808
20647
13195
28142
17994
19531
23538
23642
16671
14831
25787
26190
24790
15349
30132
31475
28463
24453
30466
29394
31914
24045
29092
27325
21033
12118
26149
24201
28975
30900
32278
29414
16915
26264
17496
24898
26948
29181
30497
15232
31530
31985
26956
31179
24507
16315
30055
28128
12151
14122
30590
26306
27611
23492
9580
8994
32054
16226
14996
15086
24028
26201
27407
30686
27461
23078
28959
13741
30607
32499
16315
13234
31106
31692
29437
14010
11314
26347
14147
11322
28972
11585
19488
19712
25885
27106
17862
16094
27066
23584
22548
23618
10910
28786
10597
23012
30021
17462
10926
24737
16846
7909
20692
17793
10502
22257
28592
31262
26690
31031
18839
32553
31391
12954
19195
14149
23262
19384
12121
23167
25503
29825
18249
32673
27970
19257
7431
29272
18482
16314
29031
10889
21871
30823
29004
26708
6851
29621
30511
29727
27876
14291
28839
29652
18657
16562
19703
22214
26105
31054
26847
29958
17505
10151
25441
25637
18562
26179
28311
27528
13586
12487
32737
32231
24407
19139
24308
17356
29798
30984
30017
14830
31565
31863
31420
23396
28797
26115
11961
22131
31725
22191
15663
24488
12970
19119
31591
23175
15779
25818
32239
28726
30701
17858
20708
23343
26669
32616
30536
29868
25468
23634
18574
19402
23129
30390
22723
19200
22890
22252
23215
27309
30832
28928
26368
22093
28870
11664
17240
22801
12588
28396
18980
23816
18641
29274
13112
27588
26139
20807
25847
18337
23678
30459
10300
11901
14622
16063
11396
14258
18952
18220
20854
23347
31821
31731
20189
27410
14703
31330
28089
29364
15553
28674
13558
20770
26103
15198
18852
26447
14706
23391
26308
23190
27965
6715
22710
29302
32164
16337
29595
27391
27306
17039
23866
10413
12685
27332
26246
23581
23429
23414
18465
11614
14997
19848
19648
19372
17112
15899
23230
12252
25180
18934
29471
14405
24331
12754
30435
29043
14566
27334
20621
28157
32076
19936
29357
30752
32568
30587
21357
11158
28816
14547
17091
27538
30399
27495
16236
28444
25708
22895
16871
32232
32383
21375
25312
19201
27491
27969
12730
26164
30339
30088
29516
19727
19031
26502
32306
29500
24428
31807
31941
27657
18562
28733
31059
30688
24431
20869
18883
29775
31573
27083
31632
29441
12380
12841
31173
27213
8826
13174
17998
19157
30223
18532
27945
28226
29732
31723
27203
31256
22573
31525
21747
25932
23969
25539
23611
11007
16713
11212
19426
21888
24662
12244
24558
26675
21270
24327
20455
28343
21575
19474
23367
13206
24043
13839
26411
25877
30374
23985
22986
21824
19726
24466
30527
25130
28715
29291
26057
28751
23658
25875
30224
24602
32009
29682
24709
18786
18520
25041
27006
24799
13067
26750
24626
21827
30128
20039
28519
29382
29733
18241
18998
14134
17772
13821
22571
7857
23780
23018
26635
30266
25543
19650
5190
30829
32619
25229
11430
14198
16681
19773
26081
26425
24467
30320
9672
23867
23398
20371
23754
31847
23116
22273
12924
15955
27958
23261
27472
9448
19371
22828
24546
32617
31126
22751
27686
31465
28751
21850
27378
30022
25234
29680
29665
19972
27563
26210
17885
31014
8470
32508
27418
16509
31940
13874
28328
20955
29641
32493
22437
24425
27567
22983
29065
21123
20038
30871
29643
23271
24407
25818
26181
32405
20306
19791
14858
23925
8323
25396
20756
30965
19655
31409
15848
31791
21750
22198
29862
28175
30114
30323
17208
22528
29541
24666
8889
14897
18298
20866
29140
19095
32270
18741
7610
10149
30537
12011
28599
15229
11407
13883
10862
25176
22657
29508
13114
12453
29463
30586
24694
30511
13771
32054
20132
22269
17149
14405
23873
21187
24956
9085
15771
31831
23809
27131
23317
19833
30887
24207
27406
28699
29129
20235
28218
23411
12876
28934
14836
25575
32525
28262
27922
18508
14658
16927
22500
28690
25478
15314
19805
26352
27539
25175
13674
14396
19209
29472
32291
11359
32697
19440
26202
14496
28163
27071
13807
25456
15409
19931
20959
23680
30111
25308
27467
29674
19927
22972
24116
22133
22357
12541
16459
13034
23176
31289
16049
17959
14070
25905
18990
16262
12946
24632
31132
20587
23750
24909
18520
31617
30786
21838
23297
10804
31691
32514
32338
25521
22418
30212
32591
29246
23957
25878
27313
29598
30241
16987
21374
24921
19429
10392
29552
28009
12590
32247
29645
9879
31672
26040
32485
23024
11367
15115
22717
28917
32497
29891
27653
11750
13068
30415
29839
32470
9532
28162
7792
16949
17000
28297
18146
21912
20093
23094
26432
30498
13953
25912
17002
28581
23398
20982
28208
16807
29304
26847
30684
16129
22924
23724
19314
29650
28232
23712
25809
25966
28581
26470
9525
9504
14181
20569
28859
31470
15221
15888
30945
30373
14486
21460
25995
17342
14223
15988
20780
13236
19473
20029
13548
14153
25173
17685
26486
29383
5145
32127
15008
18711
17110
23287
21501
11319
16671
26537
25107
19205
20265
19162
29683
27125
23551
20930
26053
32522
21443
21167
31684
20603
24815
29263
30362
32387
27224
29918
30239
25133
22143
29558
10013
8647
28655
8503
30152
30974
16286
15653
28528
19514
19893
24669
31599
26422
14345
14015
23712
24267
19954
23167
32301
32590
29538
32454
31670
22100
8845
22814
27760
13294
23813
31849
15017
15721
20760
17232
32628
22408
30561
31639
22532
26615
30173
23500
24835
25918
30693
28707
31119
28632
30788
29798
28513
16021
20175
27016
28161
32293
31613
27591
29823
11912
8450
15731
23326
26700
25975
25643
30256
28336
24332
23731
16536
14526
30109
30649
31289
26546
31986
28515
26461
18173
15707
18893
26393
14651
21402
19583
31728
6625
17839
12818
29558
22994
32278
29323
16105
30861
22416
23064
23203
31759
8722
17302
8694
21844
22670
12243
27768
30269
13536
23533
21493
29521
24005
26650
28667
30520
17612
26001
24312
25850
21931
19728
28426
15595
17955
21887
31992
26488
21045
16352
24646
22063
9711
21234
22476
16259
26055
26963
26758
28778
19928
31252
30873
25842
20027
30079
31280
26812
24153
22081
22444
29499
21189
16010
25954
10505
23554
26917
32305
27749
10778
16884
22945
28435
26816
31241
31010
30462
29987
31278
30908
27186
19422
19551
24947
31413
12424
23858
9600
19213
10599
26027
31109
18081
22614
29218
29481
24267
21580
31268
29469
26959
27827
26716
24184
21947
25735
25662
17541
28539
17743
18751
27907
29421
25340
26153
30118
27842
31798
29823
26035
24311
23989
31874
29105
22910
23490
25030
28951
29100
27966
21355
15631
17090
23746
31466
31431
12992
10934
24013
18231
17119
30811
19941
25917
20062
27705
27224
31219
21105
23757
29302
21062
29485
16903
25389
21335
16891
30244
24065
30491
29846
21882
20477
23231
13871
24001
20435
11645
10998
24176
27061
23947
31447
26109
16688
24804
19129
13469
18465
23682
6749
12755
29279
31575
15901
25238
23884
27577
24570
20595
16134
22201
20230
16950
21986
29394
26313
17683
27670
17034
31682
27116
31540
20407
30760
28237
32481
25102
28671
32048
22588
27352
22551
20344
19527
24241
24476
20919
12047
19202
22805
22509
19436
26910
17704
16700
21112
18627
21037
27926
14664
15149
15134
18904
21429
15671
19844
32161
18326
19048
31105
31483
27120
9174
32514
15185
19165
19380
24515
21675
22598
30906
30311
28754
28155
24478
23071
22441
23172
10164
11106
21747
22956
19048
23152
9954
17109
32006
32173
23352
24504
27835
29390
22277
10631
9009
21724
24026
19396
24684
31978
6092
14041
17358
17700
28097
15947
12305
28096
16108
18548
16751
14229
29842
26094
26833
32139
20752
26965
24966
27582
19231
28592
28623
19938
24482
18887
31383
27633
20133
18809
18749
22147
17367
19632
8773
27590
20906
29844
26552
32479
28816
23807
14887
24256
31946
26673
27697
26060
10901
29382
19702
16701
24807
29644
24309
24742
30168
23955
21570
22633
29985
24811
21892
29864
15967
16307
21982
32628
25822
23246
24676
19357
16240
16050
15154
24206
21204
17824
32335
24891
23532
23043
25933
24933
15992
19588
22362
25965
8415
16102
28524
29291
15089
32560
25837
15838
29965
22987
14794
22871
21404
21345
31301
32043
28527
29844
28402
11088
16520
15171
7413
4641
27565
23150
14337
16657
27386
24229
25499
16314
31748
21044
19434
22047
32643
19970
24385
25525
27877
12823
29251
15148
24196
12480
28833
31746
18333
23561
18230
22017
30888
9118
29187
26632
6625
12606
26670
19501
11114
12801
18248
21215
32005
24717
30158
26020
23036
29199
29241
26175
26477
31286
31703
19203
20248
31027
6342
27537
25680
14462
12315
26060
17884
26366
24848
26381
21058
28739
28779
25691
22097
13811
28632
22590
19507
26328
31088
19918
22320
31388
22473
13441
29418
11767
29208
30358
28403
31869
13466
23596
31998
26840
10754
7982
25165
19840
22841
29200
15353
19951
32572
23749
30262
30807
18250
28330
18648
16109
20164
20732
23830
27273
18829
31899
20388
31505
23265
16912
31994
18761
29109
24224
20610
30939
32345
27568
25314
14607
25711
24022
26240
30272
27615
26039
18849
20174
27201
16854
15357
19870
18194
22311
27648
24625
18717
28081
15827
7370
25659
30398
27243
22798
26907
17115
19081
13536
28981
31574
29925
20954
7532
22432
30485
27854
21831
26150
17178
27878
28828
21815
25256
18036
18338
31293
16826
20479
29288
28003
23171
20832
27078
30340
24095
26338
20134
30587
23223
8797
25220
32364
31753
17020
14245
12212
16523
18666
5047
4630
10375
30431
30800
14722
28132
23959
28677
22721
25037
23828
17873
21554
28387
31584
32333
19663
25901
29509
30674
24787
29440
20922
28858
27576
12810
25571
32730
13911
19656
14747
24996
26582
30296
25964
18404
29631
26882
31028
23207
10493
29271
26899
24283
23298
25661
22744
30993
31379
30904
13633
23163
21007
15245
15608
24650
23907
19747
22301
23142
25258
13453
29459
24680
23398
11828
15586
20644
27995
19388
28212
7084
11168
14807
13650
25317
21749
16536
25003
29039
29125
31794
23120
32352
32721
31538
26520
30743
12692
20643
15213
25185
22346
25369
21820
32350
23878
15301
23061
15044
12442
24929
13693
16915
28068
22889
13164
18275
30622
32252
30597
20634
31711
32709
22435
28274
27845
20740
21662
28504
32314
30679
21675
13379
17446
20460
25597
27517
17346
15849
10127
28782
22447
14601
27640
24681
15920
26471
30045
27355
27808
26947
24871
32354
20052
27020
30394
24909
17300
11768
7369
31861
20011
26230
10702
15585
31717
17773
18238
16764
17116
24800
28541
11616
26511
30345
31888
30758
30619
26479
24182
24203
21702
18432
19087
29067
19678
30038
14095
28490
27108
32184
21701
14758
20094
21476
26212
31045
21807
17419
19175
29044
27679
31646
28646
24215
30393
18388
20005
22115
31576
24684
20067
17227
15510
29035
23667
25923
17572
23465
20315
29681
31749
30970
20170
22943
25804
26759
30089
24001
16758
22863
24289
25787
28338
30127
29656
29950
18316
31438
26534
14113
26974
13464
12239
15220
28525
13085
10700
18731
23100
21414
25973
17532
20393
23047
21413
28047
19325
27519
30602
17243
23303
17897
9994
32665
31734
23200
8990
18562
12877
28580
19450
13225
19388
11078
15270
24487
23342
22081
21200
14256
31307
21134
29481
29303
28269
27623
25363
26812
20614
25997
14058
29465
18661
24898
14072
26834
22641
22477
28040
27685
21146
26193
19463
31043
21415
26275
20156
25469
18531
31670
24936
31162
32346
28467
22372
23943
15192
28067
8643
13174
29381
26252
19403
27756
23936
7574
30652
16745
25056
15108
26496
12406
18416
23945
23735
21808
26909
24673
30822
28350
21872
31582
30575
20818
27168
29873
23561
31696
20484
19917
17068
30499
30923
30129
22380
28720
31690
27528
31750
21653
28998
23353
24764
25259
29540
12625
25098
30924
30452
30853
31896
32050
29236
18988
18601
25976
23176
28144
15501
14025
26004
29265
31298
12946
21134
30137
14894
22330
29057
29418
32128
26336
18380
30740
22749
28680
28798
28767
28916
29003
26801
22435
32737
24224
22025
31698
28090
30653
24065
29287
19606
17980
19296
21578
12018
22793
31947
30432
25911
25692
12966
30261
32234
19279
31404
32030
29332
14166
28484
28135
18186
24409
17117
26332
17185
30032
23243
13682
17842
28420
26319
17333
27250
23629
29927
19895
16328
27718
22999
14330
23361
31642
18706
28461
29586
10246
9706
16799
28417
27484
22895
31592
27757
17959
20523
19083
22529
32142
31997
28299
24090
28795
29563
29776
21321
18428
32195
29816
24327
29669
28588
30808
23792
15559
29856
22125
15756
24556
21859
29645
17799
20072
29562
28179
32092
22804
31690
29021
28101
32413
16232
30436
28896
23677
23537
23188
21694
16149
21279
22481
24997
22641
23467
23122
22365
23978
25167
17584
27904
12713
23546
15234
22688
15000
30809
30738
26848
31025
17949
29538
20545
22983
7576
11930
22216
22445
28640
30375
26367
30471
17516
29736
27209
25640
32628
28010
7477
26636
28147
29065
24368
13702
24288
29397
31798
31638
27974
17198
23686
28243
25644
29594
22952
27328
28314
24863
30175
8783
17014
28337
19258
17668
19966
18967
31707
16724
19227
15675
28256
26171
18453
25415
24642
12974
9342
26702
24532
28239
27113
27050
28094
13043
14990
16748
26429
16779
30888
18552
23280
7843
12285
25372
21095
23246
15515
27238
22953
10777
31654
30676
17862
23572
18048
9758
22739
29493
25864
7798
23704
14250
21619
15669
21736
19234
10888
24965
21642
18142
16559
27179
21899
26615
29150
26318
20560
25437
11753
12855
31081
30876
28438
32304
18512
19964
26146
19260
15547
30598
25881
19412
14299
24749
27887
11315
22758
15396
11818
18900
27178
17178
22627
23676
29035
9863
9174
21101
20184
30637
17296
22061
11994
22123
31503
27336
25741
28713
31419
24146
32734
23513
25074
23281
14259
19810
32341
12647
15675
31610
21733
28381
11027
16967
23753
32736
22159
26294
30255
31558
29042
28805
17960
15009
16784
29247
18669
29155
31975
28043
13682
18167
16450
20243
26808
27219
28330
27472
13610
30171
25651
27288
15918
14593
24595
18369
13342
32565
26157
16905
22713
30891
27003
30010
30348
32344
14441
32752
23320
32189
12494
18817
27654
28825
24683
25616
27191
19588
18192
31284
8369
14352
22421
15739
23883
23696
30250
19292
24674
26515
13047
17616
30033
25261
18278
24121
27440
16067
31631
23561
26565
26954
15501
22586
27849
18145
23406
17401
28172
31569
31759
8446
7261
18766
12742
11164
18848
32457
17464
8434
21281
29809
31229
11170
13278
31122
25154
14682
13006
29615
27907
16908
24846
17955
31869
28339
26787
31776
28988
32086
15000
25819
23395
24252
13655
30315
31545
18902
26484
15013
25365
22191
23516
26436
25878
22616
28808
13594
11063
15485
11511
24441
25723
26646
20756
30945
22568
7763
31265
28184
8865
31308
29504
17562
25963
15856
31468
9391
29001
11687
18938
12072
20953
12555
18273
24061
25131
27819
21614
24012
25575
15323
17000
24179
31238
30174
24929
32205
30727
32257
29047
24121
15269
23263
20901
20506
15849
31663
27099
21741
31621
26009
19159
25123
28733
29932
19097
23607
22586
29171
27283
28720
27788
17929
21410
26611
31413
32319
31299
11007
28232
28262
28872
26850
11400
21234
32310
26911
25226
31177
28836
31267
25201
10303
24000
8390
24612
10312
29697
28810
32234
20322
20460
19892
22793
11859
31780
30943
13280
30986
27109
32030
29269
21930
10940
19654
24490
21493
26686
27454
30533
24995
29843
24212
31575
20385
15110
30659
30512
12006
11424
32615
11364
31490
23273
18480
28908
29006
22394
32091
27417
24893
28777
28264
8085
19905
22012
14183
23110
27817
14382
18188
17715
7031
5713
29810
20224
20358
22575
31078
26254
20164
29253
29053
30729
12427
26738
28375
27803
12954
23060
30020
11831
21933
20163
31885
30064
7958
11568
27340
24655
19196
32047
32086
17555
24669
30540
14905
18003
29781
16522
12714
12880
26891
25266
24841
22853
16056
9310
24608
19140
18255
20105
32449
24826
31143
17962
23782
22350
23007
28416
22138
29090
32165
22890
8548
8050
28506
21445
30686
28216
19497
29832
25927
28275
32203
32398
26528
18784
27025
24751
15409
29641
29359
30892
22708
15170
19813
23365
23453
15719
18724
24082
19189
19669
31702
30467
21645
27725
26486
31435
8218
30615
28910
27729
19396
24876
20892
19074
31794
23923
19542
22178
24555
24422
17078
30519
11644
17172
24622
17985
25257
28349
28516
22471
19005
28453
22721
25792
26048
29230
12958
17414
19446
26711
28891
25612
20649
31492
19776
20277
22952
16137
16001
14297
27835
29701
30492
25646
22727
20734
17461
29769
24842
31791
32073
29660
17796
29819
31555
21251
16291
25357
16453
13599
24465
9828
15278
23521
30886
15029
22231
14608
26807
30144
28108
31065
27117
31757
24924
31831
28170
17477
30914
31143
19833
27011
21367
19376
23516
24174
23330
23716
28395
23537
19220
12222
31370
24993
25857
21504
26572
24955
27439
14714
18390
13683
21772
24509
31160
23163
31276
18978
22129
19969
15362
20318
30163
25610
9439
13474
11347
26241
32328
32337
32557
21337
25780
26387
11157
21696
20022
8316
21787
24629
21529
17500
22799
29251
13727
31548
30215
30723
20113
17666
32615
26158
13453
10222
14004
15818
17952
25950
27599
16627
25463
28454
15356
19886
28390
20851
28734
25681
30764
23474
21350
27440
18718
21149
29289
29657
19457
29012
28266
28883
18204
30026
22710
24223
16089
32056
32652
31446
19115
15310
29117
29223
21816
24139
20143
14810
16868
18252
29679
20114
23721
5516
30503
16154
26187
30194
27114
26675
31813
27497
22170
23743
28985
21268
27132
28530
23082
12852
17252
27290
27767
28824
32124
16346
14224
16105
22491
20672
26833
28305
32018
30378
11946
21012
15158
24240
29830
28639
22945
23544
25391
9556
30564
28855
13580
16929
22215
10559
16620
9309
22082
21166
28957
19259
23513
23430
24877
18472
21040
22093
28000
29607
17157
19578
29754
11729
20966
24696
22967
31622
13613
25812
28104
27608
32153
32740
19140
13398
21612
29613
32457
22712
30597
30723
30666
27876
19016
30097
17194
29999
18131
22631
22803
27545
28924
24807
13288
31424
11838
23133
14127
9855
15807
23540
18327
31282
26856
20064
25239
19640
23620
23376
25311
18699
19636
25777
21044
25267
30857
28169
23356
26857
23250
20341
19129
27662
26585
23015
16425
22795
32154
31473
26487
17270
26167
22213
16739
25745
32433
29483
28643
31624
19397
19838
25018
26198
17593
22868
18928
27389
21733
15608
29208
31543
28044
14203
28814
31292
18598
26453
30321
18406
21702
29846
32269
19389
24331
16939
16063
4771
22325
24274
27449
28280
29905
21815
27797
29619
25779
12931
31546
30827
30219
30839
27146
18426
21084
29202
17600
19733
17516
13306
28246
24838
21336
16359
12747
29691
27173
30947
21744
30144
31146
31825
30440
32551
19150
27843
11472
31823
9486
16948
30304
31717
32507
10655
22150
31298
19172
32330
19553
12519
25650
29735
25779
27838
30865
28376
22113
29913
15785
19516
9323
10068
6305
14760
13357
32137
32327
12634
25535
27269
13131
17119
28254
17958
15403
9223
29531
23948
10804
20835
24706
24751
31993
31832
28748
20189
29434
19895
28234
13698
24081
31575
18029
19085
25198
25091
28077
24797
28299
29285
19574
31713
23311
16975
27072
30233
31568
32043
26992
23438
31521
31142
23533
26557
24531
28065
18456
12868
18790
29749
31334
30484
25122
16990
22627
32041
20582
31241
20148
32516
29328
31307
27726
23337
23536
23945
28940
25253
30059
27686
17863
19313
24254
16552
28008
24242
18085
18913
25370
31733
29420
29063
19252
32193
21199
22809
19172
30449
10388
13841
25759
20625
13361
22875
20501
26963
18293
19990
13283
19868
16359
21318
18822
30654
27577
27868
7441
31668
20025
19203
19382
10404
22504
14133
19398
26541
29737
25551
29819
18074
14206
11588
31135
19167
17637
21311
29436
25582
29013
25439
19701
31612
29741
16049
13557
28975
28486
21282
12721
26320
22410
21000
30516
30424
31234
28363
14026
20913
16276
32266
9757
23278
9168
18829
13445
15583
11208
13617
23371
31958
20088
20682
24029
20782
29125
29748
23644
31187
26112
22718
26126
11948
16813
17293
28380
27737
26965
31194
31753
32282
19585
22939
30042
31825
17734
18288
18601
18488
31239
20032
24990
20615
26345
18287
16832
17712
26636
28524
30399
26289
15784
23567
26202
18947
25876
30638
23000
20677
17320
29960
24395
30875
21390
17963
21628
30708
19821
24294
27391
32243
32354
14158
26632
30054
24114
30122
8787
31438
19817
31145
13968
10625
16370
13950
27940
20054
19780
20096
19401
27785
18781
30892
30807
32673
25406
26019
22697
20351
32616
14924
26171
17816
27395
30577
25239
23340
20197
31214
23981
19895
26338
26991
28324
19184
21709
28337
14700
15342
15383
29626
30952
23292
32141
32539
28245
20731
32118
28777
28554
11440
25815
27696
30895
26193
28399
32559
32429
32483
31182
22418
32344
26052
18844
21247
16490
12375
19016
24362
9746
21629
20803
22117
17664
25880
31924
29323
20209
25645
31361
20322
29702
24348
26514
19957
25999
27405
20368
23209
14059
24015
19122
32040
31319
28437
23682
28955
14438
20702
24393
30172
23502
23424
16472
21476
30830
27629
28492
25690
24590
29967
28259
31822
12739
30461
29397
27084
20466
12079
23753
23319
18262
30089
32433
25496
24276
16468
26276
28679
31703
26543
30160
30502
32409
12961
14467
14494
23545
20629
23973
15918
21213
25279
30102
19385
13907
12370
31194
30821
28211
30058
30501
27381
29999
30858
23578
22703
15705
20351
22079
17171
30367
29679
28101
15890
19368
20319
27158
26235
31909
32158
15999
23921
21713
28952
28213
31275
13491
17254
18307
28755
22864
12438
15019
27190
29928
26873
12501
8658
15640
28320
21698
16141
20521
21586
27185
29582
24444
29028
29459
17993
21850
17984
32088
24550
18724
31215
24660
14972
26818
27022
29691
31608
31984
31059
23153
27340
14861
28952
20090
23807
23075
24995
26806
22300
18414
15715
28604
24912
24749
23637
29073
30962
11907
24922
18702
17261
16255
23270
13508
19959
25423
27969
21676
28868
20904
26187
25593
29305
23759
28356
15093
32739
23035
25469
30395
19433
28637
26502
32183
29934
32283
29839
25993
17245
30005
21906
18443
23655
16130
27706
29478
12405
21525
25298
29836
23152
16766
17493
24845
19937
17243
23663
32344
12192
27280
28929
21250
30379
24599
30328
24270
23363
13449
12194
20233
22549
18505
32704
17682
29832
24610
24707
29673
32066
21422
24672
28115
29414
24007
19498
25973
17373
25625
26665
24794
26783
18585
16578
9532
25337
29964
25041
22893
23620
25535
13132
24344
26393
30127
14991
27136
28562
19744
19963
17821
19378
25621
26046
31135
22668
14163
14484
20128
27572
28059
26649
12935
22991
23333
21191
21228
29882
10656
29325
20011
32554
29442
13956
21886
32314
17462
32298
27989
15329
29878
28815
31306
29966
22326
17790
25974
30887
16250
27899
24117
32601
22355
30312
22673
25678
26023
28088
18509
18489
27164
25752
27539
16152
27797
28488
31493
30257
29871
28924
20343
17473
32246
26549
31467
14616
22598
23680
28659
30989
20272
29269
27246
18523
17030
28989
24320
26307
29553
23612
26392
29689
14024
15492
28809
24646
11602
9052
11506
24458
23690
23687
22742
7742
21309
31041
20619
9548
31294
12523
31177
25782
28335
22379
31313
25638
30371
31425
22579
26015
21510
27899
18111
26046
32709
30663
27511
13131
24854
29497
20878
16266
17679
31093
17878
21265
23736
28971
27259
12842
31096
18641
25432
32561
26920
19684
30654
31453
18697
31003
22746
27270
20018
29342
22753
24713
22990
23558
28418
31508
23538
21516
24034
21632
6244
24296
14982
20262
29275
27443
28510
20903
19735
27517
28802
25094
19345
18584
12394
31847
25468
24313
19141
12513
11606
17357
21587
24911
23894
13421
28485
16461
25466
23560
15093
27869
22140
22917
26330
28546
14945
31312
32098
12962
17715
19984
30447
28218
29147
26486
21073
7851
19618
19682
31647
22781
21920
15151
27412
26029
9461
12324
26040
26393
25051
22718
17871
22376
4873
18159
26200
13868
15226
20640
24207
22234
25018
12435
24384
8661
27892
22527
29694
30431
16059
27383
14109
25487
20833
14189
19360
26850
28359
16980
23850
12501
30523
31656
20345
32344
25444
15289
28444
6221
25685
12299
23549
26595
25880
23150
23032
28149
19170
22327
24977
29959
24556
22350
17589
15026
10959
18915
26795
22738
27258
15756
23590
29522
9191
22667
24350
21805
22130
21050
10678
12109
27647
18893
26771
23372
12027
18174
22846
29199
19838
29592
18550
25404
28911
22762
14782
18405
16771
19739
15258
19861
15135
19134
19450
11379
29703
26278
26458
27488
30757
22524
15708
30868
13194
18062
19202
22167
25053
21354
21790
21767
16322
14340
18153
18903
27661
21908
29943
23963
32573
14300
25823
17177
15519
31560
17955
15353
26711
20094
23458
25886
28881
25033
26922
28004
15611
21240
18306
13332
31757
30523
19108
16432
27142
11851
24820
32241
18467
17567
14998
27695
23159
18968
19114
26982
26529
14058
8003
11578
22760
23524
28528
32590
30437
19127
27299
8600
17407
8113
31478
26332
14581
31371
13550
28421
25463
12130
30354
20081
6982
25820
29773
25450
23775
30327
23940
28249
28067
17613
22497
32159
13674
32563
14855
16798
30459
19458
24851
25401
22531
24929
16907
26322
25774
22379
20978
27978
23992
24440
27109
26468
31954
18377
14564
22690
13028
13219
22277
29141
24237
12312
28293
27167
30601
22342
16948
30526
21658
20431
26582
3948
31347
20657
24276
22513
24432
22234
14849
17480
29855
32507
21453
31946
22486
27464
23989
21281
25595
31809
24645
23961
7160
18420
23869
25140
31909
25636
12393
29677
22045
22462
14797
22106
18742
26457
21898
26644
21057
29547
21454
27615
11467
13578
23185
31775
31104
20625
25053
22913
27102
20220
32175
32559
14179
9167
21824
21062
29285
14184
30126
23201
13669
30812
31957
30777
25620
11984
27283
14707
28396
31657
24591
25210
25532
24288
17920
31407
29103
21401
29974
30877
19700
11897
11709
17956
30024
24218
25575
25981
17018
25785
30473
19066
16162
29423
17953
17493
16085
21893
17827
23284
21221
32673
25402
26263
30985
31075
27595
11427
27363
27921
18524
6668
26961
15653
22615
27597
27075
30349
29685
30523
17512
23116
5492
20616
32632
32741
14859
29670
26012
20300
17690
29946
31795
9305
30936
22824
27367
28992
24119
27049
25083
30095
8121
16775
28861
12896
29764
22480
22393
24618
26288
30990
20215
31513
19929
20622
27568
29813
23925
14369
30116
28301
30887
22218
27183
25544
18962
28086
17021
12821
15631
17348
27344
20284
17449
27997
26879
28696
13042
29982
11083
17969
29346
26256
3310
2939
8695
21910
12330
21705
17303
15963
16440
12826
14931
10387
24934
11343
27024
29059
32392
21280
15132
26213
17424
28235
17448
21674
24489
27957
30966
31113
23488
18360
17476
20397
32023
22505
26388
31888
32310
31370
14772
22449
22292
14452
15943
18640
29058
27656
22219
30708
32301
10286
23623
31816
25440
22977
18245
32141
26409
31306
23275
29469
25875
19012
13386
14644
29240
22033
28065
24845
30834
15703
14893
15729
17139
27745
16598
29638
10805
9876
10632
11418
27260
23268
30122
26812
23677
17672
11375
27470
23050
17564
12265
29576
12427
32762
23311
14746
27193
7292
28411
19443
30193
30790
28559
25676
25590
32725
28329
27171
22923
19052
20545
23440
19978
27874
29380
26585
24008
23452
31635
25634
23160
22382
10975
11647
29632
29922
32042
29879
23173
25953
25014
21584
14284
19674
16990
25405
25135
21368
19365
24399
23034
30042
16058
20321
25860
24469
19025
24935
21889
21711
24704
29296
21021
23721
23435
23573
23051
15355
21796
19230
13984
22505
22764
31183
16231
12359
20773
16719
17224
19444
24570
19565
21621
25844
29654
29571
10291
12783
21316
19203
31472
20107
32082
14836
30757
16035
29808
28580
15522
13375
26721
28601
27669
28364
32129
15915
16951
20082
19811
27002
13921
20974
12978
17798
20283
14270
14364
22684
25695
23576
16474
24455
17120
8995
15480
17815
22513
15778
31754
10946
8745
27736
27442
17961
20426
30788
28763
21969
15089
25975
21943
31449
21247
21009
29216
24162
13607
16856
12375
9927
19761
31045
25086
15877
11061
12784
21553
30059
16787
12029
21915
28328
32488
30108
30102
31257
29695
28663
30442
8082
13249
12740
23337
19439
27397
19246
28393
27549
20455
29367
28499
17722
17513
20181
18679
32403
21071
31560
14450
9581
10384
17915
30519
28367
23335
24976
32345
18173
17143
15239
27526
32461
14659
21169
21609
24169
31576
22881
16267
24522
19493
27386
16764
19169
24303
28558
17846
17477
26469
25357
29085
19569
28064
14842
31912
22301
21294
23647
28066
32142
25599
21217
30726
24570
18483
15670
22513
22804
32039
10741
13888
25013
20575
28530
31135
30512
24116
19249
21115
29882
27289
9957
23688
30224
32730
19495
18591
30588
32291
20993
13818
26164
30052
32311
18384
21927
31620
18741
19251
15805
12471
26198
10364
13698
32100
10683
22092
24391
12679
25657
8492
30973
20314
25703
31537
31903
13006
25800
22788
26120
27571
10844
32232
15494
22233
18707
14242
18490
20049
10967
28666
23341
7600
28165
16936
23180
28121
32686
16439
20300
24035
28116
22704
19398
20130
27636
19622
17087
28563
30140
19522
21513
19350
31773
20480
25439
12859
18557
21155
25820
21469
23107
32445
31511
14557
18248
19761
31977
27282
30095
27545
19573
24281
26380
19351
12285
24040
27210
32698
22687
23104
26782
22377
25608
22070
27235
25634
31924
18642
21533
18259
16994
27664
15395
27586
25287
30774
25774
31626
26777
27095
22618
14527
25640
18683
21501
32081
24392
9384
10353
25569
22203
17624
22294
22802
32277
10684
31835
24711
27315
31442
27164
27248
24817
27179
22300
32622
24071
14209
8030
8194
5441
30192
32439
5291
19897
14407
13064
23567
27733
18384
31303
27759
15085
19308
22214
29564
30112
29306
22619
14366
28369
27031
24409
10672
29589
32179
26840
32397
25630
9863
13222
29280
22770
20146
15800
26873
15549
26878
23277
24102
32326
22018
17908
24029
28429
31703
29531
19314
24718
29627
23547
28206
26936
25001
26829
31696
29070
26204
20735
29026
32372
18704
20287
23563
28152
18565
19320
32518
29978
26335
12797
23772
14128
26598
13727
13422
14463
21203
28796
21015
22118
15212
15348
10895
26725
28382
26383
30459
30905
29448
23480
24119
28201
30436
27019
28740
21347
31233
29679
28586
29706
9173
27134
29001
25770
31744
17729
27075
16790
25876
26549
16985
30227
24128
25661
13945
12999
27240
22870
20107
22067
12395
25047
8280
8918
23498
24218
23860
30146
30130
28885
19492
20746
7152
13561
29095
25458
30887
32145
22418
23537
31233
31488
26440
28092
22769
18431
20231
26822
2
