100
5594
4238
859
31529
30804
4994
2199
6503
2811
11689
29968
3956
12722
27943
12521
11566
9199
30318
11868
15678
24009
261
871
2039
10067
4487
19393
32128
9769
5358
26387
19254
11592
16657
26469
24652
16163
24172
17366
9652
30195
24352
9105
27971
17998
26426
21756
23568
20475
10808
17715
21533
12549
16842
2996
8505
3854
25045
24156
27940
19174
3517
402
16117
4700
13028
2242
2489
17492
19566
31501
3677
23322
29768
12350
5326
20726
1384
31232
16478
13057
13142
27983
874
22070
15083
24621
30265
25292
4184
28566
5416
10692
11883
8629
10756
30910
27406
30808
25784
