100
402
261
4184
2811
3956
859
871
2039
2996
3854
3517
2199
2242
2489
3677
1384
874
5416
4994
4487
5326
5358
4700
4238
25784
10067
11689
19393
32128
9769
29968
26387
19254
11592
16657
26469
24652
16163
24172
17366
9652
30195
24352
9105
27971
17998
26426
21756
23568
20475
10808
17715
21533
12549
16842
5594
8505
12722
25045
24156
27940
19174
27943
12521
16117
11566
13028
9199
30318
17492
19566
31501
11868
23322
29768
12350
15678
20726
24009
31232
16478
13057
13142
27983
31529
22070
15083
24621
30265
25292
6503
28566
30804
10692
11883
8629
10756
30910
27406
30808
