10000
5
17
5
21
31
9
42
36
26
65
47
10
36
81
51
45
87
82
33
177
212
126
66
49
159
59
68
91
135
60
54
77
89
173
327
106
219
118
298
217
375
272
288
297
129
92
314
214
670
203
357
517
119
147
391
111
256
174
176
198
261
417
117
600
151
397
246
318
331
349
998
118
249
333
237
345
143
546
661
355
435
510
598
374
612
604
891
598
604
362
332
308
785
828
326
424
434
703
951
336
482
547
490
828
528
208
145
653
511
394
507
423
191
785
462
233
944
234
629
218
493
340
489
448
485
229
447
606
863
238
276
662
537
503
311
336
1081
355
467
471
497
1006
1229
131
293
289
738
567
946
863
283
429
695
155
364
1013
602
849
1588
1122
968
929
715
670
904
1601
1438
700
1065
993
1139
1074
1248
2056
1281
903
598
702
1511
1537
834
1283
362
754
907
1294
1023
911
1497
2430
330
1117
874
955
438
732
758
1604
1563
400
498
700
487
856
1782
553
1026
3385
998
541
1043
420
1157
325
1483
839
1588
811
636
518
819
510
612
1450
2013
237
766
1064
905
1847
927
840
278
1887
1963
2074
350
1059
875
559
2269
758
1364
549
923
993
699
748
649
722
566
629
240
1088
610
665
1109
1147
2736
420
246
315
505
690
1116
1366
569
1244
800
681
1635
463
2883
1947
1198
704
575
743
718
799
1347
531
875
3495
1418
1774
1306
1060
362
827
784
651
333
2496
908
1060
617
1031
999
1616
1364
905
746
440
807
1241
745
345
490
705
729
1284
2043
638
1727
2914
1662
2778
1940
2308
2152
1639
1845
1666
2336
1065
1916
1263
773
1256
3288
2013
1774
2200
1745
1102
2759
1133
1689
2161
1273
1540
1535
1229
1079
1261
2512
2491
2176
2723
1979
1464
1038
2590
720
1372
2215
4213
3947
1753
2190
6236
3121
1369
1680
5127
2577
1048
1708
4436
1404
1332
2301
1215
1242
1611
1584
1529
1708
2650
3513
1295
1317
1126
1472
2298
1201
2444
1407
3527
1665
1245
934
982
1097
3915
1620
2483
4216
2283
548
3551
2067
2040
1775
1599
2286
4091
890
4382
2974
3110
3105
1478
1279
3996
3696
1711
1005
641
1497
1690
1931
4992
1395
1826
1409
2156
510
3136
2574
2225
1304
1811
2023
983
1967
1374
4271
866
615
2584
1066
2095
2352
1184
1850
5293
1840
2774
2417
936
519
897
1173
3390
1456
969
951
3373
1919
3758
1322
1061
1660
617
614
2278
2877
2096
2289
2466
3033
1415
759
1438
2152
1108
2121
655
670
2274
3681
763
1258
1423
2408
831
1929
939
951
1675
4417
890
850
1412
1642
2103
863
727
4058
760
1412
1021
1599
2241
2292
1632
1772
1232
1616
1907
3379
4882
1231
1147
3476
3470
3647
935
454
912
500
4081
448
2786
1025
2737
1235
2616
1778
1577
2846
2631
631
2692
1392
4006
821
1054
3543
1998
2244
524
3173
4043
4315
2098
4330
1277
3547
1970
975
858
1593
3439
965
3796
1133
1754
1463
1612
2021
570
912
1346
2044
4201
3507
2250
2568
3566
5125
1831
2644
1783
1731
1113
854
4008
1068
2382
5231
696
938
726
732
2689
2502
1338
1021
2385
1274
933
2020
1310
2049
2258
1498
3305
3826
1960
1802
920
946
870
1011
1734
1620
1581
1213
1642
1831
859
759
2560
1397
509
692
1198
1308
905
1000
2336
4335
7601
5358
2021
8981
4417
4180
3483
4597
1703
3325
3791
4215
4308
2957
4699
4003
3103
4592
4823
2995
2518
4997
4415
4898
3368
2778
4502
1909
5900
10027
2024
2278
2489
2101
2327
2921
7273
4478
4621
2248
1965
4418
3633
8174
4211
6029
4000
2259
3751
8233
4242
1450
3862
3606
3127
6831
3445
1345
11107
3350
3140
2425
4431
1723
1082
2477
1559
2000
3258
5612
4029
2542
4021
2441
3497
5095
5672
3907
4947
1942
2698
1046
6065
3422
2603
2137
1843
4047
7396
3688
6418
9332
4708
8993
3734
2886
6083
2232
6393
9716
4894
8819
6004
3106
2288
6626
11856
11442
5087
3929
2866
2568
3002
5814
7618
4743
1840
4392
7974
6294
7321
10529
3297
8221
7898
1346
1818
2963
3008
5152
2638
6244
3313
1797
4583
3209
3607
4150
2060
8115
4876
5832
5275
1722
3785
2700
6272
3479
3374
1810
6228
5144
2690
3356
4699
7516
2295
1709
3110
4101
5560
5620
5182
1400
2363
1968
6134
5004
7909
2615
3175
4021
7478
6720
4179
3498
2319
4288
9355
3979
2070
3852
3154
2692
3282
3503
1623
6162
5615
3758
4318
6306
5878
3159
6215
7352
3893
3537
6450
4129
4752
3756
7160
2252
2452
2604
7723
8733
4660
3794
3080
2525
2066
1787
3564
2019
3002
3947
3108
2689
2676
2147
7342
5405
2933
1599
3440
2068
1453
5992
3145
9694
2535
2969
4419
17593
3107
2815
3838
2556
12676
1395
7454
5075
2614
2199
4165
2083
3346
5873
5133
2639
5379
4281
2259
7660
9800
2004
2704
4330
1199
2501
10846
2776
3798
3024
2543
1751
3695
1985
9247
5341
2253
3337
3801
8258
2554
3208
1277
10677
1805
1570
3115
2521
3316
3512
3515
8461
2846
3844
1944
3451
5035
7994
4260
3632
1958
2784
4238
6080
2360
3949
1852
1557
2386
5288
2534
667
975
1108
5582
6029
5330
6249
2208
4280
4836
2680
5313
5164
9664
4805
3092
3786
6215
2398
7436
1596
3281
3531
2140
3234
2159
5440
2838
3072
1913
772
2308
4464
3866
10766
957
2867
6252
3853
1697
7670
7381
3029
2429
873
2805
6079
2889
1884
4719
1911
1937
5039
4546
8518
4886
4252
3206
1007
4831
1970
2725
6021
5308
2793
3631
3705
1165
2894
8349
6774
5525
1824
2863
2739
2340
5705
2084
5411
4241
10935
3142
3182
4491
10305
4548
2542
3106
4624
3030
2972
3332
4545
4126
4175
5029
4975
4307
2800
2822
3595
5242
10140
6209
4451
3919
5329
1574
5244
889
773
5090
1129
1897
984
6533
4626
1661
3289
3254
3400
4092
1138
5074
5422
2478
1472
5111
4402
7259
2403
3960
2455
5143
3282
6417
3092
2575
1026
3310
4850
2308
1395
7684
6596
1698
2160
5531
2298
4421
7702
2159
2391
4858
2590
1232
1587
8609
5285
4263
5128
4947
4384
6304
4896
4973
5537
1602
1383
10723
8075
4135
1980
1898
2825
5985
7418
3457
3605
5197
3493
6822
1947
5288
4040
1977
4897
1852
4100
1675
2002
2114
2137
2282
3184
988
4440
2342
958
4954
1426
5177
6425
9527
5386
4611
5210
2455
4046
6274
3599
5877
5021
5408
9649
7275
4269
4562
2984
1956
4608
2199
3006
1289
1799
1233
7271
6551
8288
3880
3766
2782
4096
6295
5574
2921
1048
1729
6743
1737
1789
3491
1494
3190
3670
4162
4119
1725
1427
1440
1075
4774
4122
1279
4351
4230
2087
2351
2475
1843
2401
3463
3836
2817
5618
2996
3490
3650
3717
3913
9627
6041
6320
2331
2833
1364
7592
1408
2280
2449
1398
4227
1385
2551
2537
1693
6150
3442
2749
4685
1579
4538
2184
2842
4061
970
956
1932
3956
2884
12640
4057
2856
1652
2623
4888
1265
2373
2039
4612
3593
2384
2477
2978
1116
3132
2582
5632
8786
9161
8756
16554
5453
7328
9942
9698
11299
6323
8696
7196
8264
4711
3799
6847
6930
3721
4875
10551
6204
7977
4581
13538
6386
5295
9235
9000
8494
7144
8226
10250
9849
4228
5298
7429
8642
11135
6029
8983
9854
7825
4321
6924
5006
7891
5853
5807
7094
6623
7974
8909
10653
6740
9622
2624
2533
10343
5999
13649
15569
4192
9444
9422
4161
3785
9776
15507
4272
6385
3320
7835
12102
16232
8329
8301
4699
16681
6575
8094
12057
1978
5878
4451
5391
3909
6952
10365
9293
10447
7010
7839
7472
9765
4480
5610
5708
7026
3815
10659
9698
6981
15500
4487
4300
4064
3975
8656
5033
4587
3968
7414
14279
3882
9147
2110
2282
12503
11407
3523
5517
6778
6896
4392
2993
6728
5795
1768
5572
1342
6224
3807
10448
4700
9669
5436
5586
12284
4531
6772
8764
8268
5653
10387
3212
4051
8940
2682
5697
11902
7156
6692
15648
9880
7173
4573
7883
6231
7633
8217
10629
3639
8553
4299
2966
6802
8214
4377
7559
8176
4612
3313
3082
4082
2692
5599
6540
8717
10396
9154
10611
7354
10935
9628
10353
7485
5332
15326
10675
4918
8622
6844
4164
6608
6819
5478
7185
11002
8194
11597
10561
11664
10993
11991
9901
6824
6005
7982
10187
9196
3401
9006
6916
12030
12587
16155
11475
7249
6196
10050
5222
9446
7745
6572
4659
6624
5260
7773
9262
7661
14140
5732
7350
2520
6857
6000
5682
11457
19228
9536
6687
7430
8930
10603
12337
9428
3940
10021
15638
9010
10593
6881
4095
3030
1987
5547
4023
4719
3920
11316
5932
5583
5333
8901
11024
6836
11619
4883
2028
8817
5736
6487
8201
7943
6905
15980
4886
2421
7425
9664
10723
9100
7134
5935
9320
6729
12105
9103
2948
7759
16747
2900
9798
10595
6475
7348
8061
6856
5902
8845
2467
6970
7945
10069
5806
7014
11128
5845
6571
6755
5425
8939
7541
5174
2662
3332
2294
9018
5518
6394
4578
8259
7127
6350
11192
6335
5188
7349
1432
3058
8820
3211
2855
7039
7432
6821
6780
10080
11376
3530
4077
3375
3485
18207
7561
9349
11399
9041
8528
11485
7732
9180
4581
7107
2965
5158
5125
15578
11786
6834
5248
2461
7571
3931
3890
8586
6999
9196
4942
3778
5464
5544
4985
3304
14760
19164
23038
6132
6321
8696
9254
14174
4362
6583
8030
16484
15050
7753
10259
7607
10389
8108
11023
5106
10005
3549
6805
15973
14585
5769
5758
11124
13027
3758
3771
9679
8340
6707
3077
2648
3623
4841
4637
8974
8415
12398
10251
5215
8274
8785
6010
12929
9468
6251
2746
4661
3708
7366
3596
4591
3783
4692
2180
3855
8658
8173
11547
5401
10205
5984
4448
3014
5119
4173
6332
10095
7401
8071
12026
12414
4177
3602
2569
7415
6759
2676
2757
10223
6318
8145
10586
4008
17530
10759
13055
4393
3046
3961
5147
5899
13423
18379
18009
4536
14873
6671
9143
4361
4315
5321
5188
13335
16522
6519
2803
8833
9522
17952
5122
6954
8557
5477
2477
4975
9259
2585
2125
7098
9982
10130
6511
6640
7535
4880
4586
11434
6527
9625
4704
3929
12020
7786
8416
10837
13791
2333
8082
3778
14392
8554
8271
2679
1901
5901
5288
11988
12611
3513
5240
4113
9576
8352
6909
5331
5479
1787
2609
4766
9239
3682
5250
13131
10605
15188
6310
9002
8740
8033
5849
9362
13236
12297
13576
3989
7127
8806
7835
5340
1752
10976
16612
2585
4050
1577
2717
5690
8902
5817
6794
5843
6488
5300
8554
5681
5654
11221
9795
9797
4045
4858
13727
8302
11072
9488
6605
9197
5515
14706
10730
5456
6697
4324
12262
5795
7186
6322
8607
5225
6595
6431
8073
2477
9113
8659
5240
17550
7006
8762
2122
4334
11963
6907
6609
2704
3154
6816
1929
2019
1625
14580
3220
12560
6609
13991
6354
5652
5998
14214
12312
2408
13343
4501
5658
11644
10166
5425
4441
8544
11062
13400
13189
10395
15728
6251
12309
13391
11491
11457
6194
6299
7638
5875
9980
7686
11458
3951
2145
16380
5014
9476
8503
5172
4483
4404
9672
4152
20804
14820
9707
3984
9713
4559
6249
7052
5334
8184
4269
6731
7631
5629
5873
4747
4485
14296
11242
1659
3438
5117
14109
16619
6475
4103
16051
8810
7169
8584
11008
13962
14396
11252
4218
18563
3844
2321
7692
3305
4435
9759
10009
7642
6447
2873
3985
5025
8285
3313
2075
3861
2781
7790
8306
4620
10163
11823
9618
5929
18761
6490
4386
11249
3381
4458
4158
4946
7380
3666
5974
6165
4013
15948
6726
11906
6704
4290
3416
7744
7805
4432
8323
2651
4781
6091
4858
10163
11253
7359
15665
7858
7294
5392
7260
3050
5847
4934
6242
12375
2812
8269
8362
3628
9795
9001
22008
12534
10463
14701
12846
4083
4250
6306
5811
6792
6015
14319
14040
5002
5380
4260
3705
9191
6958
5474
5120
4192
7186
4606
7341
3592
5114
7530
7604
12174
6527
9889
15236
5224
5432
7469
10168
5567
8253
4540
3567
3649
4425
5994
9905
7672
8035
11760
14361
8190
7545
13861
9214
9643
7427
10141
16241
3028
2179
16448
9191
8759
7016
1698
3856
5636
5361
1453
2335
4729
2542
6969
1424
14749
6560
9723
7189
10238
9256
8227
3618
3785
4162
5091
12401
8499
6836
2045
7099
8058
9891
5871
10685
9295
15455
6101
2491
11143
9341
9474
13785
10807
7843
3603
14710
4175
5172
3697
6452
7760
10436
6089
13374
14585
12794
3463
6071
5368
2828
4222
5001
5543
3858
10020
5250
2902
3355
1966
2294
18438
11306
11370
9280
4549
6758
6458
7095
10507
7061
4903
4410
5680
4975
11331
13466
9246
4628
3128
8724
13555
9015
2668
6546
5878
3651
5772
6797
16304
11256
7432
7378
7485
5451
13558
8282
9394
5914
7650
7560
8776
13628
7422
12316
6124
7271
10917
8649
2535
7273
2051
3026
11577
11807
10883
9517
10073
5232
3295
3501
5191
8084
6062
8406
10941
8652
9875
8628
10831
4637
4619
9767
8501
12239
4441
14215
8605
7668
3639
3355
7256
5892
16735
8758
8686
6139
11267
10203
6627
4760
10657
7776
8373
2943
7019
7115
14072
7150
6275
4163
12975
2744
6738
3601
15103
15062
9489
5594
4205
2960
6165
999
6994
5291
2241
9863
5795
5204
7678
11852
10534
11319
15390
5425
10123
6926
11523
6395
7392
3201
6928
10672
7984
6295
4044
8453
9191
7321
13272
8018
7488
7998
11777
11134
10670
8286
8169
7014
6995
13842
5334
11927
3532
2641
5256
5350
4378
2903
4910
9890
1614
13882
4145
4327
2752
4877
8131
7579
9866
10016
9075
11496
4750
7673
8232
8826
3960
4490
8561
12522
9852
9734
7126
8264
6235
3962
3931
6198
7875
2738
12952
12581
8038
4574
5424
5397
6050
4892
2449
4488
6867
6974
3719
15046
8183
7298
4458
6540
5730
4525
1862
6088
5707
3264
4125
4413
7070
13081
4142
10282
5373
1591
12752
4864
11831
10336
10934
2949
6623
12318
9563
2938
9188
2348
2728
5430
12058
8248
7337
11725
3003
3253
6593
13298
5856
3420
12850
4197
3707
4659
12999
7436
4287
7266
12617
9850
9919
7653
6895
6483
4700
2665
7251
6873
2337
3354
9921
10775
4969
2766
6856
3634
3822
6620
1400
2021
5184
7623
1782
3500
3587
6492
3034
5293
4679
16107
6646
6873
5530
4432
11910
6221
8955
21599
3212
1868
7515
6134
7694
4853
4285
9116
4827
12393
5975
5958
13555
3752
6122
3271
5889
6569
6753
3272
14123
14076
4281
4487
4312
3116
2486
3352
12210
5041
7548
7072
1419
3286
3014
4065
5742
3042
7115
7123
4553
8369
3572
4096
4914
5835
7033
22892
4029
5763
4996
6325
9307
5744
7431
12238
10340
11805
10046
13964
9786
19863
19479
19882
14555
6825
9116
16771
16137
11948
16534
25951
17765
20471
9661
8355
9564
10899
10736
9762
10843
15189
13773
8357
27076
15847
18563
14784
12099
16144
18125
11953
12760
19344
15881
15263
9656
7675
9849
9604
5077
5011
14678
14823
9618
7315
7726
8754
11533
19632
9731
14382
14195
17485
17409
18195
9753
16473
11970
17046
13234
14186
8849
14028
18190
28145
18952
10048
15655
15910
12653
23923
13137
24615
14012
13109
18234
16579
12022
9104
9388
10070
14590
15932
7032
7272
16037
18072
7766
13168
8057
7375
7755
8546
16074
8964
11792
9099
18156
13592
23649
13115
24173
14381
10055
11941
6219
3722
3921
18279
10345
15092
17787
9934
18038
21226
20056
29244
7431
11423
17103
15288
16294
10252
15209
5170
4988
7061
13631
12597
16168
25735
27586
9210
17866
18710
17876
3608
8842
8276
23964
14021
21547
19079
19513
16357
23046
12137
14697
22814
24438
17302
11590
7239
15985
8444
16715
19332
2274
9656
13301
20082
10742
14416
17404
25375
16029
14475
13909
20356
12870
12013
13296
13899
18673
12101
8264
7110
7949
19191
11232
12022
10184
13882
10293
7221
6058
8601
9300
19815
11713
12489
12316
7570
24191
16683
10497
13778
14731
25622
21869
22131
11101
11200
6276
7008
12456
4799
12511
7089
24023
16974
9636
8203
6278
10256
14335
10187
11592
12334
22682
16064
6515
16896
18892
19303
2443
3278
19561
8761
19050
23827
28671
18865
7794
16724
6854
7402
9237
7143
23355
20665
12360
12729
25689
10332
19073
17262
8927
9533
14250
2061
22223
23893
9402
13553
8376
12722
15385
13967
14641
20276
12585
26157
10026
9899
7694
19306
10504
15791
12290
12740
15518
5776
7688
7694
13708
9799
8755
11863
10876
11471
14290
12771
28784
10314
15860
13125
12614
17112
16600
3961
7601
10577
18800
12599
16043
11219
25905
10177
18718
25015
21808
12100
12871
13222
9167
15340
22227
12244
18237
17428
17349
14575
14074
17910
12202
16755
10992
5411
10938
15543
8098
9274
5290
6471
10253
14454
16542
16290
11612
7456
11922
15141
13354
15836
17974
14582
13349
4504
5508
5353
12551
8990
5665
17115
9350
11818
9514
10560
16191
19347
15137
12892
12181
10099
18750
18059
8854
8123
17674
20450
10056
14093
17393
17547
20155
13467
12624
7836
20625
16792
11908
20586
11927
20592
9789
10098
11346
16758
9930
4463
7357
14367
14524
7312
6013
10211
8890
20821
13490
13362
12871
19594
19078
17398
16076
10688
16927
17982
11870
14791
13836
12012
13381
16655
13452
14530
12549
8968
26402
11119
14077
16714
9687
16297
14794
3906
9456
16151
16015
14729
18566
16118
16673
13661
21525
26327
23836
13976
7827
10623
6936
8734
23582
15031
28874
13414
21201
13434
20019
11692
15997
9472
11854
14747
9570
12068
9320
13017
9120
14026
10826
12115
10515
9788
16957
16400
16774
16790
18274
20669
11826
8769
9732
16146
17328
11050
13545
29733
15897
15980
24173
21000
10753
10810
12040
8056
17753
14191
11860
21085
18208
16146
12889
14860
12566
11325
8458
15029
10827
11546
22328
20119
9785
17806
13578
15188
8600
14050
19905
7825
8916
7167
5103
21243
17241
7784
7195
14058
10658
8524
20602
6210
13948
12728
6219
11784
7622
18955
12458
25331
17338
22132
19686
13132
18450
13979
12142
14011
5193
25373
14622
12514
21039
13078
9451
5996
7061
7370
8493
16052
9671
23165
9017
8112
24821
16497
22843
9653
5908
2574
14303
19853
23638
12710
17545
16815
11288
12962
17744
11328
13132
6497
12237
19465
17198
7457
20571
17930
15477
15772
16092
5026
7871
10921
17752
23292
5776
24904
14924
11861
11355
23698
7061
6600
8676
15428
20375
18103
16937
14031
16336
14548
13596
9076
17246
10606
10788
7006
9414
17030
21200
10211
22136
7190
11332
8509
15135
17843
11846
15935
9679
15492
7809
12073
20493
9775
15264
16675
10111
18405
5397
11895
27875
7429
3790
7188
4060
17939
13370
10448
16173
8388
12545
6702
8661
6314
14869
15674
16761
13513
6672
16868
18359
20159
14077
13912
10953
7275
10525
9268
16757
13996
3976
8557
10506
15322
9538
9027
14985
8588
13642
7982
7655
10718
8077
16506
16692
7358
13644
12249
15111
19881
12498
15916
10325
5471
18324
5827
5152
16710
22687
24252
7930
10856
10437
12835
15001
19895
10265
20210
10405
17517
13328
20709
13629
14061
12161
16598
9119
26398
10350
18909
8247
13403
20099
8973
8735
10796
18929
16461
14662
16102
8267
9280
5412
13214
5086
9895
19836
20324
26006
10451
22113
19943
13633
9465
13912
11098
15568
12372
7149
7095
4988
11476
10214
12677
8493
7414
6382
6923
9267
17803
27991
19296
21400
19782
24086
26171
7816
9421
17939
8512
11087
12028
15839
11118
22472
24981
16951
19482
17027
8503
15613
11636
19107
19100
17564
22221
12314
12724
20923
13328
16365
13881
22360
16310
12775
14832
15032
13921
8389
10859
11748
11064
5798
18179
15372
14330
17630
29857
16813
16590
8680
8441
10554
17004
13894
11183
13969
17147
11089
5847
9450
14480
10017
22816
9947
10076
13519
7131
5207
12567
8050
3025
16213
16126
19664
20665
11360
5473
9980
16333
16250
17652
15829
21731
19523
28254
19491
9248
9115
9269
19187
17977
10682
17922
21686
16077
19190
12420
18852
9578
6079
18208
13011
7019
21242
10083
8485
14131
6754
10743
13476
26533
16424
5986
10511
8702
20129
7424
7371
5535
16698
21604
15501
8747
15476
16201
11417
7030
18095
16907
11492
10806
11286
7219
13289
4613
17384
14957
12498
6853
14551
10307
23310
10130
7444
17055
15462
14875
12834
26894
14979
19053
4601
15765
12418
7117
3215
7225
15712
15391
24986
13939
4046
7052
10304
3661
25936
13598
12403
15777
16766
14737
15495
13429
19483
15031
25105
24927
13342
15998
16590
18386
6150
17732
11569
8082
22184
9497
8540
6891
10252
12020
18500
19203
23524
23918
23112
20593
12632
4613
26182
24066
16809
12022
11374
13507
4614
6090
6427
10351
7445
15037
10469
9716
21262
18703
21467
17709
12392
13636
23885
3807
10074
13198
11152
12620
22945
21617
5229
21644
10202
13096
15592
20214
16146
6860
14406
29629
20737
11925
9893
9596
4692
17109
13290
19938
21337
16066
25503
24352
13764
13773
17661
9099
14196
14142
22234
8022
14562
8949
14757
6836
12150
11579
6711
6949
14836
20063
5760
5531
9823
8444
13860
12430
10718
18126
13911
8522
26199
15879
21258
21676
6799
21287
9678
20099
15478
7351
19192
15691
12573
13187
9720
9954
5026
3862
4917
17923
6074
14455
5796
26321
12452
12681
14909
18175
16641
11366
11123
12010
17569
14121
10803
19728
10921
29059
22511
16045
11273
13895
8920
17979
13594
3398
15653
10629
4795
8610
17427
12912
5942
6736
13674
14542
16395
17781
12319
15533
24176
18060
9332
11737
11227
13625
11250
9147
16553
14642
11744
6248
24271
10805
13985
27815
13621
16629
14739
20857
9937
4048
8500
9916
18555
10087
11511
17036
6069
5931
7875
7969
22062
12845
16739
19637
3397
5881
9190
7359
17292
9033
4555
6097
6578
13918
21773
15677
9782
12205
18959
7677
7703
7176
8577
17808
13877
5304
15100
19350
13917
9745
7529
11035
15273
11877
13171
16185
14382
18658
18554
12074
15935
16228
19208
14787
14088
16208
21588
17073
12560
15174
10720
16497
12008
11179
8544
15167
24645
16825
18453
11624
6972
8604
19404
6868
15631
8555
15131
16850
14562
8470
22571
25633
8631
6868
13377
9018
14990
18598
14448
8488
23179
11957
8350
9981
14105
6668
9433
9557
19202
19600
6377
7034
18322
19471
11789
10281
14405
14008
10934
9048
9501
9075
18104
12116
12935
13580
26110
18225
4498
8696
6961
20097
26624
9040
5691
3695
14768
18107
2210
2442
19167
16092
8653
27310
16060
12865
7260
9873
14627
23176
19486
8268
13683
7603
21388
21558
18028
19523
17666
23033
11011
10050
14559
19817
8878
17934
12204
28335
13828
24246
11160
13604
10969
15026
4658
16513
9450
13557
25313
11308
22342
24818
14556
16029
11401
17111
17395
18546
27174
12278
16348
17660
14259
14724
16993
28109
12116
22837
10206
8449
18210
7795
19359
16886
15037
12244
21404
17008
12813
8417
20972
21656
4827
10685
6925
3609
22942
20599
5938
17280
17579
25399
19070
18301
6206
16895
7209
4957
19302
10376
13163
16106
20886
9368
28743
21727
19267
19025
17163
11404
11224
13158
14157
20024
17071
4817
18762
23878
11121
22328
16062
13637
20188
23709
6111
4469
7496
17652
13663
23163
22053
7023
11159
13599
17285
10219
7230
5030
19687
19541
20752
12053
10417
3837
4286
4181
24407
6361
17677
16722
21814
20495
9840
12716
6704
17323
24659
26859
10402
19617
16808
9638
17976
22044
20644
16550
17941
18226
16292
21565
11816
17152
6136
12143
29916
22482
5774
15067
16268
17811
13098
28251
9100
18260
5098
18797
15288
19845
16279
10077
10132
17101
13484
14592
3298
13486
6173
7141
7636
9825
9442
25845
17461
22477
27378
8713
31027
12882
11590
3846
14814
11354
13007
20669
17490
14220
12549
11129
21039
14171
9893
10595
11106
22831
19622
19301
12687
25277
15731
23282
20609
16761
5563
12826
25370
8607
11419
15128
6410
12451
7465
7953
13018
4061
31115
8915
9324
16630
8444
12225
24743
20465
8139
15696
18004
17070
15703
17727
11185
21579
4575
6559
10842
15835
12310
16841
11353
5434
13576
11473
3183
4861
10357
13228
13029
17801
5573
7343
19356
12116
13191
15558
15514
19082
17658
17574
25671
22044
8059
8021
6376
11291
17661
13993
11321
7430
14000
7897
18323
9616
13687
15030
18512
24192
15428
13658
8454
13126
17543
8989
4625
9307
11754
13281
18953
12995
22568
23418
14325
18353
24932
15236
16983
21768
16381
16670
11890
13115
4851
14826
9600
15234
17869
10255
7262
13495
13706
23881
21574
15205
15101
16341
10489
16588
15809
8379
11161
10581
21877
9811
12706
12498
17616
9005
8683
7257
17671
10335
7000
5304
13231
13087
10228
5986
10103
15923
10312
18434
6094
15248
13390
12211
7629
12480
16742
16745
8918
13313
15409
24153
16857
15871
5646
23462
8654
12290
7955
12458
14216
16214
7609
10519
10551
14826
7456
27582
4824
4682
26502
3888
5884
9693
20519
14044
21486
11668
14583
9984
9773
11406
13074
11790
16129
18705
14211
12186
12984
11941
20344
18689
17374
18982
11332
14976
9982
14585
11216
15084
16366
19288
4126
18802
11349
16863
18108
20183
10690
13168
12228
17073
19630
10703
10573
4263
9784
6246
9647
6542
24263
6494
4433
5716
20283
8362
7560
9356
4492
13899
22987
9449
1931
1543
19816
22474
18688
14758
16140
12324
14613
12586
12971
22694
14119
16022
24425
20108
6448
10426
8453
20514
14175
19698
16426
11303
14769
13194
17695
24715
13989
11111
5557
5539
14190
19919
18061
8577
11281
12125
12186
6341
21484
10828
10155
18828
20962
17955
18728
12011
4301
3997
14508
11883
14710
12200
11135
20293
17685
17993
11853
11840
9348
12672
13274
6214
24791
15384
14219
5379
12806
9180
12405
7841
16705
12331
11589
13767
12837
12704
11534
7166
15961
14369
16008
21831
16944
17530
5027
19638
17309
21409
11893
8778
8827
22174
5263
9864
9551
6227
13181
9377
15460
4891
14338
16366
24841
8554
10628
7586
5334
9500
2368
2897
5835
9001
19930
28216
12978
17670
11995
14779
10686
12986
6661
8235
8198
9600
12539
21379
10493
24220
13411
12548
7670
16779
5331
17725
6935
16508
15786
19283
7648
6806
12490
25557
24790
18479
19055
14891
10427
13943
15642
5546
14706
10045
14947
18671
21610
22537
13422
21211
20063
18774
15931
18068
16115
19993
23312
5924
11223
24135
21042
22985
24506
15378
16350
7471
7574
21770
14579
10106
12929
10529
17275
16226
14664
11357
13170
15118
9986
8776
13285
9970
18900
9283
13158
10902
24524
17519
11026
10000
20654
12561
10701
9427
16379
15506
11438
12826
11768
23082
3150
11758
18455
12498
12542
2666
3366
21593
15200
14174
20830
18374
12714
16349
13677
9819
11191
19348
6427
7438
5931
15313
24435
7351
17483
24059
25862
11879
6315
6292
17254
10048
22701
20790
12239
13491
21172
14947
22788
12353
17040
11498
8954
6025
11403
15299
16305
12183
10888
12467
13439
19957
8722
10702
16234
17899
11449
21603
13987
10441
6599
25130
8284
8539
21075
11408
6942
9679
29494
20067
24758
11308
8965
13672
6256
12460
16213
20051
18440
13202
21771
6739
12060
13970
10914
11085
12551
15282
19930
9555
11322
13872
28144
15836
7520
18125
21652
18566
10546
11375
8109
10434
13837
14438
22038
18659
12461
9885
12054
28113
19212
5737
17508
25502
23394
20980
14479
12592
12141
18400
20980
5724
5310
4954
9878
6346
24336
4067
21685
24807
12304
8684
16429
20634
12289
9933
26087
6509
8586
10947
8219
10440
13476
16468
12027
21669
15865
18553
17897
20256
6585
19609
11430
21986
17491
17434
15367
15604
19604
8101
23230
10700
4122
14021
19108
23057
14847
15687
8282
11287
7976
7270
6407
13923
11861
13317
22520
10151
19879
12003
18421
17491
22925
8925
7915
13356
13543
12175
24910
16696
14988
22384
24929
17062
22325
11004
10208
10227
15809
15506
17510
13989
21024
15402
17551
16246
21334
16968
3637
4418
18622
16095
16506
16287
10795
13912
23893
4762
12821
11417
16952
5913
20013
17877
3981
6955
16035
14518
13715
10321
8799
7686
3078
6485
14012
9651
13560
8714
13269
16969
23831
20899
14682
12299
10522
14372
21698
16052
8754
5389
8351
14425
28339
10422
9995
13800
5648
18115
5177
10946
18130
9665
18669
19214
17318
14173
16619
22545
17751
9137
17481
11812
17426
7682
15646
16234
15057
10439
11980
11072
21564
19304
19368
9154
20407
20657
16153
20620
18112
8457
7755
6219
14759
10637
17891
9763
17999
9705
8877
17430
5894
3274
10647
10765
14454
17886
22574
12004
7685
4209
22590
23356
12632
11691
12797
17844
19138
5558
8847
19837
10389
21832
11648
16815
2608
8451
7453
9559
5728
8225
10499
13291
5956
17113
24231
4424
7981
10544
23002
13266
11592
13568
24087
21443
21117
10288
14128
13590
19303
15256
20477
12185
15154
16466
19294
19150
16803
11202
3648
11632
7173
11707
18988
20918
17407
14363
6568
17178
19952
11580
8759
6434
6561
9439
25006
10777
14605
17717
23961
13780
7779
18279
16291
19210
13055
19940
3776
7410
7472
14641
13788
16047
13169
14709
15464
8790
13361
12938
14559
8236
5992
9805
19958
9775
19873
16426
10703
9530
7173
13544
17360
10460
26527
16515
10592
11133
10881
13489
13475
18608
9471
12301
8731
6920
6978
25808
6158
7835
18602
12221
18334
10681
6321
3280
3419
8680
16483
15039
14759
15532
10172
19989
18290
7432
10745
14928
23464
8582
15461
9241
12321
14033
5381
8572
15839
15772
17689
7255
11546
19431
9605
4136
19405
4314
8017
16784
12686
19848
5841
12889
6686
17533
17812
6574
25378
29315
11853
16092
8836
16158
7422
6705
8113
15940
18556
20816
10021
27595
9994
14191
22544
24718
10691
22858
6947
2433
14024
7755
14329
11846
17233
11280
24049
10279
13078
5034
17118
22265
9108
10984
17287
12721
19798
15874
20582
18608
14435
25821
4012
6486
13720
7264
11546
3984
24252
12146
8367
10497
6868
7720
13122
7754
25023
17186
17204
16298
9927
22694
18813
11622
9246
8454
5493
13540
13601
3841
6493
11364
17865
17931
6116
9943
10780
20641
8822
9419
1454
3158
9175
20520
23090
10134
17543
12092
6095
15754
10861
9163
10331
12447
12300
9601
16368
8827
15736
17939
7550
10806
5324
11498
6207
8679
8163
6005
10793
12080
24265
25036
8155
13771
7368
6354
16308
10744
17412
12663
15053
14290
16903
10302
9240
32161
25845
27542
18406
31766
19734
28260
20842
28992
14098
32764
22776
21546
20081
29056
24705
22554
27521
29395
18950
17561
15707
13139
19276
17250
28068
18912
24517
21745
12138
21514
26425
21732
27718
29579
27060
19145
21017
22589
19394
16935
26154
22132
23250
20536
27176
22277
29304
22177
17225
29987
24454
28800
17790
17836
31172
32071
22425
9933
29219
32722
23564
28438
27977
30368
27801
24574
18646
23193
28058
18447
24921
29859
31582
19237
21236
13782
30088
21670
20104
23385
29399
17568
32274
27578
31419
12235
17733
28514
25652
28898
22087
11417
20567
26762
24632
29516
32300
17446
15298
10797
25341
7399
30113
10710
25580
13064
26507
22190
24895
22620
9889
17873
28457
26758
15857
31065
21399
22335
24165
23946
19927
31980
29531
12013
25061
22439
19278
27926
20895
24935
29009
16431
14284
14280
13347
15998
21596
14490
23184
30682
28374
30468
31665
26414
27807
17199
28269
27621
22558
22319
28220
14097
29228
29324
13798
24182
25022
26742
20947
25899
21114
16675
31484
31216
32167
27761
32173
28609
13623
18944
9751
20594
29432
11083
21059
19167
28866
26727
9144
18437
30159
17359
30217
28897
20143
18956
21957
9524
24691
31472
32186
32722
8262
26247
22330
25625
25739
19537
17239
30082
20727
10726
23680
27317
10086
19409
24017
29503
17577
31694
27124
25720
23597
13840
32290
30266
23016
23082
11725
14282
17592
17643
23672
31199
16939
10697
30770
15061
23168
27898
27725
28863
28235
24221
19638
19908
16809
31265
32113
20333
26111
23665
22106
31648
32011
30238
27843
10457
15967
19614
28916
29182
21698
32512
32461
27534
20698
27673
25005
30043
16783
13511
20370
12653
14317
31373
24449
26499
18343
14927
32206
28331
26755
29464
28758
31850
20186
11744
29243
26972
23197
20051
31380
21126
16758
22498
18321
16585
10977
31302
27506
32657
28607
25836
32746
26127
25448
29726
20904
24633
18309
27883
24124
29657
20134
13177
16666
22280
32071
23412
31490
30439
25831
20059
12661
17150
29437
31513
18180
31463
27511
15276
19098
31208
29166
20189
21042
31271
12879
29094
15502
18948
23596
21840
12581
15024
25374
19629
20325
30472
29720
30501
27488
22121
18105
31009
20575
21972
24915
29421
19152
25159
22258
32393
25342
27286
15779
27811
30263
21563
30832
19907
27438
20019
14113
25819
21714
24427
25459
21344
13683
26272
31414
29635
15263
26774
15180
32523
26138
20333
18405
18042
10976
22962
16514
23622
21507
21265
28813
32443
25438
17117
30298
17994
21465
17583
25163
19658
26748
30864
23006
24448
13315
32520
30233
24271
30726
24299
30707
29827
29093
29963
27105
27306
19215
15696
11782
21065
11541
18598
8983
25680
16502
21157
11992
28364
28913
26330
20564
8799
29798
30995
26861
21485
15611
10373
26434
29224
16604
30967
20744
20976
21794
20417
31486
30819
24691
12362
20876
16891
30985
27956
31931
28488
17535
30154
19262
22683
27191
25216
30817
27593
7587
25029
24297
13525
22492
28253
26901
19002
25040
22639
32303
29626
32000
28856
24943
19358
21303
15213
22978
28868
22519
29508
17499
29288
19191
31852
13688
15517
29939
24060
31091
26257
21979
28950
30959
29658
32004
30487
28420
29084
23800
28846
26269
22199
31892
15248
18723
26645
25251
26094
23676
30647
28073
31825
23951
28933
14509
16768
30196
26322
14468
9764
14523
15802
18861
23131
22681
29225
16428
16793
23386
26789
21709
23638
27693
27140
18003
22043
17396
12253
15950
30457
23530
21482
12773
13885
27736
16282
15117
32645
25914
21516
24283
20782
18862
7605
23788
28943
19519
17043
22494
16219
27208
16191
29743
27278
30038
27477
15195
19267
19192
14242
22203
27762
20585
29202
28788
32273
20339
25395
27786
26606
24958
23694
15943
15509
19874
19802
21613
27086
21275
32728
18065
22857
23735
15796
32268
31549
27009
25630
27125
29300
25832
31850
27321
26865
27096
15088
26798
27539
28841
31018
31886
23844
13894
24258
28950
14825
28368
16124
29199
24927
28880
19288
32291
30025
20776
32451
25293
32591
25172
31510
32525
32481
24527
30490
20940
20807
22905
25157
30133
27726
29527
25872
28580
32353
19739
7439
18970
13145
17926
21384
13499
15255
30796
30339
27980
18768
18225
15229
27557
30761
22861
18647
32582
21252
28032
27961
24908
27673
13697
24370
27618
15176
27160
25558
29254
13997
31963
29834
28218
22902
26720
17785
26719
27301
12275
22889
26692
10217
28088
32614
18773
30771
20725
13452
12592
24194
26468
21083
15776
22047
24680
27883
30136
21165
14310
21982
23634
30809
30387
29137
32398
16964
15607
18447
29804
25978
18383
23931
31891
20631
19275
20438
31348
26983
32723
22494
28261
20851
27297
23753
28941
32437
17459
18582
28776
31387
30160
19235
22805
24218
19769
22979
16549
17346
16177
16873
31314
27482
29798
30727
31808
16374
22893
32724
24352
24185
25844
27799
31887
25722
11378
15746
25837
17102
24745
17646
23641
27427
17682
21724
8898
15262
17128
19292
28457
26260
21465
16820
31654
7317
19395
18063
16980
19864
32212
29514
23380
22277
24914
14440
19026
21958
30083
23590
24886
31995
29785
28755
19724
27050
30868
20721
18635
32538
31648
22635
25053
29031
18509
24852
28776
27580
31379
29297
20632
23569
24906
24156
32600
31586
25118
18324
31330
32588
9926
20455
28026
32098
30722
17805
26193
25309
25869
26407
24942
26451
32140
22802
17709
23947
13577
30914
22732
18624
30953
29723
31953
17731
25011
29569
28532
32439
16907
30058
18362
21112
17869
25405
22982
22571
30889
29075
26609
30046
16898
19408
13273
16988
13993
13829
21054
23721
29462
23990
31731
24516
28465
21479
30964
29146
26351
24723
25584
22572
21232
31103
29201
24682
26674
15521
19835
25983
11396
19319
26037
17299
25722
14953
14417
16648
31065
22491
12542
30495
30543
32704
28782
32627
27520
15435
15968
14172
25191
31869
27262
17131
29343
10862
30205
18529
19828
21451
26574
21122
23211
25532
25230
27338
22773
31486
32734
27609
32421
26161
12863
28273
32738
19022
19431
24955
22043
26538
31512
23509
32427
32312
31990
22899
24182
18786
29013
28042
21292
22743
19691
19559
14315
28064
18627
21384
31257
10077
23320
22914
30991
21199
24384
30827
28950
27976
28069
22286
32712
26777
28476
15619
32683
21147
14961
16610
21031
32071
14591
23764
16948
21760
28527
26151
20031
23970
31135
29761
27406
23997
24431
29135
32392
32000
16806
22732
24067
19557
18673
8774
27129
14584
25817
24183
18544
10557
17962
13929
30485
26471
32274
32511
22660
31690
31623
28169
28881
26500
15805
14199
28124
19033
21066
15881
19317
30761
28712
22229
16215
14496
25875
19267
20993
26366
13996
12599
15183
27471
10629
21883
19711
24884
20078
14025
25810
28706
22323
29761
23162
25562
24960
26944
14476
26424
20327
32221
31619
18554
29025
14996
31923
29732
23891
6670
26994
30645
27218
28651
30323
23628
32280
29367
32591
19459
21954
14880
31869
11718
18940
23767
25654
16163
13026
14174
29989
27238
16112
21461
32408
23321
23939
31972
27744
16432
24824
29573
23186
21043
30520
29045
13315
20640
28012
31077
21032
24407
29092
17888
32449
26923
26448
32531
14318
23306
20345
21842
19080
31468
15188
29978
27376
29637
21420
28527
14072
18421
23360
22291
17935
24768
17011
29657
28372
31609
20230
23267
11367
29881
25486
31493
20059
19451
15543
26204
18851
28463
22131
22525
12339
20166
22595
23251
12330
25235
32146
26586
27985
26408
11157
28656
30255
27998
31483
22206
22900
26851
13192
27088
28351
26954
17633
9505
21669
26873
27316
19864
16392
30236
28351
25648
22064
29660
32423
17996
27553
22313
29456
17802
29241
32535
15292
32148
14808
20142
26208
24697
12181
21262
27383
21438
8825
16272
30396
29256
19112
23511
24048
29932
13406
13280
26362
30155
32582
26269
20691
13776
21268
15952
26259
21751
26513
25127
20265
13191
25121
24104
23365
11145
28459
26321
24646
26447
25615
13300
24525
32729
12440
10900
17892
24708
31275
18473
23424
16591
29227
24896
28051
24139
21615
17321
31400
32540
14048
31902
5993
13424
10482
21287
8707
4747
29014
19476
22860
18556
12017
26332
25780
32038
12647
18027
22346
22663
32739
11260
15551
28631
15228
29078
15970
24935
29835
30964
28360
27223
17149
29793
26481
18773
31571
31606
32469
31897
21022
29982
27409
14545
31382
23729
28160
25415
24301
19923
29779
25113
19536
25827
21885
21131
21825
29572
29559
8415
9769
27392
17759
26661
25978
24658
30742
19459
25473
29817
15131
24007
21840
24250
30556
26486
21351
32220
12633
32526
16007
22372
12564
25196
19052
18045
26152
31585
12889
11910
28742
21372
21526
19113
20036
27298
22251
26914
21332
18687
27395
23696
26894
12150
25511
31992
21335
19407
10714
32171
25288
7340
21150
26133
28429
28456
25270
32683
8250
29146
32688
16140
30027
25612
17381
30551
24003
22366
27833
22124
17123
13938
20321
24038
19252
21448
32525
17797
14515
29041
26140
22480
20252
21310
21734
23791
16609
20864
30498
32475
11904
26975
29354
29223
20943
15212
27811
20104
30155
19889
27284
28923
30256
25371
19414
29827
28513
20273
13558
22940
20786
20742
17110
21866
25960
20565
17835
32144
17935
14681
10653
26571
29127
30586
30414
30141
24862
30543
30137
18596
22177
20579
27403
22997
32710
26709
26317
24182
26460
32622
20056
32340
31990
27637
25141
9852
20198
19052
30216
11862
21470
28182
23701
28078
7754
23537
18630
31358
19841
5303
24048
24084
24858
17643
27176
13100
25633
15137
31497
20033
13325
12088
20796
27645
10825
12013
25455
19428
29391
30718
20565
19528
23718
29026
26400
26751
27611
27576
27408
26569
21824
19852
28337
22677
18928
28243
22073
19434
22154
22526
27670
12582
32062
26626
19815
30119
29009
25779
28523
29752
29354
28848
27034
20880
29081
21082
9015
30250
15650
23414
24500
19065
29057
21480
31034
27280
24248
30338
29602
29307
14673
14156
22458
19226
25591
21727
21057
22036
26272
22974
23989
28019
27767
29434
19165
16410
23742
32035
15239
26299
32459
25556
25042
32012
30006
29442
23115
11475
13324
18970
15113
12713
14583
20892
21866
26275
27901
30624
18661
18004
31360
25271
31443
30694
30989
29514
28968
31388
18190
30031
27366
11164
23572
16762
30283
23978
22549
16316
18349
29785
19225
30404
31562
17304
12009
13247
21979
25458
26954
22612
29735
30785
12599
24633
30216
27990
16868
12775
19842
23946
15167
32707
27610
32360
14501
13583
24738
26673
9792
18025
32317
5712
25451
25695
25797
24835
27225
32116
24847
27990
21239
12018
17466
14625
26479
10365
32317
32732
23513
17062
27202
20564
23489
28160
28843
27626
30421
28631
32340
29835
30139
21462
32138
14676
30520
9708
24608
27611
24639
30745
24084
25701
23905
16087
26789
18009
31821
29541
26577
32432
22707
21711
12617
25846
32382
21517
24391
15912
9757
29864
31032
20642
14850
13750
25363
24772
24773
22458
18588
15092
15331
28423
19270
26370
31234
24911
24688
16069
32060
32293
30834
31149
26972
24920
23868
12150
15067
11765
13025
20309
25253
22011
26267
28253
24868
19411
17912
13849
24277
29636
25371
26539
16384
19873
21002
31947
19732
19881
29237
18178
31267
22726
25847
23156
28686
26681
27840
17536
30723
26036
12404
19928
15370
30687
25744
25508
26081
24506
11389
14925
23602
24450
25501
24819
13701
13301
7275
17780
31868
27475
23771
12237
23369
30162
18305
19784
14958
10654
29251
27961
24220
31861
21988
21022
23116
31279
27446
27231
28508
25998
25935
20521
31519
17902
31241
18191
16561
13743
30516
21228
31722
13414
19384
10025
22670
27436
22957
25465
25627
28249
14497
22573
8176
5680
31651
9389
18606
21492
7226
24694
28783
27752
25345
20225
19442
13968
22130
29226
18297
31449
27750
30992
16249
17522
18875
13660
20341
26384
28295
28980
32227
30693
31814
26903
18238
15008
29775
26681
31038
17270
23077
24043
26476
19509
22038
18106
13238
29001
29662
30222
24335
28026
14701
21853
9906
14647
32106
19561
19645
12546
28666
23853
25908
30155
20027
29198
25985
25507
27923
27357
30570
24104
30383
25021
14989
26503
27205
9105
31150
28050
29597
27592
25436
31770
23505
28544
13813
22001
30545
23550
11265
30564
13609
28516
26837
20918
13191
25150
24850
13240
32119
22255
22978
11153
22002
11743
21902
22692
20165
24123
27397
29555
21688
21175
31171
25428
14533
26385
26711
24691
16786
32538
23198
26282
19903
30069
27432
18364
27671
28305
31254
32451
28932
26595
14479
11194
24054
31817
11486
11249
31763
17390
28184
15941
22296
29352
31093
30165
17507
14418
27248
25658
30171
30118
28391
29466
23620
23528
19019
31738
24551
28654
27724
11787
18241
30659
22696
21578
26820
25607
27867
29149
21273
31337
28612
28913
31519
31501
26733
30579
13940
19701
28510
20483
19473
24167
21986
23596
29637
24465
26533
30079
21959
25404
25430
25354
13239
29797
28343
24974
17507
14462
13795
28270
24246
28714
13223
11690
7987
12473
16222
26954
20820
23652
21709
13668
12967
10578
10037
31630
26935
18840
19467
30704
19136
26981
26922
13290
31942
18384
32342
14945
13019
23953
30038
27604
19649
30737
26907
32703
28500
23224
30032
29402
27074
27542
14970
27670
32516
26876
18242
15633
12470
25616
24850
23519
20685
18256
20076
16495
31481
17939
31577
29350
27189
24874
15951
26685
20555
11985
21968
27440
22364
26511
13769
25550
21292
15683
29605
9148
30816
31833
30626
29603
20936
14790
25856
30211
23352
26085
19952
19147
15064
20260
12726
20823
31505
15614
22972
25927
27410
20696
15470
17230
31125
28970
17831
29428
31553
29532
27055
32668
17035
17797
17222
25734
32360
25384
23736
15038
25799
21004
24829
24984
26207
30829
21574
32507
20396
26552
22172
10784
31540
30799
30293
23495
30991
30734
14823
9788
20390
26158
26521
19140
14779
18402
24295
25755
22605
31788
14080
30274
31214
19257
25896
26677
25318
32114
25555
28170
20875
22113
17450
26985
30356
18703
22961
28045
13232
12172
21178
24627
20488
18092
17097
22259
21377
21471
29923
28762
19615
18785
26623
25101
28995
31408
16251
13666
28374
30019
28530
27824
21574
25012
15014
17266
4434
16979
21321
31811
10345
22103
19121
27272
31935
18691
17631
28348
26244
21380
22287
22532
7593
11465
29283
21159
28528
22954
30769
23914
27202
26529
22265
17852
24385
30183
6095
19454
32008
28610
12895
14462
12608
9056
30658
22828
27090
27842
21989
25910
16618
23562
29596
29298
26486
31566
31352
32296
25805
30845
29085
25556
26381
14294
19378
29209
30379
27263
16895
27240
30691
10533
24656
27918
25337
25506
29654
20838
15353
32041
22226
21081
26032
31638
25877
23399
11393
21848
16530
11175
29145
18351
29228
17584
23882
28490
18644
19885
18669
25878
14569
16167
30401
31883
29007
29683
26996
14041
25601
28963
23189
32326
24301
32330
27298
27753
30081
28184
19283
18635
24125
30459
22948
28763
19805
18434
30487
31589
25272
31434
32224
20049
15204
12719
12841
29437
26325
19025
21952
30976
28303
30783
18844
27433
25783
31019
14153
16960
30934
10575
22131
24594
32338
24069
7678
8698
32234
21554
32055
11663
30276
28445
19230
17699
30943
20862
15870
13275
28527
29056
28064
32311
30804
12685
25640
6933
32248
19880
30706
10485
27965
15103
26277
32300
26095
24417
25695
13060
30858
31030
14555
15152
18348
8710
11413
25014
20025
23257
17591
20265
11407
23337
15375
14313
19849
24658
29693
31573
25343
21150
29286
9675
19393
23120
32702
25813
21328
21639
16534
12192
21273
25538
25193
15792
16988
16125
20486
21970
10062
26345
22042
9612
29925
31987
22629
12143
31525
16053
29789
19865
27947
29270
20220
31381
23324
28401
18169
22804
25467
29633
27657
22867
29669
28039
26811
12919
18219
23757
16875
5994
15501
21205
31378
31140
16513
20615
12376
24786
29677
20038
18659
30014
28602
17559
31820
30070
28627
29299
19618
30071
15054
29465
14013
10760
28298
22622
27197
31469
24297
23411
23057
30823
17859
16326
23011
10190
21602
31817
30616
28964
31370
18168
28477
20306
21824
32339
25254
27675
11216
11669
11583
14415
25268
21046
21128
21569
20477
32578
23160
23674
28533
21955
30469
32618
28415
20298
31812
31473
29230
15750
24327
25930
29485
14631
25452
26224
4747
25890
23832
31490
31966
31480
29442
23842
30997
31609
20754
17227
31677
26635
31306
31874
28378
24148
26451
28587
18366
30038
31542
29325
24643
29324
24532
26731
29464
27540
23657
22941
18941
30430
21120
24206
15907
26051
20749
17698
27548
31575
32326
30870
25927
24487
26830
29818
12334
12204
29666
9924
20781
21573
15140
9483
23893
31626
22948
30674
16382
27752
22918
31290
23901
28419
19960
22060
29930
15647
8758
30903
23000
26303
32706
25253
24226
5693
21193
12618
9873
20675
29856
32347
23052
24792
26823
31509
28444
27038
30517
23704
21561
20036
30149
27300
25123
30691
31175
23362
20999
21553
28007
25673
10224
15264
11102
32148
22668
32758
13448
30134
18143
23755
27219
25240
25437
25982
22222
16914
32272
29157
28887
30528
23379
26084
25230
22250
19956
26676
19071
17847
12686
16937
19763
22592
23102
22100
30805
23517
26569
21754
22879
15789
19372
27700
28325
29767
20818
14094
26028
23002
25336
28253
32094
31162
24851
24931
24467
24658
31976
22423
10062
13330
12356
25127
20525
29628
32669
19674
24115
26515
28063
28589
28340
24291
25660
19527
31273
30304
21782
32765
27610
15245
19102
19470
11135
23618
23266
26330
20716
20463
25044
31515
27158
24163
15848
21333
31023
16589
4945
8018
4385
9385
26267
30080
20311
11370
28406
30135
26934
18762
22987
32435
25937
31974
13768
14683
29695
14414
16509
22238
28104
17575
30614
27745
30884
28777
30994
14556
20770
26259
22757
28219
31051
18057
24447
26865
32177
24803
29436
21347
27092
19558
32719
23969
24593
26438
31039
32507
25483
27417
18423
28811
17632
25855
8498
17648
12315
17590
30386
31203
31447
28719
25518
28316
21295
16643
27614
30056
26131
19336
30859
19439
30073
28707
9309
26914
24396
22839
15819
19337
23240
20123
27322
29325
21476
23883
28864
27779
11996
25600
21770
16787
28828
28727
25739
32044
16887
20572
31897
22522
30209
14879
8458
23079
29303
21081
27728
8191
10337
26973
26159
13759
31351
26391
27492
32090
31521
26216
30769
27537
30117
12666
32466
32532
29582
15995
29625
23319
30066
30566
17065
24813
17468
17921
25397
25168
28008
32409
19083
25431
29056
22174
13987
27463
13860
24226
25303
22444
27442
25273
26660
26025
21754
30043
15842
25997
25593
32085
23676
27100
22168
26911
27394
27650
27215
30721
22495
29894
26157
25811
27164
27820
29977
20908
28456
7625
12893
22240
28520
28108
18811
15198
17801
21092
31986
30632
30201
27686
15165
16111
26296
15286
31771
16718
25324
21189
28587
30714
31373
32111
30601
14677
16508
22356
31049
29618
20243
31321
16225
26585
31319
26534
23120
32279
29598
22474
18623
22808
19305
19977
28774
17453
18700
24163
31022
20006
15994
23549
26108
30656
11448
18129
17007
15961
28866
32329
29199
20521
13888
21593
20230
21980
15940
14368
23471
9786
30855
21672
30943
19797
18032
28841
13137
17195
31297
12232
19504
20292
23192
25218
27310
26928
21453
21132
26881
22742
32384
22723
25174
26179
26937
20408
17964
26936
20929
28347
24161
19089
32561
23352
31970
29883
30895
28279
24541
25270
17695
24314
18073
13940
7041
17929
16776
14233
29821
26275
16501
28478
20306
29222
19829
16823
24752
27263
14051
25459
20068
21625
21258
19472
30489
14993
17837
17492
27246
25330
24536
24200
18542
18210
25128
24384
9194
28348
27720
23980
27183
22247
32026
22114
17662
14293
27515
23530
28375
20201
21413
29256
31948
20445
31642
16020
25399
30005
30455
25648
28355
20871
20641
18714
30454
30555
19829
21485
19686
27455
24912
29170
29964
21413
21883
28464
29527
25821
27486
19384
6275
25100
25357
14957
18188
20390
32315
29619
26565
21064
29828
25351
23671
16172
23161
14366
25962
30930
27792
26180
31011
28352
28712
18833
18620
16320
30987
20522
27243
18869
32046
16827
20122
19442
12782
29232
15746
24370
28178
20181
31369
27392
27820
22502
15226
32521
28815
30554
28754
26152
22850
9924
28166
23813
24525
17454
26602
23137
17129
14449
31298
28983
28467
12627
31386
22730
27515
14457
21089
10690
6597
28964
25933
20581
22783
22212
21601
13866
26388
26850
28082
12824
16850
20880
21636
26217
30588
28506
30280
32615
29061
20028
30277
27199
25479
27572
10512
31451
18629
20528
28958
17429
26936
30914
17879
17573
25778
32539
30078
17185
25431
32183
21741
20870
17782
31390
12855
12564
24291
20278
23181
24315
18585
24352
14174
17164
21003
20208
18114
18648
19136
28230
29465
28828
31898
28183
9125
11925
17121
21418
29220
28306
18066
16101
11993
8245
12505
30308
28748
28476
14450
18958
22360
28232
20290
23443
15889
16433
18410
13283
17790
20370
27150
13192
22426
29090
18851
17157
22998
21622
26315
26977
21401
32725
25629
22249
31967
30342
17759
22831
22539
27741
21807
20423
20147
21628
21103
28382
21535
12323
19087
21099
22065
32456
26895
19453
12777
15485
24639
16357
29001
17174
20298
21237
9884
16719
30146
30741
27921
12392
25245
28161
26928
26890
25873
21490
22904
17318
25161
32028
31582
23907
20452
20310
26390
28014
14027
20469
31980
19818
13493
21101
12643
26551
19351
25863
24839
26015
12974
30254
29109
26985
29082
22973
11686
9027
27515
9098
22104
27752
21504
30262
9144
29407
16556
26829
17564
29373
28849
17844
30992
24252
11606
10485
6535
19595
21032
8166
31289
28622
26360
24199
26122
25759
20319
25086
26606
20535
22518
28896
29089
21590
16641
18306
18752
15413
26285
24909
30911
24222
28116
26434
28792
29788
24620
24430
31592
21083
28826
16958
29307
12458
30776
21875
20824
19738
24017
31679
32713
17422
19977
23285
16586
31309
15570
21663
24129
24365
30813
30526
15534
27515
32373
23131
29390
16127
23295
8089
30972
26722
22420
20885
25701
19412
18391
9753
19169
27950
19040
12435
19600
13719
9533
8931
28358
30501
30656
16341
26787
24574
28932
19720
23274
21109
31266
21958
30553
19652
23879
16946
6108
30873
9999
4084
17687
16547
17845
27751
26882
27614
15391
19720
17273
25161
26905
31982
24691
26566
19279
18776
29422
24475
20339
26899
12317
18875
16011
12713
19212
16548
10904
19068
31883
30719
15428
32068
15307
15060
14029
20682
25221
14370
31449
27144
12637
19872
22821
8646
25373
32510
12444
27133
29126
22528
16149
22518
26784
25971
24659
18268
18482
24751
27855
13628
32582
23469
30136
15723
26567
23432
23455
31070
27112
21589
27406
24492
14178
14177
26857
30348
24128
20959
26682
32625
19939
22912
30892
26517
28075
10052
32441
31233
26383
27080
27651
32491
17904
11903
14445
22300
30659
14789
30633
20118
26316
20804
27154
15685
32743
18428
22500
23714
28755
31069
29745
19999
31823
11084
31623
32459
13962
13432
19142
21038
11586
16719
27067
13998
27458
26396
29026
31202
24152
22986
30223
28944
31175
27109
28960
22867
30363
28345
21285
15993
11805
14717
19082
19458
18834
10040
11464
17386
19578
14290
26891
20724
30227
16757
23423
29138
16309
15702
30772
29186
18650
31176
26494
28103
16508
28788
30025
28606
7541
25927
26072
18061
19785
7757
21836
25432
30472
28114
29474
24494
23271
31843
26710
21111
16775
26409
27351
29059
29038
30809
20542
27258
32389
23098
15197
28539
20835
12906
19180
17109
19417
30046
10530
19833
21687
25286
29311
26083
25095
26908
20849
29549
27637
22695
31006
26562
24750
18581
30028
27796
23092
21065
25580
20618
25198
25256
25369
26283
26664
17261
21692
23175
29975
24664
21356
21492
14186
18447
29740
25666
22181
21890
23078
32415
24942
32208
22000
24986
25091
27957
31763
10854
23104
14577
30350
31632
32131
31366
23607
22559
24212
15141
22450
30783
22688
23981
16873
25069
31826
16935
31955
30222
14367
20999
15582
27334
18359
12659
11562
26368
27968
27439
30123
27762
28014
18964
10492
24129
25946
21574
21293
30844
32244
26191
26589
31280
28905
27998
24593
29158
31370
29279
19460
28597
14472
25899
17557
15344
28450
29158
30224
29876
31806
20419
14284
25232
31026
14156
31226
25378
30529
18271
32745
19534
29446
20823
14645
31787
23470
22417
3256
28718
5437
4269
24076
25385
21289
22529
18194
26334
27020
27662
21925
28953
31929
16172
22747
17551
20147
19660
12303
20305
12635
15096
26320
27915
29512
13089
12635
31285
7915
23443
32610
31029
26168
26405
11323
26150
32120
21450
30395
26244
27954
30563
12258
13051
18948
20183
25045
21024
30193
27921
29465
29378
24061
23098
30244
20905
20867
23797
26765
25549
24707
29749
23566
22600
32606
31865
20158
32765
32701
23824
12852
29004
18357
12976
10004
24445
21860
18386
23324
27793
31382
32691
31146
15362
27083
16622
12668
12604
28124
27228
24327
32127
11084
12399
21160
17696
25521
17839
29974
26016
12428
16133
30250
29283
18908
19333
30025
13809
31888
23833
32400
30173
13423
12315
11493
32506
25593
21128
14232
26994
23612
24977
16542
18543
30134
31057
22950
30615
28017
31487
14841
14212
30133
28719
17266
30175
26990
12584
24156
19335
26183
17499
30894
21196
30069
30095
30676
31370
26591
27011
17756
7913
18394
18477
16879
25636
20833
21020
16025
28903
24097
28780
31066
19915
23210
27140
28107
20603
17618
27534
14155
29333
29228
30777
19466
32495
26371
24630
32454
30131
31604
22007
24765
26572
27080
18562
26453
22011
27192
18584
29119
28973
17593
28288
22456
15550
27728
25313
22068
30679
20991
27387
17467
17043
18859
24926
31649
32354
23263
22106
6407
16584
26869
21365
31213
27558
29592
31189
21077
30427
28707
15599
18871
22475
14898
24208
20579
32230
27326
27779
30428
32259
10890
16164
19881
32765
32737
29778
30606
9957
30418
32691
25700
17963
22190
23415
27948
28805
14698
31165
11589
17326
21519
21321
29424
30049
16027
22097
26236
21553
32366
31654
19139
14962
10914
22888
22666
23667
8633
19957
14022
12522
16830
28157
25455
17449
19687
27799
28601
26733
19205
27795
21253
23899
24829
29645
23524
27180
25095
29101
28943
24848
22082
18970
22525
22146
24858
18127
17718
26660
31625
17924
23974
26466
25117
22528
13483
13551
26600
27158
30690
26271
16697
6654
31937
27341
21151
24378
25206
26791
18288
31272
23128
16076
19761
29629
24427
16626
30597
12619
24491
22990
11382
16851
29006
22269
22247
22045
26444
20665
24809
27893
32515
21627
27965
29474
15409
21762
19351
32435
27540
29773
29833
27754
10888
29420
32629
22116
32711
19601
30424
14223
22509
21038
25546
25815
18602
22631
26403
18755
24411
29022
26858
30308
29452
19628
28712
29666
21872
23694
10776
31021
21395
23718
17889
18716
30522
30584
22884
20740
14205
20118
26191
24367
23150
22724
25803
18373
29988
30960
32320
26795
29919
28567
23657
16844
8828
29015
24491
29471
18114
17075
31596
19112
31022
17843
16949
11838
14567
29582
31090
32403
15125
32461
27567
27569
29920
18708
25226
23267
26306
21408
32144
31488
29664
27288
13657
8632
15352
16139
30329
17901
18832
17987
24793
15227
26375
29718
14637
22639
16394
15732
24354
9953
29463
26271
19836
29891
15076
25187
32350
29489
8972
28310
27287
19176
28896
17913
27769
30743
28431
25594
21359
20434
32721
26027
24727
19749
17056
18297
22669
30342
28406
29356
21481
22554
31756
30925
14413
9075
28699
23536
31975
31961
25483
23619
30561
26390
27052
31378
32706
32146
23044
28006
24547
7559
16181
19726
20769
26931
17552
22124
22172
32096
28564
23472
25961
31344
15755
19531
28613
26080
29140
25763
18235
30780
13561
20193
27876
25107
28650
15195
23144
32196
32676
20242
22237
19232
30131
20012
28361
24748
15613
19108
26064
19279
25931
21908
26532
24345
30445
19826
20510
28121
19373
20324
26074
30420
23365
27264
29323
21157
23402
28063
30151
18822
18772
10981
20197
8932
9937
22857
19118
32695
23793
28035
25911
19759
22844
11868
23400
23004
14933
22420
24242
24937
26043
23353
14321
32632
6558
21267
13627
21356
14934
24008
31237
21441
20669
29822
29260
27222
15871
13396
22756
22141
5110
22554
28895
30030
31780
31023
31258
25666
31429
21246
18786
22833
26187
19121
30328
27881
10801
23447
22225
17165
20207
23494
23433
19563
22737
26923
26569
14001
22013
20272
7127
14629
29768
26838
22873
8197
32213
23327
19975
13761
12065
19857
14667
12041
32084
13581
6920
8915
31405
29057
30911
29230
31593
7583
22755
21770
18680
25263
23971
29342
19022
14789
21471
16344
31004
21468
26966
26947
24163
28137
22905
21493
11114
20237
31321
20024
18487
27649
27342
28122
27790
28622
24408
32132
27977
19329
29104
21575
31487
29085
32401
19320
23107
26877
25365
18110
29303
11642
8304
13838
28295
16567
12982
24697
31533
12203
19562
20882
31230
23952
28945
28840
15011
18318
20483
17713
18096
25938
22769
25973
17657
25490
11643
22741
18107
30143
15131
28158
10572
13171
26012
32180
19559
17029
31837
28304
29764
21607
31044
30669
14769
16295
19739
28004
32412
18405
25307
18248
26296
20908
17766
17680
22128
28303
4679
23936
28332
11022
7816
19524
30875
30875
19035
21075
27008
31942
30759
29276
30441
27752
17073
19740
14225
12376
16360
27191
16944
19961
22857
30988
16437
11752
27100
27840
16674
28923
21406
24483
27030
16256
21574
29230
31534
27137
11130
28263
25786
30802
31502
29758
31373
23292
30042
23904
17143
13353
27660
30484
31899
25697
18376
16101
27395
21879
14941
30769
27610
28991
24676
23298
31959
25168
14388
25454
23425
17592
29683
29459
27186
20207
7822
29189
28923
25953
30200
10660
18619
22577
24776
20673
22634
28845
20445
32187
14515
28184
16103
18205
20140
22296
10914
4202
21305
11850
22676
17796
23080
30186
29351
27558
25023
28304
27003
19644
26300
30452
31219
30536
11339
22359
17562
28322
17100
32200
29333
23996
27607
22915
25612
19584
32637
10207
24332
22429
16017
28758
26855
15163
32680
17531
19129
18178
27358
23837
25502
31664
7385
17104
14963
18247
22286
28227
24249
20582
6475
31047
29938
27294
23792
27941
23405
15135
27001
26921
22998
25119
22657
26177
13720
28873
17287
17160
24569
15749
32499
32227
23886
18214
8206
10149
26679
31952
32236
30099
19908
19233
28014
18344
31107
29931
23844
26734
11909
21797
8514
16060
30840
26587
21156
25108
19170
24519
30895
30920
26421
22087
30917
29338
28734
24153
19772
21881
31740
30726
29677
32197
24223
17886
23685
30136
20878
20252
7458
15968
30522
14199
8380
14958
17584
28665
32004
13224
31319
28539
16197
25506
29023
29978
15916
22875
18367
31222
19861
16185
32111
30025
28645
26940
12023
17816
22721
18458
24474
31028
24650
21354
29872
22562
29296
17993
24152
21571
28779
32633
25217
15834
31929
31673
8911
9514
9246
11551
26565
25965
29516
27337
13837
23396
23930
9025
29341
26368
17803
13929
25266
10160
18825
26378
30553
7757
17460
27480
14825
14658
16145
17028
25996
30804
30058
22304
22841
31490
20274
19561
12117
30280
28864
30738
28274
27281
15125
26226
26436
17762
12647
9479
20654
15474
28838
32358
23904
21128
6719
24390
6550
32147
28534
14041
19372
18777
28196
26149
32535
18667
14762
28806
26640
18143
23277
21143
25333
14939
15348
12833
22067
27952
17224
22641
12058
27025
29285
24250
31564
24498
18200
25742
26192
20852
27719
27844
15152
28023
19008
21201
21444
23235
25518
31976
11327
20119
25620
30063
13751
14761
30494
13183
24112
31008
18050
24735
30457
26959
18341
22690
28364
21859
20807
14653
26546
8149
23930
12548
24317
17272
20944
29703
29901
24941
29749
14219
12079
12259
15358
32339
28262
30697
30619
26494
16349
25077
24829
25847
28348
27629
26614
25099
21708
32387
29525
32217
18357
24854
31290
20371
15184
24613
23630
30300
30200
25002
19062
32548
10603
