1000
256
-408
-406
-404
-402
-400
-398
-396
-394
-392
-390
-388
-386
-384
-382
-380
-378
-376
-374
-372
-370
-368
-366
-364
-362
-360
-358
-356
-354
-352
-350
-348
-346
-344
-342
-340
-338
-336
-334
-332
-330
-328
-326
-324
-322
-320
-318
-316
-314
-312
-310
-308
-306
-304
-302
-300
-298
-296
-294
-292
-290
-288
-286
-284
-282
-280
-278
-276
-274
-272
-270
-268
-266
-264
-262
-260
-258
-256
-254
-252
-250
-248
-246
-244
-242
-240
-238
-236
-234
-232
-230
-228
-226
-224
-222
-220
-218
-216
-214
-212
-210
-208
-206
-204
-202
-200
-198
-196
-194
-192
-190
-188
-186
-184
-182
-180
-178
-176
-174
-172
-170
-168
-166
-164
-162
-160
-158
-156
-154
-152
-150
-148
-146
-144
-142
-140
-138
-136
-134
-132
-130
-128
-126
-124
-122
-120
-118
-116
-114
-112
-110
-108
-106
-104
-102
-100
-98
-96
-94
-92
-90
-88
-86
-84
-82
-80
-78
-76
-74
-72
-70
-68
-66
-64
-62
-60
-58
-56
-54
-52
-50
-48
-46
-44
-42
-40
-38
-36
-34
-32
-30
-28
-26
-24
-22
-20
-18
-16
-14
-12
-10
-8
-6
-4
-2
0
2
4
6
8
10
12
14
16
18
20
22
24
26
28
30
32
34
36
38
40
42
44
46
48
50
52
54
56
58
60
62
64
66
68
70
72
74
76
78
80
82
84
86
88
90
92
94
96
98
100
102
104
106
108
110
112
114
116
118
120
122
124
126
128
130
132
134
136
138
140
142
144
146
148
150
152
154
156
158
160
162
164
166
168
170
172
174
176
178
180
182
184
186
188
190
192
194
196
198
200
202
204
206
208
210
212
214
216
218
220
222
224
226
228
230
232
234
236
238
240
242
244
246
248
250
252
254
258
257
259
255
260
253
261
251
262
249
263
247
264
245
265
243
266
241
267
239
268
237
269
235
270
233
271
231
272
229
273
227
274
225
275
223
276
221
277
219
278
217
279
215
280
213
281
211
282
209
283
207
284
205
285
203
286
201
287
199
288
197
289
195
290
193
291
191
292
189
293
187
294
185
295
183
296
181
297
179
298
177
299
175
300
173
301
171
302
169
303
167
304
165
305
163
306
161
307
159
308
157
309
155
310
153
311
151
312
149
313
147
314
145
315
143
316
141
317
139
318
137
319
135
320
133
321
131
322
129
323
127
324
125
325
123
326
121
327
119
328
117
329
115
330
113
331
111
332
109
333
107
334
105
335
103
336
101
337
99
338
97
339
95
340
93
341
91
342
89
343
87
344
85
345
83
346
81
347
79
348
77
349
75
350
73
351
71
352
69
353
67
354
65
355
63
356
61
357
59
358
57
359
55
360
53
361
51
362
49
363
47
364
45
365
43
366
41
367
39
368
37
369
35
370
33
371
31
372
29
373
27
374
25
375
23
376
21
377
19
378
17
379
15
380
13
381
11
382
9
383
7
384
5
385
3
386
1
387
-1
388
-3
389
-5
390
-7
391
-9
392
-11
393
-13
394
-15
395
-17
396
-19
397
-21
398
-23
399
-25
400
-27
401
-29
402
-31
403
-33
404
-35
405
-37
406
-39
407
-41
408
-43
409
-45
410
-47
411
-49
412
-51
413
-53
414
-55
415
-57
416
-59
417
-61
418
-63
419
-65
420
-67
421
-69
422
-71
423
-73
424
-75
425
-77
426
-79
427
-81
428
-83
429
-85
430
-87
431
-89
432
-91
433
-93
434
-95
435
-97
436
-99
437
-101
438
-103
439
-105
440
-107
441
-109
442
-111
443
-113
444
-115
445
-117
446
-119
447
-121
448
-123
449
-125
450
-127
451
-129
452
-131
453
-133
454
-135
455
-137
456
-139
457
-141
458
-143
459
-145
460
-147
461
-149
462
-151
463
-153
464
-155
465
-157
466
-159
467
-161
468
-163
469
-165
470
-167
471
-169
472
-171
473
-173
474
-175
475
-177
476
-179
477
-181
478
-183
479
-185
480
-187
481
-189
482
-191
483
-193
484
-195
485
-197
486
-199
487
-201
488
-203
489
-205
490
-207
491
-209
492
-211
493
-213
494
-215
495
-217
496
-219
497
-221
498
-223
499
-225
500
-227
501
-229
502
-231
503
-233
504
-235
505
-237
506
-239
507
-241
508
-243
509
-245
510
-247
511
-249
512
-251
513
-253
514
-255
515
-257
516
-259
517
-261
518
-263
519
-265
520
-267
521
-269
522
-271
523
-273
524
-275
525
-277
526
-279
527
-281
528
-283
529
-285
530
-287
531
-289
532
-291
533
-293
534
-295
535
-297
536
-299
537
-301
538
-303
539
-305
540
-307
541
-309
542
-311
543
-313
544
-315
545
-317
546
-319
547
-321
548
-323
549
-325
550
-327
551
-329
552
-331
553
-333
554
-335
555
-337
556
-339
557
-341
558
-343
559
-345
560
-347
561
-349
562
-351
563
-353
564
-355
565
-357
566
-359
567
-361
568
-363
569
-365
570
-367
571
-369
572
-371
573
-373
574
-375
575
-377
576
-379
577
-381
578
-383
579
-385
580
-387
581
-389
582
-391
583
-393
584
-395
585
-397
586
-399
587
-401
588
-403
589
-405
590
-407
591
