10000
6119
3539
13120
5969
6020
6113
13285
4959
5533
6087
7018
6887
10477
4625
4756
6947
6827
6231
9612
3794
4135
5618
4281
5596
3793
5123
5208
11775
12848
8799
10944
5748
5883
7167
4399
9120
10217
10998
3812
10995
10290
7267
3485
4799
7727
12071
9905
9847
4097
4658
5253
4081
10934
4568
7338
5280
3528
4590
9670
8754
7244
5058
7314
8759
11553
7309
7132
11340
10214
6578
7921
6967
10319
7906
7806
12498
5060
10192
12161
11551
6437
4326
13248
6013
3628
4605
6428
4835
8880
4583
12014
3576
9036
7944
8958
10179
4597
12655
5979
10057
4458
6778
4172
6503
7697
4023
4935
7632
5286
9660
11235
4823
3729
5878
11443
11086
7852
12710
9962
6802
9121
7879
12578
5264
4666
9326
5869
6722
6224
10773
4057
12556
10188
6210
8104
5522
4969
6847
5124
10262
3617
5440
4129
7178
5553
10610
10257
12033
12381
11176
9614
8889
8464
8040
12658
7884
5895
11361
8793
13113
6069
6896
4759
13154
10153
6554
4486
10261
7739
9570
4065
9746
12596
8321
4921
5110
6861
7945
7248
3780
7814
10813
8628
3571
6845
9316
5275
6528
5267
9839
7817
12762
9110
3602
6557
4746
8402
11512
12857
9208
4519
6690
9299
10167
12717
7366
12484
9685
3633
4886
4562
8045
5901
6300
10817
6088
4752
3596
3640
4116
7932
4767
7202
3500
11240
9969
5356
13186
6152
6427
8476
13315
4243
8209
6518
3946
3616
5657
7568
8625
3479
4864
11236
7140
5888
6022
4895
11851
6144
7460
8517
8114
6097
5021
8606
4395
3422
6183
4880
4320
6959
5071
5876
4225
12763
9455
5970
10277
6600
4834
6782
8522
7349
5784
6800
5971
6687
9925
3717
4322
11422
7139
9195
9203
4755
8124
6202
7598
6583
3962
5266
13283
4376
4090
10158
4544
4115
9853
3928
10953
4662
6539
8627
4828
6567
9984
8844
6546
8524
7228
6287
10042
7903
6445
9428
3434
7403
6101
6264
9618
7191
4772
4646
4238
3704
11750
9788
9590
7383
12982
9778
10481
5627
10241
9626
7774
4151
3590
4359
12631
5674
12446
3526
4941
4487
3725
5029
5207
8368
3618
12424
7414
4365
4291
5693
12850
3534
11229
5660
12891
10821
5477
6051
8513
8497
6605
9480
7397
11678
7011
7134
4551
5715
8957
12726
10649
6568
11603
5954
12580
6725
8310
3726
6879
3659
7459
4446
6056
13054
4130
4798
5852
9774
4682
13183
8954
13117
10283
6065
5639
5218
5611
6306
11420
8990
8704
13312
4716
11378
5112
6140
8620
12494
5442
4389
6653
12528
5749
4548
4701
11272
11720
10344
4829
8484
7265
3614
4122
4517
3862
4514
7007
4926
4307
6018
5975
10291
6991
7210
4960
12493
5325
8117
8077
9296
6139
5444
4700
3550
6252
9201
3549
12012
8108
4368
10046
4060
8854
6532
11112
4872
3558
7819
4190
8962
6136
5310
11202
6686
12483
11770
6957
9460
8191
12024
5521
3698
4215
11978
4485
3865
9652
12454
5881
4578
7194
12632
7551
10884
4256
12525
5085
11097
5794
4669
12077
5056
3547
10554
8679
4934
3443
7215
7223
4312
10936
7943
7725
5300
3902
5430
3891
7847
7809
4976
11103
3501
6062
13329
7744
5515
5590
5429
5270
8857
12448
8718
4845
12704
5438
5036
12719
7334
8964
5637
12760
7803
4722
11009
4503
5098
5311
5246
6418
6697
7790
10891
9830
10211
5849
8495
8566
11247
11380
7196
8390
3575
11195
12792
4418
7221
5831
12396
9352
6273
9373
8886
7009
7182
13323
4328
8516
4805
8026
5807
10828
10084
7044
9910
8325
8316
4387
4377
4610
12921
11544
3586
4786
11401
6786
10021
9288
3693
9594
4484
4099
4724
3412
8769
5920
11013
12109
3664
8989
9217
9755
3897
8747
6647
12629
8323
6309
3444
9662
11228
4885
4058
6954
7355
5439
4878
4563
6430
3593
9104
7893
8598
6587
9603
11108
5811
9792
3541
9914
3570
3520
13196
7848
8023
9307
11507
7181
4009
5193
7627
5470
9129
9417
13176
3899
5632
10151
12463
13252
10520
3898
13305
4545
11020
4470
5351
3875
4664
3841
4026
11487
9478
7229
7905
8687
9923
6719
7479
6919
4489
3688
9808
6565
4156
6080
5296
6035
6992
13361
4050
4912
6603
13190
8363
4206
10771
4860
3533
11413
4438
4549
4849
9314
8585
5041
3673
6858
5644
3667
9131
4853
6014
6790
3380
12393
8714
8256
8361
9580
11846
10353
4670
7670
3951
7643
4094
3740
6317
4423
7983
4766
5476
5321
7892
5345
7607
11114
6055
4252
9632
11707
12986
5459
6444
7045
6474
10348
13228
13348
4036
11035
11238
12499
8350
8485
9346
8465
9991
5334
9772
5555
5820
8496
8608
9325
7797
11588
6126
4143
5105
4940
10288
3952
5205
7941
4100
6211
9085
9221
5395
7613
5227
5614
3669
10982
6313
9604
11104
13371
5483
12010
9069
10607
12854
10604
12574
10970
3625
8373
6189
7713
5686
10059
7315
6432
4290
11715
13215
7615
9330
10013
7576
7857
5408
12456
13121
4739
4530
12497
7967
9454
6190
3568
9136
7325
3784
4182
8564
5499
7738
10268
5061
10979
3760
10903
10911
5761
9459
4014
12659
7578
7384
9443
4208
9240
10878
11249
11339
8856
5539
5818
7989
8619
8701
8248
3687
11373
3492
8726
5918
9290
5799
4261
5682
6589
6842
8955
5839
7522
6654
10555
9273
11208
6137
3397
3583
5331
4043
7769
8902
5758
4236
13051
8525
12110
5159
5903
13266
7946
10314
12064
3842
4678
3496
7304
9651
4127
3936
10156
7961
6970
4729
6951
6450
3845
5436
13238
8551
13096
4125
10975
5023
6268
10078
5305
4203
9665
13353
3990
11180
7894
7206
8355
3879
6425
4165
11012
4559
5556
6075
8803
6484
5675
6888
7008
10851
7840
11701
4520
4314
10019
12442
5258
5095
9975
5772
4121
4561
4048
10183
13264
7970
5217
6296
8696
7838
10015
9647
4876
9527
9071
5313
9446
13064
8528
9306
8098
8121
13290
7850
12529
8716
10220
10999
6857
13044
13220
4457
10478
6163
11354
4591
4111
6045
3631
12597
4518
6667
3689
3833
7979
8966
9781
6480
7940
7550
4335
3391
7596
6536
11242
3896
11755
5905
4021
5448
5220
5923
8268
3652
3956
12858
5198
5254
13058
4390
10930
5808
8317
7650
5045
6829
7811
3649
5717
5841
5731
5048
7317
9790
9329
9661
4788
5548
4375
8959
5844
5144
6544
4455
10024
4016
5348
12397
7159
6674
4194
9198
4363
4424
4425
13263
5475
8220
6290
3922
7920
10444
8694
5187
12073
8270
7341
4890
11751
8193
3573
3527
5346
7155
6047
6670
7369
5887
6057
4640
11455
5223
12965
5910
5474
7058
4824
10895
3935
10514
9458
3538
6963
8937
3945
4918
9770
3486
3467
5414
3623
10886
9029
4651
8105
4648
9758
12500
10981
9435
6904
13133
4635
4269
8189
3798
4506
4402
9777
7532
11117
8491
7000
7962
3587
5523
5201
5080
7189
11761
4510
7715
7773
7364
5232
11450
3662
8201
5404
11110
6676
13088
12821
11024
4222
7618
9184
9275
6082
12723
8266
4439
9750
7158
4262
8388
8477
6787
6457
10971
7707
5798
9927
11096
3953
8721
5775
5024
12950
9771
5004
4889
3645
6052
3824
3599
3382
5537
6232
6262
8607
4712
4494
3487
8459
4586
3850
3947
8195
4803
6880
12727
4175
5269
5774
8100
8546
7786
9265
3913
4987
8568
7264
5608
9242
4340
5487
3418
7333
4982
5532
6580
5155
10752
3509
5978
5791
11671
5612
9066
4807
12066
5079
3505
9998
11977
8225
5707
5835
5680
8332
10977
13106
5922
9843
4617
10082
3514
7609
6846
6783
6731
6780
3621
10433
9681
4069
7484
3722
12452
5915
3979
9997
10839
11575
8087
10462
3641
9532
6133
5900
8865
4898
4713
4052
6712
11436
5514
3413
5625
3473
10759
6824
4626
8571
6553
9654
4862
6102
8061
10754
12609
9756
4892
12093
5433
6821
9404
5040
9948
4329
10772
10780
4852
6487
11106
4644
10618
7683
4096
7520
4963
3871
3710
10984
7564
4907
12870
3622
3655
8703
12826
6666
10050
5688
5135
4553
7839
5507
4391
10562
6591
10799
9645
9194
4352
5451
9602
6938
10178
4499
6496
7602
4512
7236
11187
8139
12955
9394
3973
12058
5673
9571
7326
5165
3517
3472
4693
7476
6407
6006
13250
11655
3934
7213
7539
6556
8678
12796
12931
7787
12162
13135
4294
8693
6641
11991
10844
8934
4740
6466
12911
3988
8492
11139
4072
4019
12006
8593
6864
8728
3857
10846
9819
11222
6898
9185
11680
7753
9215
7185
7626
10345
5274
10342
7227
12789
4264
9361
13163
4612
3690
6302
13292
7461
13247
7487
8581
9399
4501
12925
5617
9024
5412
5938
10637
11076
8069
12688
5919
4791
4792
5633
9492
8092
4113
5947
7772
5213
7174
11749
4719
8384
6454
11537
5755
4753
5066
7808
7810
13355
4812
5399
13347
5210
10763
3683
4684
9622
9813
12007
11207
3612
7234
4401
4338
4523
4492
8349
4035
3488
11845
6280
13254
4680
10544
11173
10254
8063
12464
4841
5935
5836
11684
12918
6207
8483
3559
5560
6945
11192
7530
9949
12739
5315
4361
4634
5898
6830
12571
6635
10558
5544
4179
3942
7575
8613
4868
4869
13222
8805
9469
5730
5343
10624
8298
8775
3556
7063
10045
9197
4821
7127
5239
5932
5821
11492
8457
10212
4181
10209
9896
7300
6828
10196
7565
6878
7507
3804
5805
7141
10963
7779
5628
11054
10439
6932
6085
9650
5809
5711
4854
11406
4839
11673
4916
5452
6184
11714
12558
9630
3609
7813
7785
3734
3454
5968
4213
3808
12056
13031
8056
12439
9360
6837
7966
8553
4817
12034
5500
9257
7701
12975
6031
3718
9518
8362
9106
11488
8251
9061
7135
4953
4954
7220
9234
6135
12693
6874
9644
3626
4443
4665
7471
5530
10641
4055
10495
9913
6249
3989
10508
3799
4624
11546
9367
10853
7019
6028
10893
3805
5991
4139
9337
9521
9067
7656
6642
7001
5542
13214
5833
12426
5209
12843
4718
13259
5025
8262
3676
12104
5038
5304
6492
6124
8872
9752
9514
6121
3759
6118
6420
3832
4276
5782
4154
5907
4961
4068
5096
13328
9530
4939
9108
11090
8330
9643
8737
12103
4306
13090
5262
5392
10973
3912
13119
4408
5028
7318
5793
4089
9032
8542
7478
6294
3783
7871
6204
10289
4283
3957
8508
4142
5006
4140
7062
5894
4656
5959
5188
3445
5347
13356
11022
3889
4084
10087
8358
8897
10457
5727
8545
9267
4087
10063
12460
3900
6590
11105
13195
11005
5082
11415
13334
7846
13349
7239
5271
12563
11442
5137
7024
9053
12780
6581
8048
13246
5278
3638
9686
8351
4189
4528
5899
4202
6983
5319
4180
4977
6823
4527
3521
7301
7143
3917
9268
3809
6519
4956
3890
5677
13223
7747
7043
4992
4993
12898
5529
9584
9468
6324
13354
5000
11747
9388
7831
13339
3930
9817
13167
6230
3703
6660
13296
6453
9780
3965
3959
3407
11365
10035
8341
5764
6470
10943
4428
6330
3978
4388
5435
7525
12431
4539
9931
3537
4783
3998
4831
8110
4654
6799
9397
4636
9692
4218
7254
4999
7039
7571
5050
6521
5847
4536
6009
7528
9336
9832
6093
9230
3632
5225
6447
5245
9105
5195
7818
6060
3530
6893
5200
12828
10915
3453
3702
6977
9035
8027
3386
10957
4309
6417
4652
9396
5214
10777
9785
9065
5743
6529
8047
4782
7416
5781
8588
9578
5087
12957
11142
6117
12669
7190
9816
11522
5306
7640
10229
3611
8460
4216
11408
13063
12649
12611
11449
5008
9385
13116
4349
10079
4471
10076
3579
5042
6115
6700
4777
6456
4913
4672
6793
7704
5370
13216
10633
7628
6270
9182
5622
4861
4589
8250
5419
5344
5084
7526
4502
4385
4478
4437
7027
12663
4569
13091
5751
6134
9653
6652
5942
10546
7171
7464
7391
6875
3764
6486
6658
4906
12003
7250
6866
13035
6098
12767
5877
13123
10298
9356
10322
3921
5815
11486
5241
8504
13206
7137
3975
9321
5779
5316
5312
12872
5704
4525
4768
5339
8200
12164
6941
5661
7836
5322
7833
5053
10642
10650
12049
5002
10512
5203
11008
9798
6906
3748
6086
8763
8980
3404
3822
4462
4675
8202
11359
5353
5432
3910
5666
11665
8324
10806
4419
5005
5261
3735
5760
7823
7320
5790
4894
8570
9512
13372
5372
9450
3637
5445
12988
12636
6812
4637
5244
9338
9717
4015
5238
6162
7854
5464
4431
5662
10223
8921
5789
13280
11743
6197
12036
4538
7040
7982
3829
10532
5402
6153
4336
11847
8030
4107
8141
7593
10584
12801
5323
8198
11355
3823
10096
7760
6188
9690
8739
5364
3591
4224
5540
10593
5292
3409
12856
9137
13239
6958
5222
8935
5224
6694
8224
12930
7641
10647
4245
7010
3494
8974
11186
11859
3504
10972
3733
5765
10504
8284
4103
12829
4917
9520
4351
5257
8802
8680
7553
6448
3714
3757
5251
5911
8068
9511
7354
11348
5134
6955
3624
10608
13082
7690
6096
12695
4169
12958
10622
9671
10888
6160
5651
8133
9266
7381
5354
8900
7533
10877
12539
4357
5830
12711
12169
12902
7445
7623
9238
5423
9258
10942
12519
5659
10832
3459
12114
13331
11017
10826
5380
8800
6491
8933
4022
10761
10058
5387
8327
10305
4522
3548
8333
4088
8847
7622
4249
5164
9387
8953
10518
7129
10874
12086
4209
6727
10629
13172
6482
5371
3420
12533
8473
5406
3993
3816
3531
6737
13149
13301
7156
5420
7456
7030
8603
5557
7192
13304
4198
6982
7233
6235
5409
12041
11681
6570
13115
9103
3592
3911
3906
4524
3888
10450
3481
6067
5747
11716
4323
12504
7862
7462
6699
5484
3915
4483
9420
4244
3666
13107
9415
4049
7387
12656
5051
8768
4214
9624
9763
9315
8123
3491
6836
3448
9205
10796
12565
7057
7258
10464
4689
10513
10521
7337
6779
5700
5054
5488
7958
5055
5650
6805
5988
8010
9395
3830
4904
5379
5491
5462
6272
4415
6538
8713
3961
3569
12407
6602
10278
13341
5512
11053
13273
5186
6729
3882
5519
3895
12387
4297
5652
9364
3483
8792
8343
4432
5147
11656
4588
10756
3400
4692
7930
6077
7911
11010
4855
11216
9379
10921
3564
12771
6862
5914
7910
4988
4110
5467
5288
12433
9831
5426
5376
5250
13198
12668
5554
12401
11179
5816
9378
3572
3653
5538
4730
11532
11127
3648
5326
8070
8277
9510
4207
6219
11728
10588
5106
11842
10173
13274
5581
9444
6569
10617
7225
3635
3826
11773
3887
6320
4488
3419
5697
9405
5726
9225
5604
12696
6267
6645
7555
8091
11611
6822
7554
11841
6130
5667
3916
5549
4945
5703
5621
4618
13084
12640
7634
3955
10090
5591
10479
5904
3441
4138
5623
12985
8036
10812
5997
12976
7608
8066
5699
6952
5684
3770
11659
4840
7398
3884
4532
4325
3876
8196
11353
5721
5368
8804
12725
9814
3788
11547
9793
9126
3834
12844
6663
6409
8295
4825
9689
9189
3873
4508
7652
13074
6988
7648
10252
13142
8903
5803
11084
5453
10784
8580
10488
4910
3811
5561
4497
3446
4092
12599
5691
5996
13208
11419
11101
5299
10790
5934
9206
6965
4671
8278
6522
12062
7307
6592
5568
8873
9525
12853
6116
7245
5574
6323
5576
5577
6863
6182
5580
5712
7620
5583
5584
12741
5850
9295
10493
7126
5073
9125
10025
9231
11693
4574
12566
6688
5132
10274
5829
4463
11388
4511
10691
6900
3462
6015
7959
7510
8111
7474
10164
4003
12118
8498
5569
6149
12070
4284
7825
10626
5943
4195
11778
11510
7902
12406
5481
12860
7764
6815
10951
4773
6850
11663
8894
4507
3866
12449
7929
7559
9426
9424
11771
5776
10500
4567
13351
6868
13180
3835
5783
6934
6199
11584
3932
3950
13309
5297
9666
6001
4199
4638
9263
6929
5797
4242
5742
12434
10292
4943
7740
6311
10002
13178
6176
5690
9073
5926
9572
7154
6217
4313
7668
7131
7444
13307
11227
4851
6241
5738
10811
5400
5366
7552
4806
5469
6886
6198
3544
6562
5886
7251
4120
4136
11711
6061
3837
9573
6733
4227
5845
4031
10497
10590
7995
6099
5415
6053
12820
6404
10238
5857
12526
5859
5860
5861
6010
5863
7710
6027
12624
12879
13279
7662
6000
8221
3451
9377
10968
3869
4509
11269
7511
5786
5862
6792
5063
10355
11223
12171
5120
7611
5722
3753
4380
10331
13040
5594
4595
13143
8148
5865
6179
4160
10580
3515
4757
5756
7411
4230
6012
12712
9309
6039
11389
3427
10619
9769
11347
3994
7667
10820
5012
9043
5936
10841
8211
5853
13340
3755
4275
8861
11515
5513
4920
9687
12949
9684
8016
6108
9438
4576
4972
8995
4480
4430
4265
6985
6927
11559
10222
5683
12984
13335
6436
6517
6560
5913
12043
4622
9254
8707
3846
5956
4949
8462
6736
10280
7798
7793
8120
13357
5302
6008
11376
5127
5724
9986
7480
4126
5973
9050
11526
11351
7303
5939
5454
4304
9976
7887
5572
4968
6227
11398
8943
3636
8312
8541
8605
8311
5333
3581
4223
9057
5039
9822
8348
4630
8843
10490
7826
13268
5290
10531
9271
7658
7569
3730
6535
10437
8407
10198
9250
7311
7633
4833
4952
4317
8127
7537
12852
4681
9721
10676
9636
6819
4379
5417
4235
6606
6216
6167
9400
13066
7290
5016
8283
12748
6575
6042
5600
6601
3518
3495
8065
6801
5579
11428
5990
7629
4505
5114
4258
10631
5384
5630
8099
6063
4378
4159
6469
7477
13362
5233
12492
3630
4696
8364
4983
4884
10614
12394
3776
7200
4650
4816
8510
9044
8184
5235
11596
4787
5825
3752
11852
6089
8480
6825
6318
7365
8871
4836
9722
11451
4117
13207
7014
4167
3839
5951
13048
6972
9856
6329
6109
12450
3716
6112
11245
6019
10231
12617
5753
6146
10040
6455
8322
8272
4641
9611
12822
13229
8012
7312
4738
6877
3565
4679
7768
5243
5109
12172
5605
11381
6234
9253
3423
7549
3787
6662
9177
6150
3498
3476
8930
6281
9825
9233
3904
8240
4745
11046
5180
10315
10889
6685
5531
5928
12016
5138
8765
4715
11257
3817
4844
13076
9901
6998
3546
6561
10837
12812
6284
7841
6597
3471
3393
8791
6314
8338
5678
5884
11018
5340
6147
7346
9247
9642
7502
4985
6193
3964
5769
3535
8774
6429
6332
6333
12951
6335
12462
4615
6794
9439
10357
6475
6835
4132
9027
8543
10105
4558
4521
4441
5837
11172
3594
6563
11988
7864
6221
11095
4183
5669
13318
7177
4683
12722
10561
8599
7880
10346
6892
6839
9042
10914
5732
6237
4691
4811
11221
4123
5067
11113
4599
3885
6128
11165
9235
12941
9597
9761
6357
8050
5993
3435
6253
3762
7257
11848
7580
3723
8715
5563
9844
10010
10451
10320
6588
5687
8185
11780
7517
11530
10246
10993
5777
11250
6414
13253
7778
12880
13097
11091
4554
12729
13046
5447
8203
4785
10098
8925
7873
13265
3781
9207
5716
6677
5338
3982
3706
7183
8586
6303
5461
8481
10160
5153
12017
6671
6310
10014
5870
8611
5493
13137
5567
8734
4369
7489
11997
13327
8062
4620
6326
5520
3506
9490
8717
6534
4741
8329
10502
13148
4447
10980
8079
13260
10148
8149
3513
11589
6286
5202
11579
4703
4293
4776
8286
10485
4251
8269
6356
6388
8743
6358
6359
10189
6361
12011
9074
6869
7603
9345
6367
7212
5396
7913
8682
13169
6374
10065
11578
6377
9248
6971
8285
13298
6382
6383
6384
9908
6551
6497
7637
6389
9824
7021
8467
6393
8537
6395
11677
7708
11392
6399
6400
6401
10582
4810
4020
6452
6843
5455
6540
6541
7017
5664
6668
6638
9123
6675
11118
9965
6161
9418
6419
9183
7709
10303
10213
6689
6348
6443
8617
4732
10862
4232
4927
4877
5183
6865
6011
10297
4362
13257
6439
4594
3384
13194
3840
11517
9852
6446
6515
3893
10901
10091
3721
6585
13134
7219
12966
5228
11856
4867
9972
8913
4285
8088
9599
6181
4093
4114
5221
4607
9332
12102
6339
6340
6705
6342
9119
7216
12907
6980
6347
6558
6498
6350
9122
11753
8334
6354
6355
6488
10849
8559
6416
8702
5211
10547
12915
11188
9461
5517
13245
10962
9130
4063
4353
11136
7378
6608
10985
7453
8895
7184
12060
4461
7856
6841
6123
4147
3969
8486
4676
7780
5330
3986
11717
5871
3684
11781
8912
9509
9697
9031
6797
9272
4318
9116
4628
6239
7306
4533
4270
6542
5606
7377
10001
11725
4763
12804
7042
11332
13055
12478
12721
9933
8506
4842
4580
4246
6720
9695
9833
10627
7506
13269
3582
4596
5525
4164
7546
8101
10654
6572
4657
6341
9958
7498
5874
12059
6701
3681
4775
5882
13075
3807
5759
4255
6106
6248
4908
4188
6804
5035
6989
8784
4331
9473
13126
3398
6732
5070
4205
7728
6461
5744
4649
4411
6738
9747
7029
6986
8582
6612
6613
6614
6615
6616
6617
11039
6619
6620
8711
8273
6623
9472
12610
12933
6627
10163
6629
10769
6631
6632
7745
8208
6609
5422
9423
12749
3880
6640
4547
7203
10443
3452
5428
11608
4933
3814
6860
11089
12871
6990
5259
6283
10602
11490
11383
3958
5468
12613
7142
7305
8911
6665
7931
6337
11669
7125
4079
6049
5185
6673
4642
10907
4118
9634
4241
6679
7330
12814
12687
8352
6547
5121
6017
6090
3940
4231
5191
3715
7897
4606
10783
6205
3585
13037
5994
11518
6962
3551
11193
9768
8479
6111
5595
7926
9134
11840
9200
5031
10690
12874
8071
5804
10589
11593
8549
9826
4737
4161
13138
7635
12095
5397
4153
4445
7927
6091
3963
11002
4078
5578
12702
7235
5171
9340
7518
6387
6870
6871
6074
4475
11267
5410
5388
9082
9840
10473
4600
6595
8218
6753
6833
4076
4971
5285
4237
12943
6630
3647
5510
5199
5638
6460
4024
13062
12602
6769
10016
9900
6771
6772
6773
6774
10453
10552
6908
7034
7214
6549
4991
5086
5456
5559
4958
12618
6076
10051
5982
4832
8246
5801
12863
6743
11709
6165
11865
6513
6143
5702
11252
5806
6244
3578
6803
5176
4541
10460
10448
4758
11357
7490
5282
11446
6813
10581
3919
6636
13344
3848
3387
8132
9751
8346
6064
10114
13171
4394
5418
8899
11543
8222
3966
5692
13300
11667
3381
9178
9117
6379
6718
11445
4102
8076
8081
3858
6438
10992
12784
5255
10234
5062
7448
10639
6610
6854
4468
9699
4780
6711
8519
9610
9303
12572
4673
3392
6175
13173
7374
7128
11329
13302
7130
6742
6925
7965
9068
13211
12913
6748
6749
6750
6751
10594
10892
6754
6755
6756
7614
7386
12793
6760
9109
6762
6763
11055
6765
6766
6767
10324
6899
10056
3931
9619
5059
3820
8866
9800
11384
10038
11396
6912
6913
6914
6915
6916
12875
6918
9432
11374
7466
4146
13295
4367
8783
12885
5197
10928
6928
8306
8089
4875
4717
6784
5242
11120
12440
7449
5168
7071
7072
13284
12922
5489
9440
8144
10510
7379
6946
6709
8304
10923
12689
6344
10831
4420
7067
5824
11754
4742
4337
8985
6169
6170
11577
8500
6173
8575
12732
6026
11734
3854
9022
4582
8051
10776
10465
6334
7298
7005
9322
4342
11087
8910
9170
4250
4698
3474
3561
6987
7795
8468
7535
5838
13338
5524
12653
5017
10113
5001
8060
5890
8387
12679
9370
11534
12776
3954
6256
11748
12072
7069
10327
6312
7784
10207
10827
6626
7720
10193
7802
5770
5293
7881
5552
8936
8691
10987
13041
4315
4688
10871
6307
6490
11585
6157
9451
7038
13079
10328
8372
6464
6142
7529
8988
11702
11412
7179
7180
7256
5069
5957
11253
4761
9919
5289
3489
3905
3786
4371
5558
7060
7483
12743
4080
12459
5194
5597
10819
7068
11197
5490
7073
12557
7075
10194
7077
9476
10797
7080
8253
7665
7083
7953
7085
7086
9640
12904
7925
7090
8858
7092
12813
9051
7405
7096
7097
7098
7099
9245
7101
9433
10099
7104
12477
12800
7107
7108
13343
8187
11344
7112
13205
10226
7115
7116
7117
7358
8345
11444
7310
9641
7123
12466
8347
6025
4980
4714
7260
7288
13276
7985
5757
3577
5740
5013
6692
8967
4490
9075
10996
8852
7031
6215
3642
11093
7147
4288
13039
11200
7343
9719
9038
7224
9179
8009
7261
12929
13267
13275
11271
7163
6441
5773
8875
3864
4234
7169
9924
3918
12942
13367
5068
9028
13333
9025
4647
5689
13181
8335
4643
10332
13310
10007
6723
4056
3754
11121
4040
8008
8156
6621
8584
12486
9981
10074
9463
7201
10420
3696
5812
7796
6406
7207
7208
4220
3692
7211
12817
4012
6156
13342
8868
5649
10244
11570
11400
4201
5309
3731
3605
5665
10316
11666
12908
9966
13210
3987
12645
7231
7322
5458
6921
13200
12946
5140
8107
10960
5431
5858
8314
7243
7990
5030
10199
8085
12469
6730
4482
8526
7252
8318
7070
10792
6758
10061
6331
8080
12523
5158
6040
5679
7392
4928
4280
5663
9623
4197
5592
5131
13209
8122
3554
7095
8271
9753
7277
7278
7279
10988
7281
9479
7283
9227
12004
7876
5795
7242
13277
13234
7538
10195
12425
5064
5332
7293
4975
10932
11491
3629
10861
8906
5287
4373
3686
3775
6582
3881
8578
3524
11602
9172
5148
5083
3464
9213
5115
11535
9941
11181
5389
8083
9047
9107
5421
4426
5810
5219
4299
9114
9374
7329
6233
9947
4871
9485
9648
7335
9171
13049
6628
9046
10185
4184
10182
12559
8281
6083
3403
11485
4260
11243
6995
5955
7352
8901
4196
5320
6810
7516
5889
7361
7362
6483
10653
5485
5658
6937
9834
4621
12481
5571
6500
8084
6669
12671
4278
3651
10825
5291
8789
7952
7382
3756
5916
6054
12458
7418
10829
4247
5427
9353
7353
9347
13068
10538
12549
6107
4112
7269
12777
7863
10596
7273
12391
13168
12782
9368
7408
13297
5174
5931
5027
11183
4366
4809
7348
4327
4705
5940
7422
10760
7424
10646
10066
7427
7428
7429
7430
7431
10857
13077
7942
8777
13073
7437
8877
8242
7440
12773
7442
11182
12660
7663
7451
13146
4859
6213
10801
7875
6141
8366
7144
12754
4433
7455
9190
6214
9318
10421
5646
9809
10309
8044
3542
6352
5965
8301
7469
7470
7345
8915
13136
13144
12646
13261
4104
5166
8039
10611
6477
6050
6757
9081
12684
7830
8730
3536
8683
6637
9980
6948
7493
7494
3620
10467
4257
7376
8710
11452
7937
6816
6073
5182
7505
6489
4564
12681
9707
4667
4850
7735
10094
9934
9447
5736
8214
9978
11048
3790
4751
9796
8604
5026
7612
6328
7948
8190
7660
7661
7853
6158
7855
8265
4131
13174
3707
8973
9328
13303
12906
7540
7541
4760
6274
5272
10916
9210
13078
8748
4887
5032
7047
4427
4979
6604
7557
6622
4557
7560
5864
5260
7563
11533
12806
3512
13036
10281
8890
3672
11174
3557
8951
6434
5906
9209
6397
3674
7692
10286
6451
7316
5866
4381
8945
9786
9764
12642
7860
6876
12935
7594
4440
6559
4526
8049
5342
8307
7601
9851
7401
12815
6571
8786
8210
12516
3856
3745
11358
10517
7742
13102
5593
8983
7736
12554
7617
3525
4409
12480
11338
12515
9457
7624
7625
6740
3610
13365
12651
4937
9575
7051
13130
6297
6852
7636
4177
4663
6728
3675
5206
12883
6704
10524
8276
4007
8853
6275
6923
12079
6856
7513
7015
4155
10597
9112
11679
12667
7815
11352
9846
9669
11657
10272
4579
10482
4866
7226
8406
3468
8152
4479
7673
7674
9039
12623
7676
7677
12384
7679
10103
7681
7682
3925
5156
3519
13232
11134
12422
8919
9801
7907
7691
6798
4819
7694
13042
10785
7486
9791
10334
6079
10560
5534
12530
10440
7150
7056
6032
7340
11212
12785
7844
7581
10177
7583
8870
7585
8215
9625
7588
9646
4986
6741
9312
8518
10318
7723
4330
6263
6545
7271
3608
8850
7730
8767
7868
8764
10873
10060
7669
6894
3938
3634
6905
5941
6599
10468
6046
6092
8731
8772
9441
4098
6516
4341
11111
4677
7755
7756
12088
4109
12903
10201
8690
10542
7266
5924
12541
11041
6526
5441
5357
12091
12811
5768
4185
7776
7567
7499
3401
8179
7432
6223
7882
12654
7566
8109
8914
4754
4074
7423
9058
7089
5160
7297
7168
10909
4736
6058
9589
4984
12606
7804
7805
5640
8147
7939
7835
5586
7434
9222
12612
7886
5974
8019
4416
12752
7110
7454
5425
8750
7821
5842
3825
7824
12940
5162
12867
4771
11694
5981
11524
10093
8245
4421
6003
5378
6651
3431
12673
4584
8380
9515
10885
9416
10187
13100
6826
12512
12398
4350
7851
9375
6809
7987
7988
8848
4481
4936
3943
4974
8247
4343
12873
12881
6212
6220
7865
7866
8521
4774
8740
11270
4186
7400
7193
12682
4274
5739
4914
7360
9917
7883
8078
5093
6125
10533
12816
7890
10605
12621
12909
7981
7812
3670
7896
5705
5125
4687
12551
8033
6996
7901
13373
10442
7741
6814
7372
8041
10306
3601
5719
7590
9489
4668
12524
7556
3436
12537
12680
10655
8142
8150
7951
7263
5518
5746
4013
3972
6855
5413
10008
6168
9186
7820
8557
3929
12772
5536
12945
6726
7935
10068
6293
9139
13369
4384
10778
7599
7788
12971
10335
6953
6422
7829
6895
4085
7954
6844
10154
7957
10613
5698
7960
4619
5681
10438
3851
6579
4477
12543
11686
10174
3478
7238
3914
8020
4837
8851
5875
4248
7934
6796
6435
11399
7984
12409
6405
12392
6715
3713
7928
4383
7994
12380
8128
8722
9357
12096
7998
7999
8000
12839
12736
13236
8004
8005
12552
8007
11050
10062
12641
13256
10526
10202
9324
12969
4848
8015
11206
12521
13240
13337
7232
8157
8158
8514
8339
8022
7762
4870
10978
10276
5437
8028
7482
9237
11049
4011
12644
3768
5411
12837
12411
5998
9279
11560
8046
9970
4221
6944
7589
8591
7426
10484
5929
4707
5987
11220
6327
4474
10052
6255
8155
12405
9953
5088
12778
7253
5394
7561
6424
7328
9408
10349
10476
3408
3424
8239
3849
12420
13204
7586
7124
5734
6752
6023
7536
4784
11545
12032
3737
10630
10918
12489
11698
8706
5963
11189
5478
9745
8228
5486
5912
3901
7119
5950
6939
4674
7439
4406
5172
7495
4355
11080
6903
8118
7049
12419
3439
7081
10917
5995
3600
8126
5834
5226
8260
8869
9048
8134
8135
7082
5762
8138
7775
3792
4300
10317
6084
7689
12647
12511
8146
10251
9637
7276
9030
5398
6285
8386
7761
10041
6933
11429
8161
3511
7514
7438
4095
8587
8167
5119
5543
5089
13104
8172
6203
8382
8261
4531
10648
5735
8725
7600
8550
5196
3999
8064
6994
4105
9688
7649
8785
4301
7763
8319
8320
11552
3460
6440
8274
4233
3797
10069
7659
5696
5099
4071
7592
10216
10753
5496
8206
8207
6315
8021
7515
9803
12001
6004
5643
8238
6288
4735
12742
12750
7916
9078
6683
8223
7837
9023
8226
6206
4168
8231
4720
4070
4239
4744
7347
9216
4731
4820
9784
5745
10294
3836
12389
7419
9909
13072
8732
8377
8378
13375
5143
9617
4616
10472
9196
11741
9192
4077
5122
6943
4148
10186
10351
4106
4858
8264
7807
10519
8398
8263
8395
8502
9054
8499
6410
12517
12069
6081
5265
8370
11094
8916
5708
5375
12473
10804
9937
6260
8180
12491
6024
5263
11074
8287
8288
12705
12163
6277
6707
11421
8294
3447
3720
7918
12514
8299
5157
9350
11414
10687
5434
7501
6378
8965
8308
12550
5802
3782
4392
11862
6611
3828
5236
5953
6071
10218
6931
9960
12678
13125
5382
11088
9070
8254
12076
6426
4374
7160
12973
8336
8337
8471
8472
8589
6394
8194
13108
5111
12385
6811
6817
9676
3604
7188
3522
4134
8797
11166
5383
7968
8356
4467
5655
8359
12841
6178
6131
12619
5386
9930
6172
8446
6902
4469
10501
7947
6072
9168
8742
7558
7726
8379
7800
4529
7717
8383
5018
5737
10022
3416
8229
4145
4061
10947
12002
5615
7699
6007
7816
8399
8400
7094
5446
8403
4452
4316
11731
6788
6656
8539
8540
8409
8410
8787
8412
12810
11769
12158
8416
8417
9920
9776
8420
11433
9060
10267
12575
12090
8426
8427
8428
8614
8430
8431
8432
8433
10044
8435
8436
8437
8438
12939
12683
8441
8442
8443
13177
8445
8501
12021
12382
8449
8450
9359
13306
8453
8597
8455
8456
5528
7294
6976
3750
9804
10961
8181
8577
9483
5076
6349
5492
8469
8470
9749
5381
4158
10941
10155
10869
4001
9838
6016
7003
7205
8429
9244
12030
10847
10343
8876
7610
8490
4882
6258
10162
9351
4587
9821
5710
12443
12099
8631
8236
12035
8634
12707
8762
7867
6066
8723
8531
5752
7748
4856
9526
10955
8511
7435
9657
5363
8515
4708
10308
7647
6935
3970
6185
8411
8523
4360
7519
5173
5019
7971
12418
10253
5152
8029
8533
5327
5276
7402
3656
3523
7066
7026
8684
3555
6564
10787
6308
8548
6372
9996
3741
8102
11033
8159
8555
8556
8162
9649
8164
10083
8166
8562
8749
10863
12165
8171
8922
8173
8174
8928
8176
8177
11599
10786
9829
8576
4436
7323
3821
4101
10304
4601
11506
7173
11140
4286
13366
6566
13363
3763
5706
9410
7013
12068
5367
8940
7861
5620
6759
9677
4128
8947
8602
7783
6891
7508
7870
8115
7654
6960
12709
8624
5952
3455
3458
12155
7084
11989
8618
11170
9591
8621
8520
8230
9952
8232
9226
9249
6775
4822
8058
3461
9836
8637
8638
8639
8640
8641
8642
8643
8644
10017
8646
11703
8648
13233
8650
13230
10623
8653
8654
9264
8656
8657
12008
8659
8660
8661
8662
8663
10434
8665
8666
8667
8668
12601
8670
8671
8672
8673
8674
8675
8806
8807
7037
7413
7997
8681
5104
5294
11869
8601
12977
12083
8689
5892
6884
12677
4348
9327
8695
8404
4865
7651
11056
8700
9251
4711
6292
6174
12553
9220
7350
6501
8709
8829
5854
10176
5840
3589
6151
5828
5897
11739
8136
8813
7729
12862
4226
5670
4639
5081
11023
9219
7091
11003
9516
11695
8733
8735
8736
10770
12416
4310
12845
13358
7584
4404
6716
5880
4298
12579
8898
8291
4410
8752
4543
11995
8755
9985
8884
3396
3728
8758
9064
4344
5796
4604
3430
5505
6155
11609
10830
12577
13045
9269
5101
9820
11758
10172
12479
12487
7299
9456
10810
8780
3432
4187
10924
4794
4397
8896
5358
8788
8192
7688
4699
10603
9912
8794
8795
5826
8255
11372
8175
4565
3739
5846
8025
11990
4575
9795
5324
4464
8938
11767
13101
7161
13098
3960
8918
8860
5175
10824
12447
9282
8818
8819
12547
11706
8822
8823
12027
8825
8826
8827
9113
8839
9293
8831
8832
8833
8834
9487
10494
8837
8838
8961
8840
8841
8842
3563
10816
9411
4706
3941
12421
3477
7758
9398
4386
3469
9524
11857
11738
5047
5546
9118
7504
8855
5867
9355
8863
8864
10339
8999
9605
4000
8003
12015
7828
8059
4552
10762
5547
5754
3886
3532
8773
8629
10474
8073
7114
11607
8169
8817
8887
8888
3658
7053
4500
12415
6596
4053
6246
9828
8151
5449
12053
6909
3644
8583
6533
9084
7750
7324
8205
13319
6370
12445
7579
7842
9422
9694
7978
8917
8692
8770
3831
4808
11006
8923
8924
7344
3709
8927
8422
11203
4804
5977
4938
6238
4279
8354
6745
7488
3607
11241
11495
3679
11726
7832
10302
9037
7956
8949
9262
3746
6714
7895
8905
8309
8956
9087
9088
13359
8454
9076
4764
10003
8835
5116
8375
6463
8267
5108
5075
4465
8970
5184
10077
7198
5817
7321
6433
11504
12970
10053
12967
8828
8544
7148
3639
11863
6911
6343
8699
3908
6351
11574
5503
5248
8920
8996
8997
7782
7534
10774
5713
7291
8072
8572
12838
5065
6360
3414
11690
9141
3499
9011
9012
9252
9014
9015
9016
9017
9018
9019
9020
9855
3791
3385
8394
7712
6362
8579
4442
10872
8830
4029
5851
3456
9135
7702
7606
9077
5502
7336
11343
9041
4965
10023
6512
7777
8569
6867
7390
11993
10511
3803
5097
6924
7616
10206
9056
4174
5636
9059
6471
3818
4091
3682
11071
5624
4946
8385
6710
5992
13056
12731
11732
9224
11109
9797
7176
4942
5750
9079
9080
9228
4200
4765
9471
3984
9086
10341
4704
13377
9995
9093
7020
9818
8233
11362
7105
8972
9052
10632
9102
6154
4653
8751
10887
8014
5465
7976
5416
3421
5535
6975
11594
7100
4133
4747
6431
8234
7241
9598
9013
12157
9371
9255
9256
9298
9787
4144
9127
9128
9766
3909
8655
10170
7991
3843
9702
4254
6550
7572
8503
9142
9143
9144
9145
9146
11441
9148
13244
9150
10208
9152
9153
9427
9155
9156
10938
10587
12912
9160
11016
9162
9163
9164
9165
9166
10976
8103
7425
9169
3892
6122
7074
9173
4041
7230
10235
8313
7732
6917
5668
9181
8686
6259
7888
7313
5893
9187
11370
6691
4970
9191
10503
6304
4881
5986
12019
4795
3778
8982
13313
5885
4550
9204
9236
4846
9101
6229
6897
6369
9211
9212
7468
6366
3779
5787
8846
9218
9944
12057
8534
5139
9223
11660
7922
11556
6322
12153
11345
7064
6523
9232
5653
10793
10545
8116
4305
7655
8340
3968
12794
6838
11600
11676
8140
4614
5562
3390
4339
10043
3482
7899
6940
7698
12706
9720
12703
9260
9261
7496
9229
9284
4581
5985
9579
3806
12923
11330
8130
6831
13262
6029
4191
11858
9277
7675
8074
10300
4631
4951
9283
9393
9285
7791
3926
6100
6386
7249
5150
4067
7339
8204
5516
8331
6682
11438
12025
4900
9301
8766
7664
11683
11745
4734
6465
9259
5401
10807
6942
13112
9313
10039
4694
3661
4405
8474
10515
10845
10245
9754
13278
7133
4981
5598
6271
4801
7695
7162
12029
7370
10075
9333
11239
11425
9466
9921
7388
9631
5373
7186
8708
5204
9342
9343
7078
5601
11178
7282
3810
9349
9089
9090
9091
9092
9354
9094
9095
9096
9097
9098
9099
9493
9494
9668
4037
9363
6104
7964
8478
6926
6820
4459
10228
9691
9372
11079
8908
4137
8968
7393
11561
7912
8258
7975
7587
12576
5307
12573
8594
7639
9389
9390
5896
11527
5843
9063
9488
11336
10441
8745
8282
4585
12154
5450
4660
5471
4602
9406
9540
9541
10551
9536
9409
3595
8527
9412
9413
9414
7577
7604
3711
5930
6806
3980
4163
3708
6195
13131
3574
5256
11098
8782
8796
9430
4723
7458
10458
9434
3765
10686
4838
5281
3997
7631
9442
7992
6555
11727
8946
11999
9448
9449
4996
9942
9452
9587
13330
9701
12444
7385
12441
8376
10755
7919
9320
5341
10036
11198
9453
9467
11772
8849
8814
7718
6033
5672
9474
10612
6678
12981
3663
9421
5656
9481
9287
9482
8753
8401
9486
6993
7380
8509
7845
7716
8979
9495
12101
9497
10528
9499
9500
9501
9502
9503
9812
12849
11342
10677
7087
7122
12781
5336
8466
3552
7268
4170
12661
11752
13326
4002
8532
9724
10965
9522
9523
9000
10527
9002
9003
9004
9005
9006
9007
9008
12156
9010
9317
5891
3789
5362
12026
10585
11664
9544
9545
11045
9547
9548
11264
9550
9551
9552
9553
9554
9555
9556
9557
9558
9559
10974
9561
9562
9563
9564
11675
9566
9567
9568
9569
8024
5609
6321
9297
10913
13197
4259
9576
9709
12089
12097
5141
4456
5676
9582
10249
3543
9586
7351
9174
3774
3685
4632
5937
7719
5792
10073
9810
12607
9601
4924
8447
8596
5616
7949
11393
9608
9609
3654
6319
8423
5823
9615
6257
4271
4685
6739
9620
5501
10815
11762
8137
13165
5249
12868
10548
13294
8685
12468
9635
6364
9789
4064
3615
9638
13147
4726
13193
5933
7771
8392
10104
7573
11482
9311
12451
3470
8494
12531
7410
4873
9655
9656
8778
4044
12031
5229
5961
6408
12650
5003
9535
6650
9470
10483
9744
8574
6002
9672
4661
5855
9675
9380
4749
10834
9679
9680
6070
5352
9529
7545
9504
12718
7974
8017
5587
7523
5729
7187
4598
5369
5718
9696
10419
6282
10933
11175
8125
6624
6138
5714
4086
5999
7368
9708
11430
6506
7342
4540
9302
9715
10843
8561
11531
9718
5192
5181
10102
12055
9850
3694
12399
11432
5946
9021
10782
9857
11860
13289
9728
9729
9730
9731
11072
9733
9734
9735
9736
9737
9738
9739
9740
12028
11774
9727
9743
9401
6999
8243
13258
5927
4778
4802
6043
4296
8645
6853
6702
11861
6961
6684
11027
7993
6808
9971
8867
6747
9765
9464
8143
6922
8235
6041
4319
3437
7088
9710
6385
8031
9895
7106
8567
3529
13033
9782
9783
7292
4476
11595
8418
11499
7915
3665
5917
11764
9705
10557
8227
7255
9491
12737
9799
7046
13360
9802
5391
8280
9805
9806
10307
3510
7412
7700
8212
9167
7703
6289
7705
7706
8939
4448
9531
3877
9889
9823
10939
7714
9124
9827
11213
8002
4779
7734
3872
9613
7357
9835
9848
6114
6305
8756
6537
9841
9842
9419
5279
10802
13352
10166
5350
6956
4893
6254
4957
8883
7396
8836
7006
11489
9862
10301
9992
12054
8892
12051
5582
5962
4171
11268
9870
7562
4166
8971
10321
9875
9876
5179
5767
7285
9879
9880
13324
9882
9883
9884
9885
9886
9887
9888
9954
9890
9891
9892
10282
9894
11542
10027
13293
3410
5361
9898
11729
9959
10190
3903
7672
13219
11210
8904
3981
6380
10625
10766
8434
3425
8573
9915
9916
6509
9663
4059
13227
8293
8170
11397
6770
4796
3584
9837
8984
9507
3597
9723
9932
6375
10583
10556
7936
8145
9938
9939
9940
8530
9989
7904
11366
4277
10285
8929
10652
8729
6458
8165
11549
8635
5128
3475
9955
4150
13061
12455
10033
6744
3426
9732
9517
3971
6646
7103
9967
7542
5231
7680
4592
3560
9973
10997
8590
6706
12900
6459
11509
7050
7963
10115
10116
9083
9583
10009
9725
9726
10445
9860
9861
9990
9863
9864
9865
9866
13191
9868
9999
10000
9871
9872
9873
9874
10005
10006
9877
9878
6531
9607
10011
3883
10018
4633
5154
8075
11730
4004
10020
7195
5113
4743
5800
6950
12884
10454
4947
10031
8493
7472
7025
4303
8279
8616
10168
10169
10279
4857
7570
10523
10347
8186
8724
7582
5295
10615
10047
13255
9929
10159
9956
7591
8257
3907
3433
9292
9946
4054
9241
7872
7076
3429
7465
10064
13087
5607
10067
6201
7938
10070
10071
10350
9055
12603
9151
12474
6228
7467
6791
8213
4813
5964
4973
4034
3867
8677
9703
10088
7302
3923
6873
11042
8178
9585
10496
11331
6584
7917
10144
12864
5142
7858
5337
7696
5856
10106
10107
6159
5508
10110
4062
8538
4414
8119
10117
10118
10119
10120
10121
11169
10123
12009
10125
10126
10866
10128
10129
10130
10131
10132
10133
10134
10135
10636
10137
10138
10139
10140
10141
10142
10143
10232
11234
10146
10147
3465
9533
10910
10323
8932
10152
4577
12769
7955
4347
11867
10028
10029
10030
10161
10543
10295
10296
13270
7685
11356
9280
8131
4149
5328
6997
3933
8042
10678
11078
7463
7638
10180
10181
8993
11135
7885
11661
8217
11763
4332
10224
5405
9381
9893
6768
10325
10326
8154
3795
8296
10197
7492
8369
10200
8512
7373
11839
10204
10205
8998
3819
6696
8396
8487
4176
13322
5573
11541
8097
10149
11411
4382
6966
7041
10221
4434
11696
11704
10358
10359
12638
9982
6298
9987
8393
11081
7012
3800
12825
4923
8891
5473
11597
9714
13095
10240
10225
6094
10243
9767
4466
10191
7497
7731
11511
5482
8038
9291
8397
4727
6225
10256
8034
8781
12954
10259
9001
10112
10263
10264
7065
7199
6078
8859
10269
10270
8963
5494
11418
12733
10275
11102
10032
6403
3736
6649
6391
6981
10284
6390
12932
8055
10422
10423
10549
3598
11001
4800
9918
11766
12799
3996
11768
9193
8664
11501
11167
6186
10287
5629
3405
5785
9403
6643
6164
9859
10311
10312
8801
5701
7543
7527
13059
9431
5365
9902
8950
7170
10486
10447
8013
6127
5151
13189
4611
4955
10333
5407
3724
10336
10337
10338
8249
5046
8879
5460
6634
3894
5349
5619
3619
4356
12928
9383
11217
6849
11528
10354
11525
6859
4899
12116
10945
10362
12065
13124
10365
10366
10367
10368
10369
10370
10371
10969
10373
10374
10375
10376
10377
10378
12753
10380
13325
10382
10383
10384
10385
10386
10387
10388
10389
10390
10391
10392
10393
10394
10395
10396
10397
10398
10399
10400
10401
10402
10403
10404
10405
10406
10407
10408
10409
10410
10411
10412
10413
10414
10415
10416
10417
3844
11736
9639
6907
6764
10424
10425
10426
10688
10428
10429
10430
10431
10432
10563
12506
12078
4289
9289
5170
7721
8163
13192
4119
5022
10516
8942
10446
10870
11746
9335
4025
3827
12061
10779
6734
9542
5169
9158
5043
6468
7237
9945
10463
5007
6882
10466
7272
11708
10469
10470
10471
8907
10498
7446
8381
7891
5329
5308
4042
9149
8507
9040
12084
9180
6242
5631
10487
7924
4556
5909
10491
9667
9286
8652
3967
6295
8771
7165
10499
11199
4573
8862
8405
10356
10505
10506
10136
4396
10509
7246
10600
11265
9366
11262
12692
10574
9300
8153
5925
7247
7481
11036
6171
3691
10838
8053
10656
10657
12622
4192
11598
10530
8297
7399
4964
7035
10535
13162
4266
9534
10539
13291
7002
5020
4901
10171
7544
6068
9807
10550
10680
10681
11333
6129
4039
4193
9100
12470
10427
10559
8609
10109
5472
7843
8815
4537
6644
11572
7684
11391
6365
3868
6693
7724
10037
10576
10577
10904
5403
4173
8705
6920
5443
9716
12833
9596
7759
4513
6507
6520
5498
8622
10592
10586
7308
10595
7121
7914
10598
10599
10640
4863
13060
9281
6187
7574
10127
5190
6301
3449
10459
7032
9138
7733
8744
11375
10616
3751
11483
6698
10620
4905
5599
6353
11085
8489
5149
7766
10628
6502
7923
7869
7751
8357
10634
10635
12962
3758
10638
6890
5788
5613
11505
4814
5695
12562
6973
5215
7447
10175
8328
10651
8610
5902
5359
13057
8948
4272
10660
10661
11562
10705
12797
6208
10814
10667
9926
7079
10670
6038
10671
5709
9845
3870
5984
10767
6148
11493
9974
10679
9899
6218
7849
8106
10666
5077
4948
11672
10689
4333
8535
8592
10692
10693
10694
10695
10696
10697
13030
10699
10700
10701
10702
10703
10704
12600
10706
10707
10708
10709
10710
10711
11765
10713
12926
10715
10716
10717
12430
10719
10720
10721
10722
10723
10724
10725
10726
10727
10728
10729
10730
10731
10732
10733
10734
10735
10736
10737
10738
10739
10740
10741
10742
10743
10744
10745
10746
10747
10748
10749
10880
10881
10750
6261
6573
9239
5720
12861
5015
5145
10758
5178
6883
3992
4450
6269
10764
10765
10095
4124
11368
4603
12798
11350
3493
7404
10775
8600
5247
8981
3719
8757
10781
6191
8969
8300
4038
8241
8093
10788
12670
4324
6316
4555
3643
10794
10795
4032
12927
10798
7197
10800
4896
7450
6978
11691
10803
4944
10952
11503
10809
7653
5949
7048
9462
10361
5763
8391
4966
10818
4108
6103
9157
7878
5550
5146
7933
9175
8874
5237
5037
4879
4978
6059
3924
4217
10835
11986
11367
11092
3457
5545
5314
5034
9560
4073
3395
8698
9936
5189
9477
4725
12666
10852
5527
6508
10855
5360
7280
10858
10859
10860
7289
6048
8414
8011
10236
10808
7136
4030
5873
9935
7395
4229
11998
9386
11431
11439
6969
5234
4613
10882
7287
10899
8032
8488
9161
11377
7521
10890
6495
10352
10908
4393
12897
10896
10897
7327
4413
10900
6345
11031
11032
11034
11538
13170
10522
8820
10906
6832
3697
7767
10092
13299
10912
9546
7547
5090
5216
3815
4292
10919
10920
5813
10751
10553
10894
10925
10926
11059
11604
13308
11011
10929
7889
10931
12490
10673
10674
10675
6381
4370
10898
10940
4571
5118
4623
6494
7262
10875
7859
3627
11201
5078
8845
6412
8741
8992
10436
8315
12080
6785
10372
7146
5103
6222
10591
10055
8909
10966
10967
4162
5725
11218
3920
9437
4967
11576
9904
4818
13368
7792
8626
10184
6681
6473
10983
4491
6415
13346
8199
10452
10989
11123
11124
12795
10991
3394
9392
7218
3540
10255
9549
10948
6110
4891
6505
10085
3785
4295
6485
11007
11407
11143
11144
11266
4075
11062
10541
10072
5654
10108
11557
10850
9606
11019
10273
7367
7973
7452
3660
11025
11026
9465
11029
6984
8353
10685
5832
10122
3699
11038
10461
4702
10101
9700
4212
12924
12665
7877
8112
3863
12540
5648
11051
11052
3567
9519
8302
8096
11057
11058
4407
9706
11371
5277
11065
5161
11107
3545
12766
10949
5589
11854
6442
11073
4010
5107
10215
11077
6910
11685
4495
8960
11082
9045
10266
7950
6889
9214
9513
6240
10937
8976
3507
5671
8006
5822
13235
7036
9154
11099
11100
5177
10145
4263
8615
13213
11043
12730
4354
6481
6411
3646
12536
4790
5385
3939
11116
8182
6413
12040
3516
6511
11122
11125
11126
11395
11258
11259
11426
11129
11130
11131
11132
11133
12700
4793
9869
5301
3399
7319
11360
6291
12635
3415
11145
11146
11147
11148
11149
11150
11151
11152
11153
11154
11155
11156
11157
11158
11723
11160
11161
11162
11163
11128
11164
7222
8160
8636
9922
9445
8421
11171
3490
10310
4998
13336
10876
12535
9147
11047
8037
9133
6840
5044
11184
11185
6266
7757
4358
7500
11190
11191
11061
11278
11194
11064
12408
11066
11067
11068
11069
11070
10990
13281
8463
11205
10682
10683
10684
11209
9506
6336
12664
7969
11214
7799
4472
9034
5645
5976
11502
5642
10475
7284
8326
13038
7059
5564
5457
11327
7118
11231
11232
5603
13203
3744
10768
7531
9188
11063
8798
4781
3502
4364
4733
3727
10449
11248
7908
7023
12403
7646
9033
11254
11255
11256
6593
7394
12404
11224
6398
8113
7022
3588
8991
8360
6974
4302
8344
9595
11402
11403
11273
12113
11275
11276
11277
11325
11279
11280
11281
11687
11283
11284
11285
11286
11287
11288
11289
11290
11291
11292
11293
11294
11295
11296
11297
11298
11299
11300
11301
11302
11303
11304
11305
11306
11307
11308
11309
11310
11311
11312
11313
11314
11315
11316
11317
11318
11319
11320
11321
11322
11323
11324
11409
11326
11458
11459
11591
11328
4919
9339
5989
4334
9713
10529
5741
4287
11337
4228
5074
11060
11341
5133
11866
10271
12503
11346
5129
8094
7980
3742
4789
6005
6276
6717
9628
8043
6659
7296
5318
7295
10250
10575
11363
11364
10578
10579
6376
7687
6132
6243
6761
5284
4346
7666
11263
9779
6095
9319
4627
11379
6530
3671
11382
5945
5967
11385
11386
11387
7457
8676
4449
3677
8475
13071
12570
10791
5033
6472
9276
7794
5647
4006
11405
4451
10902
11516
11456
7743
10026
5565
5390
8926
5393
9811
11417
11349
13103
5641
5960
8289
11423
11424
7996
4535
11427
13081
6371
3983
9704
9505
7711
11434
11566
11567
9384
9199
8067
4929
11394
11440
11777
4454
10946
10080
10658
10659
11447
11448
10662
10663
10664
10665
11453
11454
10668
10669
11457
11460
11461
11462
11463
11464
13182
11466
11467
11468
11469
11470
11471
11472
13311
11474
12534
11476
11477
11478
11479
11480
11481
11613
11614
13332
7657
10840
5094
10868
3417
13151
10570
10571
10572
10573
11565
9305
4460
11496
11497
11015
9574
3450
8987
10712
10293
9950
8941
10994
5049
7900
8812
4697
9742
9983
11513
5252
7054
13150
11735
4534
11519
11520
11521
9270
7152
6247
11633
5733
10644
10534
10364
5771
9543
7737
5268
7359
4516
4240
11536
5504
3767
4915
12438
9565
4888
12662
3749
8082
9964
8095
11548
7102
4400
6664
10601
11282
11554
11555
9140
9674
11558
4046
10935
11335
10248
12809
8761
11626
3701
9762
5526
8647
4047
11573
8821
10833
5273
4797
5868
8197
11580
11581
4659
10643
7630
9294
11586
11587
3801
8878
11590
12938
11592
8183
6363
7033
7052
6648
10150
7055
9072
11601
6776
10265
10418
11605
6226
4372
4051
5355
11610
3985
3732
11615
11616
11617
11618
12905
11620
11621
12402
11623
11624
11625
11699
11627
11628
11629
11630
11631
11632
11658
11634
11635
11636
11637
11638
11639
11640
11641
11642
11643
11644
11645
11646
11647
11648
11649
11650
11651
11652
11783
11784
12013
11654
7781
8244
4267
5506
4989
4762
9993
9849
12467
3976
6479
11219
4994
6594
11523
11670
7801
10363
9760
11674
6735
6504
3860
13350
11225
5921
6777
11682
9711
9712
10124
6402
10299
11688
11689
8688
9475
11692
9062
4770
8779
9907
8425
6120
11756
7157
8808
8809
8810
6299
11705
8630
10203
9341
4570
9176
11712
11713
10329
6607
10165
4321
11718
11719
5848
8303
11722
3402
11724
3650
6695
8305
6848
9858
9757
3747
11571
11733
6795
8882
3974
11737
7332
11870
11871
12100
5298
10313
11742
3466
8552
8881
10565
10566
11983
10568
11653
5766
5610
4412
11215
3503
11606
12972
10258
11759
11760
5966
8885
9539
8824
9741
12819
8458
6251
8090
3995
6781
8237
4008
8776
4141
11776
11119
6265
11779
4572
7443
11782
11785
11786
13050
11788
11789
11790
11791
11792
11793
11794
11795
11796
11797
11798
11799
11800
11801
11802
11803
11804
11805
11806
11807
12532
11809
11810
12840
11812
11813
11814
11815
11816
11817
11818
11819
12948
11821
11822
11823
11824
11825
11826
11827
11828
11829
11830
11831
11832
11833
11834
11835
11836
11837
11838
5723
9496
6338
12676
6708
11843
11844
6196
8697
10922
5317
11849
11850
10567
11260
11853
10836
11855
4496
9621
4827
7204
9994
13288
8632
8658
11864
5130
5377
10435
11868
3668
11872
11873
11874
11875
11876
11877
11878
13374
11880
11881
11882
12888
11884
11885
11886
11887
11888
11889
11890
11891
11892
11893
11894
11895
11896
11897
11898
11899
11900
11901
11902
11903
11904
11905
11906
11907
11908
11909
11910
12887
11912
11913
11914
11915
11916
11917
11918
11919
11920
11921
11922
11923
11924
11925
11926
11927
11928
11929
11930
11931
11932
11933
11934
11935
11936
11937
11938
11939
11940
11941
11942
11943
11944
11945
11946
11947
11948
11949
11950
11951
11952
11953
11954
12400
11956
11957
11958
11959
11960
11961
11962
11963
11964
11965
11966
11967
11968
11969
11970
12774
11972
11973
12546
11975
12106
12107
11976
10822
4930
11981
11982
11274
10242
11985
10360
11987
4922
8536
3777
8448
3442
7678
4609
11996
9538
13241
6724
12000
7274
8720
3440
4709
12005
3613
3657
7642
3553
11955
10455
11622
11251
9592
3508
11416
10842
11196
11261
12020
9600
13249
12023
8451
3463
8168
9009
4308
8415
9911
4542
5948
9633
6680
13370
10054
12038
12039
9773
9658
12042
13271
11740
12045
12046
12175
12176
12414
11540
11979
6936
10237
7259
8712
6574
7491
10864
8816
3705
7209
10537
8419
3603
12063
6449
3497
10883
12067
5091
4690
4883
12022
12044
4645
11498
12075
8216
8931
5566
6510
6655
12081
12082
10260
5694
12085
12170
7389
6552
6639
9278
11437
12092
13237
5983
5126
4082
12037
12098
9928
10672
4282
3580
9854
6462
12105
12108
8461
3695
7874
3680
12111
12112
3766
6423
12115
10564
12117
11435
12643
6021
11168
12121
13345
12123
12124
12125
12126
12127
12128
13185
12130
12131
12132
13314
12134
12135
12136
12137
12138
12139
12140
12141
12142
12143
12144
12145
12146
12147
12148
12149
12150
12151
12152
12047
9759
7417
4990
8529
9664
11994
10905
6177
12122
8365
4083
8408
8054
12166
12167
10718
4931
12216
3438
6499
12173
12174
13157
12178
12179
12917
12181
12182
12183
12184
12185
12186
12187
12188
12189
12190
12191
12192
12193
12194
12195
12196
12197
13140
12199
12200
12201
12202
12203
12204
12205
12206
12207
12208
12209
12210
12211
12212
12213
12214
12215
12302
12217
12218
12219
12220
12221
12222
12223
12224
12225
12226
12227
12228
12229
12230
12231
12232
12233
12234
12757
12236
12237
12238
12239
12240
12241
12242
12243
12244
12245
12246
12247
12248
12249
12250
12251
12252
12253
13105
12255
12256
12257
12258
12259
12260
12261
12262
12756
12264
12265
12266
12267
12268
12269
12270
12271
12272
12273
12274
12275
12276
12277
12278
12279
12280
12281
12282
12283
12284
12285
12286
12287
12288
12289
12290
13053
12292
12293
12294
12295
12296
12297
12298
12299
12300
12301
12346
12303
12304
12305
12306
12307
12308
12309
12310
12311
12708
12313
12314
12315
12316
12317
12318
13287
12320
12686
12322
12323
12324
12325
12326
12327
12328
12329
12330
12331
12332
12333
12334
12335
12336
12337
12338
12339
12340
12341
12342
12343
12344
12345
12432
12347
12348
12349
12350
12351
12352
12353
12354
12355
12356
12357
12358
12359
12360
12361
12362
12363
12364
12365
12366
12367
12616
12369
12370
12371
12372
12373
12374
12375
12376
12377
12378
12509
12510
12513
12120
12626
10012
3847
7375
4005
12386
8978
9968
3678
12390
10954
12877
3927
7371
12395
5879
7770
10049
9498
11808
3411
11475
11177
11044
6200
10879
7004
12168
12625
12410
3772
12412
12413
11974
11037
4830
7407
11564
11014
11226
3428
12974
12423
11514
9304
9111
7331
12428
12429
10645
11582
12476
6930
3948
12435
12436
12437
6881
4473
4721
3738
5072
13364
5685
6818
10959
7166
12842
7509
12582
12583
13286
12160
8547
12453
9310
4268
12457
12791
12581
9365
12461
8374
3991
7512
12465
5240
11529
8669
10950
7016
12471
12472
13156
11204
12475
6514
6625
12074
8727
10854
9593
12482
12368
12920
6368
5102
12488
4018
11500
9407
9957
7145
12119
12495
12496
12094
10157
10867
4211
12501
13231
11141
7061
12505
10507
12507
9988
8389
11004
5958
8035
4629
7175
8259
12518
7363
3383
9508
12522
7671
7693
5872
8560
12527
6493
6979
10865
12159
12786
10004
7111
6885
9436
7789
11980
5374
10789
3796
12542
12383
12544
12545
3949
5497
6834
5635
8052
12087
9274
8440
4950
12555
12321
8633
6789
10340
12560
12561
8342
4826
12564
3838
8219
12567
12568
12894
12746
5495
4750
5283
9425
5466
11992
11137
12312
10210
4815
11550
6807
12713
12714
13272
12587
6105
4874
3771
12590
5814
6524
8595
12594
4566
12048
8623
12598
4655
9334
11697
11021
4152
12604
12605
9961
4995
12608
10489
5780
5585
12379
3406
7093
12615
4847
5463
10492
7621
8790
12620
9616
10379
4748
8719
12263
12235
12627
12628
9484
12630
11246
7619
12633
12634
4897
5303
12637
7645
12639
4493
7605
7441
11971
5009
7172
7270
9382
12648
6949
8086
8986
12652
6346
10823
6396
12787
12788
12978
12657
6968
5728
12614
11211
13099
12701
5011
6194
4017
9344
4435
12893
10233
6548
12672
12427
12674
12675
8760
8413
3761
11721
12744
9376
9682
4504
5212
12685
5052
11984
6209
10089
12690
12691
12803
7595
12694
6525
9026
12697
12698
12699
6030
5480
7822
7754
11390
9391
8001
11811
12846
9903
9308
4909
4515
6901
12716
12018
11563
4398
12720
7977
7503
10081
12724
7524
8252
9402
12728
5167
3773
5479
10227
10100
12734
12735
7827
6145
12738
12802
4728
6872
6180
9246
9775
12745
6044
12747
8994
10247
7749
12751
11404
6467
10956
4608
11911
11883
12758
12759
11369
12761
3977
12569
12764
12765
4403
5511
12768
9977
12770
9943
9815
9906
11619
9243
11030
7356
12775
12779
7151
9159
9897
12783
4498
9429
12180
8563
12790
5057
10964
10525
6633
11244
7164
10714
3813
10606
10219
9362
6478
8558
7149
12805
4769
12807
12808
11159
8439
9202
4932
8738
6672
8505
3852
5626
12818
11820
4417
11237
9132
12823
12824
6166
5010
12827
11075
4033
12830
12831
12832
5092
12963
12964
12968
12835
12836
12834
4066
6278
8371
11757
3562
12417
4178
5163
12715
7644
12847
11494
12588
12589
12851
12591
12592
12593
12855
12595
12989
12990
13376
12859
10927
11662
8057
4345
9678
12865
12866
8367
10480
12869
11569
6586
3769
7473
12485
8944
12876
12198
12878
10621
8018
8893
12882
3743
10456
10757
11233
11539
10569
12889
12890
7746
12892
5980
12177
12895
12896
10698
5230
12899
6657
12901
11700
7153
8746
7986
4902
6250
6392
3853
12910
4429
7686
5575
12914
4422
12050
11787
3878
12919
12291
9331
6236
7765
10086
10097
9673
9698
5335
6661
9794
10805
13032
4710
12934
10111
12936
12937
5570
7909
7436
6543
11083
4045
7433
5972
8292
12947
3566
3944
13029
12886
12952
12953
12388
8188
12956
3712
7028
12959
12960
12961
10239
9537
11508
8811
11334
3480
8975
5100
10034
4273
12254
6034
4219
4444
12319
12979
4903
7406
9683
12983
4453
7722
3937
12987
11040
12980
12991
12992
12993
12994
12995
12996
12997
12998
12999
13000
13001
13002
13003
13004
13005
13006
13007
13008
13009
13010
13011
13012
13013
13014
13015
13016
13017
13018
13019
13020
13021
13022
13023
13024
13025
13026
13027
13028
13159
13160
13251
10536
3859
13065
9979
13034
5819
7275
6373
4686
12740
9963
8482
12916
13043
3802
8444
6279
13047
6527
10856
11465
9348
13052
12129
9577
6576
9693
10330
11115
9867
7597
6703
9358
9369
5827
6618
4028
13067
6577
13069
13070
9528
6325
7113
11612
6598
12538
9581
7415
6746
13080
4253
7217
5588
5136
13085
13086
13127
11583
13089
4695
12052
13092
13093
13094
12520
4560
5778
8651
12502
4204
8649
7421
11668
9659
10230
9627
12584
12585
12586
13110
13111
10609
13114
4546
5117
5424
13118
7834
13083
6421
13122
4210
10048
7898
4027
9748
13128
13129
11138
3874
13132
9951
4997
4157
8275
6245
10958
13139
5014
13141
11484
4911
7120
13145
7420
9323
11710
6036
4593
11230
13152
13153
8977
13155
13109
9049
13158
13161
11410
8565
13164
9629
13166
11744
7409
7752
3855
8952
5551
8612
5908
13175
11028
8452
12508
13179
12755
6192
11473
7475
13184
12133
5602
13316
13317
13378
13188
13320
13321
7548
6851
9881
10381
8554
4843
7286
6037
9588
5509
13199
6713
13201
13202
13282
11000
6964
6721
3388
11568
7138
7109
7240
13212
10986
3861
3606
4962
13217
13218
3389
7972
13221
10848
6476
13224
13225
13226
8290
5634
7485
8129
8424
12944
12548
9115
3700
3484
10540
4925
5541
4311
11879
13242
13243
5944
13187
13379
