100
345
2261
29302
3396
28153
20461
6023
19265
22443
9750
24718
32241
17813
15540
9448
7301
6700
21552
11244
30543
12689
12539
24025
29918
14881
25040
268
10859
31560
15162
22391
21364
32405
11351
12366
27814
20244
20699
16899
30208
17112
25687
24693
8246
727
31420
25445
26963
17659
8731
20777
27811
27765
20910
8612
27088
1109
18972
11637
18251
18519
19193
7535
5101
12288
16780
28233
19423
12266
21718
23703
25783
9565
29391
19705
25827
8222
17139
1171
2635
32396
8701
17853
17458
4072
2803
9467
1117
12533
4450
10799
11128
5825
20715
4621
5301
15298
30206
17360
1206
