100
345
1109
1171
2261
2635
2803
1206
3396
1117
4072
4450
5101
5301
4621
5825
6023
6700
7301
7535
8222
8246
8612
727
8701
268
9467
9448
9750
8731
10799
10859
11128
9565
11244
11637
12266
12288
12366
11351
12533
12539
14881
15162
15540
16899
15298
17112
17139
17360
17458
16780
17659
17813
17853
12689
18519
18251
18972
19265
19423
19705
19193
20699
20244
20715
20777
20910
21364
21552
21718
22391
20461
24693
24718
23703
25040
25445
24025
25687
25783
26963
25827
27811
27088
27814
27765
28153
22443
29391
29918
28233
30206
30208
29302
30543
31560
31420
32241
32396
32405
