10000
11170
14412
4486
15969
11175
28675
1879
14677
3037
10601
25929
14416
7866
12978
12307
8000
8763
21617
17999
26984
8049
17160
23584
18028
25404
17507
23065
3496
29783
24038
9050
31686
10900
7843
1788
28304
19305
22993
24752
4866
20396
25977
11426
14756
13979
12659
4772
17687
2591
19089
11400
26349
30802
7706
3021
7870
9790
4474
17023
12151
8168
16951
29528
32502
2445
551
11563
5076
30251
25569
5507
9602
1859
27505
9863
29336
14813
14160
1056
20841
1230
13715
11358
11995
11318
14690
1816
28534
28236
1196
6355
26298
27998
6681
23781
22710
31507
27456
2779
14806
10484
14107
19223
8445
16938
11447
7870
8147
4745
9776
32465
30049
7886
4061
30361
20187
12837
20424
15689
2748
25839
16737
4831
12824
193
6515
25675
7214
26032
18006
31443
28734
21708
8295
15030
31130
17386
32437
13583
510
7847
1021
4349
9764
6313
14297
4097
22676
29992
16436
12711
1722
26541
20225
14953
5178
29210
6188
8656
8328
25579
25553
11228
19123
24251
4269
12710
26497
1034
6866
23876
24001
12349
31390
23789
7389
26342
28653
20829
25007
21574
3470
31611
15765
2065
6388
27962
5064
19824
4654
16829
233
17484
30746
8382
24797
8138
7381
4400
26331
11794
7797
24355
31683
3413
22523
6377
22194
12814
24195
26487
979
8840
24254
17933
19832
2976
28322
23834
15209
4812
10080
1114
7291
2396
7063
12353
20069
25856
32199
20124
14288
8587
2824
22134
10413
28662
3580
3896
5323
22184
3586
21269
23721
9972
32428
20645
6281
27620
884
4048
6597
13877
7082
15854
5734
27042
19121
1324
13043
28518
4203
29490
24199
29180
17906
13059
13606
1577
12937
7716
23633
25916
27858
26880
3544
7317
23617
28299
17648
22116
28368
24358
16773
8115
22260
22211
21970
20391
26064
7753
12846
29698
21929
7226
9001
26349
6299
14483
30167
29173
32650
14323
30316
8787
19803
20992
15625
12912
2659
1798
15574
11432
11295
30946
18769
11086
25894
19231
1510
23025
12637
20062
29631
7134
29290
31483
4573
31718
12395
32493
17256
18786
21223
25326
28739
1652
26116
2781
5092
2959
16379
5472
11875
1081
6858
24269
19408
10511
30249
11083
5578
23306
21950
15412
9037
1026
12180
21694
31436
24688
7882
29147
31360
5752
11912
14685
6911
15911
20791
25694
16400
16121
22514
10463
3006
9886
32311
26287
26539
23805
24035
7055
14503
22906
24413
25235
28801
15732
31249
715
29213
30738
22816
20771
31687
22336
14421
27016
3015
10740
3420
844
29494
22454
20782
25804
2832
4447
32208
14928
16266
32545
5181
21554
26021
4039
16033
4163
3843
19774
25287
29290
20473
23125
14549
12430
11239
32193
14903
13750
7108
24164
31961
24687
25341
21711
20121
111
9856
30213
9468
22391
31251
15233
13599
8574
22507
27771
18417
26635
13946
11368
7840
9443
12424
21184
31569
30692
29573
28675
8724
29745
26654
9214
26135
18575
18702
10571
5914
18191
7223
14871
25378
4078
16881
12839
114
25529
3746
4637
13239
24756
8847
18424
1667
12157
29681
24795
16892
25325
16204
2063
470
3903
20988
30538
29566
23668
25360
15410
5528
6133
28252
30493
2988
2427
17866
30491
23068
3884
19697
22326
7770
17671
4841
248
5975
15233
15965
14382
4671
368
32737
5100
3939
1321
32390
2257
13175
4325
29356
26764
22781
26218
25368
31391
22017
15847
14407
4707
18951
11295
6657
17997
2114
13257
19249
11375
29190
1591
30707
16450
21888
14135
10735
21922
9381
26679
22246
15642
6248
11948
15754
32098
5168
14772
1171
17958
23945
31481
20495
9
31769
22233
16633
7658
21975
8133
4878
4966
23415
24807
19676
5278
22824
15368
13852
826
16258
24240
2113
11438
30906
21135
3409
15803
7705
11547
8436
3897
8620
25211
18379
12309
16444
16292
20738
20630
20352
20418
13865
29412
15506
12505
11583
1226
20128
7084
8464
18107
484
8926
962
9235
3798
27991
12202
24736
29088
28649
19044
16225
1490
27187
24098
1677
2647
10950
7492
1239
8616
24199
1065
31729
8767
28501
19781
5199
19279
13803
27508
15917
12722
775
32398
9171
31010
17356
30268
4376
11693
17764
22282
29733
20835
23531
21949
23419
29266
28808
15590
5432
23732
15069
20663
21397
15718
10658
9494
31412
18588
16012
6640
31641
14548
24948
29136
24694
14856
28341
14000
28203
5416
1238
24847
32525
12231
21865
30019
31462
13333
32050
2833
4158
29965
10124
29563
4825
25327
265
28889
9089
9201
15705
13611
1286
9521
13421
6830
17026
14319
23259
19117
2785
3833
6533
18074
26017
12390
18550
1885
9431
12167
20748
9964
14451
17179
15196
18460
18116
3010
10962
12471
11839
7861
3608
18894
21628
10419
1593
31312
26241
15679
18695
4060
28227
9736
698
10708
24938
18089
31449
23219
3413
26770
94
29600
1118
838
24853
11843
28767
21704
28741
10455
28277
24143
24722
26752
22531
6465
29986
21983
7418
30815
19967
26596
4952
2365
21436
28900
24559
18934
1628
16876
23656
1821
13167
6228
7815
22007
22398
2455
1201
32487
11945
24930
27563
27689
14479
9706
29092
28867
13166
13955
27254
31673
21131
14447
26921
2945
13269
17907
696
30134
22725
5040
11800
22289
9864
49
25975
16276
12640
16833
27842
28424
22344
9855
24937
13738
28119
6836
30566
19746
1894
26979
1916
15796
4981
27426
21180
9146
24139
5929
8014
26962
13277
10921
4718
18516
10737
23135
27573
10375
21891
17000
1434
11796
28520
2135
16184
3130
11313
25477
13138
28740
19282
32680
24724
6328
8580
28071
10011
27858
8807
5805
16184
10288
11628
25981
3441
28367
8690
6661
30665
23862
32431
31541
8258
26865
4178
23313
10399
9537
29542
8453
25454
16402
28026
20089
5702
19245
24959
12710
12622
9647
25457
15016
8190
6586
12090
9940
5930
618
1747
30283
1084
3595
15276
24527
449
28809
26446
14038
29991
6695
5951
30685
14788
18036
28709
28415
32027
30588
3119
11462
12379
12603
6321
15681
13097
2391
30478
21847
7071
24334
25819
27226
16277
20332
28481
26592
25375
14786
13731
30670
12374
26709
16257
4277
23644
12627
27037
15970
7578
9227
11868
22704
22348
5724
19822
7329
7744
9838
5809
23469
31450
1185
23635
13658
3164
6595
20536
3853
29028
23942
20635
15904
6583
28977
26615
6196
25916
21141
1064
24009
13388
15171
10445
13068
19753
32764
8434
6895
15051
1129
29676
10367
2275
5900
8579
23155
282
18807
26967
21760
19865
6332
8572
28149
9423
31268
24680
16131
25198
8228
32271
12892
12727
2956
12364
15745
11512
15618
18051
15956
5715
6831
18565
11893
3520
24120
31923
8395
26709
7920
6503
15713
3270
19532
9615
12148
31016
11415
19611
14794
22010
13286
10650
25925
14949
18255
19871
32183
1475
16470
1386
20728
29279
17576
8772
25654
17787
17932
18987
5005
16536
16022
4911
20439
14321
32029
28188
28358
29257
5616
9305
16688
13798
19397
27920
25513
9950
1266
23951
32087
23185
8416
14575
24834
17527
16828
25331
17515
24604
24175
31282
479
15464
12497
23929
6155
19492
21529
8299
23570
8122
10137
13162
4573
27708
18856
17083
24243
936
16095
4324
18953
8811
6536
20569
16539
13859
13651
16472
19899
425
23371
4370
32489
16975
25097
21259
9637
14950
7719
30147
27521
17668
14072
6550
27770
22276
13174
14561
19336
4429
21372
27750
30068
18520
2358
20210
1514
9452
9941
17469
719
16940
5255
10001
25044
27860
8870
8878
3148
26560
19503
15214
21819
22958
32119
19109
5551
18500
13081
29131
25427
17493
1331
18653
5441
11104
29394
19456
2840
8793
426
19560
27214
11692
1547
26744
17864
2688
10000
20266
25512
11576
29466
21170
5479
2368
6268
3678
22051
1542
5752
9153
9018
17734
31339
21264
17175
7819
32068
29388
28236
29683
5434
2721
3809
17458
20415
5519
2540
7641
1967
12103
18274
22489
19406
12504
27693
13122
2417
138
31359
19025
20347
6410
19557
28842
15755
3016
7327
26850
29556
670
4527
4928
5358
1202
32560
31173
13707
669
20841
23913
16620
28109
22306
10408
13108
24359
23990
27453
13757
4337
21354
17198
29706
12272
25597
22280
15613
18381
17281
17772
17482
20158
7017
11722
6188
5218
19938
13933
8023
6124
871
13240
13101
2435
13967
21679
10804
31465
12842
30905
26312
859
13709
4771
15885
23225
13098
15593
19240
12263
23908
25393
687
15987
30113
9497
6749
26488
4512
22066
6411
20930
19213
16204
8923
21810
3410
1269
21943
13668
30129
22332
18938
28560
31119
20155
2924
8110
18195
6868
7796
16606
5104
25914
25993
19718
20095
3763
31466
32701
25873
10525
21135
16488
6019
21167
14431
30626
1811
22146
32419
21474
30833
13904
28859
16727
31770
379
24079
6423
28897
7505
20809
19321
5326
25230
18370
2495
6188
13346
32057
13049
26334
29493
8139
2086
7154
29801
31
27547
21369
23135
4578
12201
20117
31100
20595
14458
7635
10477
23519
30012
17851
9448
25103
29825
4518
26165
10304
6118
2256
4846
18612
10995
14766
27779
30887
24899
20354
24320
27269
32741
9772
5523
8282
13825
20547
14409
17034
26815
17252
14104
20162
30308
7882
17954
13102
13503
16415
28472
10733
11971
6802
23709
26818
25973
1066
16653
30988
6153
27994
254
19448
22343
14037
294
24309
26676
6563
15933
1128
14831
21877
4612
9377
29401
6454
18822
2830
22776
23010
28830
5039
6558
2971
30393
19658
13381
28922
4317
24800
3262
29859
31979
23775
26763
16668
2593
9881
23433
2783
2786
14197
26578
16557
5050
28517
21729
5670
11165
5144
503
7319
20847
20592
14270
24083
31434
18486
15660
11973
28667
5133
13227
10372
10573
14756
32375
1192
4491
29744
14663
18460
20928
24858
559
30133
2625
25844
6853
15042
7405
23730
9347
18917
27828
28439
31852
22561
13910
4717
31218
28723
26221
6777
5400
4134
4270
25262
14292
17698
27756
26785
16055
14725
31325
27325
27855
26932
14241
24376
22221
28724
512
22341
2403
10100
4468
8844
28400
1005
10983
18135
14431
27629
28733
8206
19788
30384
29077
15461
1897
18993
25548
18644
15649
2879
8259
8648
24443
5075
20963
23576
12096
25505
29534
23098
19808
32493
695
16823
10898
12192
3588
25820
6715
23707
32115
29874
3217
27467
16011
3889
13312
24446
13492
32177
6605
11637
4858
14241
26105
29242
782
32123
24168
1588
15757
8183
24898
7672
30597
18304
24218
28002
18742
20452
5453
229
29205
3151
5933
16671
7703
1914
22623
21680
4139
5152
19970
21581
22024
16818
24593
1296
26922
2379
12939
3346
24855
18150
2513
22076
6887
21199
20047
4954
31235
20311
29534
7025
9773
32460
17769
3923
27329
13736
25423
32112
6970
15625
26377
30703
8439
14689
397
20734
5696
26991
3570
29030
4740
20846
24532
32098
3044
9868
20730
15281
29174
3741
21046
29418
26050
2065
909
12560
13073
3619
6040
12646
28392
19796
1578
21636
24399
31768
21044
24235
4182
11215
26341
28758
14938
9718
20501
27921
23941
10655
20963
17550
13972
7454
9117
20982
28893
2054
20961
17789
14736
26964
3074
19513
6205
15849
24749
27188
12438
19262
11725
15040
20855
595
18347
2826
29987
3816
7002
754
5841
26352
20562
20506
359
28227
11611
1853
31621
659
17581
12227
29893
929
11093
11666
6209
11184
16346
32038
26710
19514
17441
30180
18344
17123
20110
1707
4966
15019
22124
8365
13008
3431
24463
17533
16374
22898
2359
25960
11714
8096
1080
5897
3896
32115
13400
14616
25597
22418
249
5507
3606
2166
6392
9408
21747
26471
11732
27745
6572
15271
27155
11241
8330
28653
9953
19422
5065
6676
9467
17183
9116
11029
19659
26232
26482
23347
14804
22132
25720
9845
5457
32626
23903
27993
1049
24571
20319
3527
11206
2387
16508
2116
4886
3662
17160
1384
24978
21605
21097
20370
17005
31497
27932
5338
28334
19768
4090
1351
8850
29005
30394
8515
555
19228
17848
19531
12622
17470
244
30699
8876
28330
29790
31466
25151
13701
29009
26818
24296
4156
1373
32082
30550
27599
3657
28887
20009
15984
20312
18457
10583
31052
27596
29922
24783
19625
27305
23220
8285
29233
10171
3003
206
29069
21978
20993
15444
4918
30317
22753
556
30088
27181
2750
11645
30745
32556
30453
25476
29000
8213
21519
23790
25113
2229
29244
24197
7232
9146
12797
9487
3707
30139
21280
18547
11045
14713
12273
23070
7433
4453
14511
17061
15988
29282
17213
8876
1678
11211
794
15110
24809
12472
15763
8222
9051
1661
3639
15509
5641
31860
20364
26412
16837
4349
31744
4069
30874
10178
6946
18533
19620
30016
3858
11165
26917
17283
22070
26793
470
29744
5423
29944
19579
25545
32012
10670
14522
4653
25021
20550
23085
13406
5322
25212
14518
4999
22597
362
31507
23870
32253
26609
8114
18694
1780
23642
14278
14104
22291
25917
22682
11363
20765
17826
14117
20433
28386
1127
8672
19660
10677
738
19668
16129
18207
26310
9207
2915
24021
23371
6072
19059
9960
28041
6105
10175
28476
2085
12413
23209
15675
21040
32130
7274
32458
30028
26640
16215
21372
3857
25202
19298
18182
20911
5669
17379
4084
6100
14383
31385
9882
28624
30642
5099
18508
25079
15041
8308
15058
30278
7538
28607
25622
15690
26421
79
2592
24638
27236
12515
20292
31860
539
5880
16026
19958
8777
7822
31919
28012
11783
22319
28794
9536
2089
4654
30866
8705
4627
13869
158
517
3279
27617
2828
2131
4188
2074
774
30399
3400
22269
27297
21335
3201
11412
14680
7422
8552
24202
32442
13143
16935
2863
7519
30181
31300
20930
12832
24176
11127
24560
31623
6826
20665
30872
21893
26898
30622
22481
7523
15641
25572
6190
4603
28291
4428
32065
1064
30737
1960
18269
27515
2397
13622
29856
13104
28677
17196
4913
21344
7179
6292
2247
2680
17276
32602
29547
19177
26960
8100
1918
12577
19346
17761
3837
5563
31937
9253
28164
4082
11381
3380
20625
31836
25413
19421
25995
23509
13801
7177
19203
7864
13212
28435
4025
12374
5060
29402
28130
22176
26325
3861
9000
14887
20083
19687
2547
10823
215
23732
22503
29086
7027
11826
9646
20163
2265
20163
9207
25909
32217
514
8638
14994
20969
18587
18382
5130
14027
18785
11653
18450
4969
20634
10968
22621
1540
22941
2966
26632
20877
22176
2033
25109
14931
10955
9786
25626
5599
2705
27116
16698
4636
13887
29676
12629
30652
17109
30735
124
27606
25878
11229
21160
29908
29403
4757
20395
18060
3756
19057
19302
6573
12689
16170
15933
4701
1830
26047
8648
31264
20462
25971
1483
20732
15849
21012
29033
31195
32617
23427
25748
1584
27681
5745
3528
25821
2175
16999
2041
30805
21308
12553
13514
22525
4401
12955
1791
16601
2924
11204
20789
31076
29571
14482
27856
11455
25128
191
19766
270
9214
8499
21307
27936
18603
20169
29915
4430
10287
5718
3375
6053
21108
24040
26778
24391
7461
2891
24900
30478
17348
29650
8137
11123
19959
31059
21554
11182
12323
30836
31524
2591
23100
27685
855
7149
10460
27246
26442
31725
27794
24171
3893
13509
31612
9109
3904
22097
280
26178
5618
31301
87
28016
7916
31764
15347
12734
15831
26641
30979
26043
5531
26068
20429
21347
20433
8672
32475
13031
10364
31363
29777
24237
25075
29693
381
2200
13602
14308
27824
21641
4594
9158
21836
31782
17414
11025
7711
24538
20392
4144
20975
10524
6915
14583
13910
25077
14226
8769
209
9660
24536
14039
25107
20261
32082
3476
23455
18298
19114
21191
5013
23335
26157
24793
6860
14204
26751
19504
22818
30127
21389
26194
5136
22304
28100
31822
17282
5857
23937
21592
10469
29814
6344
11955
23681
23513
32056
19924
17673
20162
9278
18884
11632
29476
18314
12998
27903
27387
18879
18234
21925
22853
14191
16577
23694
14414
21574
31906
12534
25905
2181
876
13632
1180
17074
13277
3650
9427
8590
5379
15588
16632
31304
5025
30185
2441
3824
11988
11276
5674
2350
22518
79
25765
3380
2499
3216
18735
30961
23226
15453
13293
9096
3782
10249
28598
12544
27678
9727
15899
20029
22378
1623
29860
26927
31527
11431
32605
14665
32332
31772
27793
11317
3630
18889
26070
2758
16289
18750
14921
27182
2912
10077
24091
15729
27055
18281
845
6937
20798
22112
12215
2860
7505
10379
29775
29019
7966
5459
10664
26492
24182
17750
21945
7226
19880
9914
7904
2571
29859
31681
28711
6755
22362
14238
12997
2344
7021
7560
16616
7269
12549
22028
30129
1090
767
28327
32384
30516
29262
30612
20851
24177
8346
13283
27945
9895
20013
4043
17868
2285
20240
20801
846
24570
23409
14025
29938
23956
16200
30861
24079
13388
11579
24492
17
2409
14526
26580
1472
17186
15230
7955
13253
1808
10752
14314
617
31970
7045
420
1185
10579
2354
15077
16456
30041
2157
29318
23467
13727
1162
27296
17482
17974
15271
12775
13021
3720
724
26426
12438
397
5496
23416
422
28225
29680
1428
6402
13397
5496
31980
31079
12580
29007
28118
10139
30954
8982
15484
4599
12336
11897
18923
4386
6539
9746
3942
26143
11142
14730
1024
22922
17117
28418
106
24606
17644
2993
5385
26747
18022
28622
1611
13862
2634
27056
25404
28114
27923
17460
27220
14046
4144
5215
12435
5662
22963
2628
16081
26078
7245
18728
6479
3876
31610
2789
26001
26678
24569
4748
8816
23644
4223
12878
9835
16615
17068
26781
22590
31602
14398
22670
21942
23912
15493
8578
31939
22727
5655
23045
2767
29219
16580
12790
17998
5101
972
32745
26262
9973
14416
15817
11761
5166
21511
14530
27121
5041
3122
30813
19972
27909
9426
8429
23624
3230
16408
21803
20641
4771
16925
23325
16904
16117
7379
2108
28198
24172
6204
14549
25377
7524
27353
22192
31670
25464
13926
13040
24968
7309
15556
14138
2487
4883
24887
12825
24501
16263
18897
17057
4693
12604
13614
10067
14117
29788
22626
29761
14334
6441
22832
29811
16089
16521
14461
14984
5092
20930
16643
9376
8662
15746
20042
22394
5247
29218
32724
29914
17827
25899
11416
4398
27656
22042
10931
11376
16590
11872
16217
12878
3839
8877
19217
17801
24935
31086
1570
23195
17062
6805
24904
26012
17283
19608
24236
8038
15235
17084
30483
9720
30651
24723
24406
31768
19426
22211
16914
11325
14762
32010
16800
4779
8784
3455
22088
4832
13938
9499
23729
15407
6178
11639
26780
8619
25400
5079
12242
26950
4076
29032
8539
22074
25508
2246
31985
21160
25610
15553
32437
15487
98
25697
29472
31136
25883
8232
18235
5952
11683
5270
26899
30861
26752
11763
3175
22676
8605
20808
10149
9058
26337
7855
15637
27241
31494
10444
17491
30758
10921
17820
18434
18177
30621
23661
3007
24437
3717
21806
20052
24944
15010
3305
31790
15613
19433
29582
26130
24096
9049
14066
20491
20481
22923
7959
27815
6989
13195
32686
6242
25562
23014
25306
26979
2442
1540
20791
26470
20593
6584
23323
32762
21562
21782
18204
2796
19142
7813
2514
29443
23063
4373
27358
22253
1389
17682
31530
13946
30126
1753
16499
8
8459
28650
14853
4671
5601
5695
8902
1534
27869
17884
5238
21652
9828
30888
28725
11828
30514
123
12358
5283
18497
6008
1810
3636
28140
19101
28528
1270
23124
29336
4643
9772
20227
11996
9380
22013
20943
5877
9507
2925
26881
5656
6088
10380
25271
9471
10558
8941
11143
22004
23154
4186
30821
26411
6552
27590
18375
20308
27760
9859
32263
30833
4039
22966
8456
7397
12352
11271
30492
31438
8276
16285
3365
20885
12184
15433
26619
24004
1854
18945
25870
18199
12255
3985
3661
13525
9336
2445
25926
31840
5810
19850
27022
7691
18534
3469
24163
1069
7776
28612
5008
14452
20579
3700
13713
891
23150
13363
26872
10910
4926
10327
13583
16397
3092
8110
447
14623
7608
9584
11440
16105
18110
4209
31154
27920
16136
22683
25180
29403
25740
24732
2290
19084
25943
2012
21132
31473
19154
6322
27765
5942
19013
26327
16594
28925
32409
12827
7812
12464
28514
8534
6223
18454
2333
27042
24379
29477
27317
30151
7226
15128
11341
8695
3340
12225
825
24508
26720
19231
26445
22062
19772
13107
7515
21097
16798
19984
19191
7230
1124
23602
30589
809
13929
3344
7766
14211
7921
16884
13942
17401
3911
29451
21289
15165
10660
27320
16912
28155
3923
19246
19046
15631
14867
4670
29064
23541
1213
3949
26805
6017
10022
74
2066
29904
10567
18175
31473
15486
4507
28453
338
17945
21193
29917
27306
6102
15491
540
11748
11907
29614
5702
17062
445
13763
19455
8149
6243
27509
12606
859
16715
20116
26018
26408
17459
10033
29450
18294
7930
25603
5216
7762
8976
4617
24245
14424
1835
30577
147
18110
16699
21945
2958
21140
15521
5908
31773
30025
16539
27407
29608
31346
6915
5748
22754
20167
25402
31342
21081
24686
26975
5871
20300
21629
9668
3151
4796
13754
15522
24630
29893
165
27147
2491
20015
12472
27169
2253
16961
13037
12678
3282
23253
24961
2579
28303
10930
27895
26573
328
27157
22113
2580
32552
16785
24283
15646
5347
14105
4184
20388
20633
29020
17313
4315
30718
17745
18330
27302
2488
16914
3527
27658
28168
12013
16
22498
6829
12216
25537
3028
11781
870
28117
21379
17782
4312
27764
31750
4876
13813
10682
15258
30307
3325
27578
16787
7368
7194
13763
665
27803
9017
12002
5392
16375
31767
20903
12760
12950
16543
18732
11575
1774
11123
8020
31763
26272
26313
8273
6501
531
15736
5993
24554
21340
25170
18681
11292
2146
16821
19898
23136
22591
4445
13123
30081
18409
4732
1487
10589
8721
14861
10049
19934
9803
13157
5989
7724
13168
28939
4473
28705
28992
16329
8940
32766
15692
4099
8037
9308
24340
26952
5639
32357
18284
15399
11252
31299
24356
1604
15
13273
10471
31915
31751
5041
14948
12387
13969
14390
20652
24903
19188
32548
987
29457
18891
17212
24059
14520
9990
8764
22821
2556
18739
24334
2281
22334
7676
13376
29425
12182
22512
10932
23264
27936
14726
18585
1408
31638
4446
11417
14109
27940
19403
26964
28972
20855
15759
13582
13105
792
3045
16804
17119
24312
21957
20677
16256
6732
611
22622
1175
10906
22777
19286
8132
29716
17862
23164
24041
12838
28758
16830
13195
20043
1797
30107
1147
6436
25535
17627
3765
6603
28169
17021
31880
26469
24133
3057
25079
16630
17969
16263
10592
22394
690
14120
13147
32305
31440
23364
11749
13626
20481
8715
26302
16995
25514
3808
7439
19520
21987
17930
5712
11130
24955
2221
31337
26218
14651
11513
15127
2790
19055
26274
2706
23131
2211
29584
9581
31772
9899
215
29629
10746
24806
23529
17789
2837
15555
17419
11825
12530
24963
28677
17354
27341
28225
7198
17610
25392
28976
13383
27048
15300
25637
28311
25974
7016
21077
27127
22977
25216
2911
9503
16825
31119
1933
25025
6289
28169
24918
18435
16169
20834
2088
24115
25835
3691
4197
10422
30707
10462
17580
1602
24690
6967
23641
7246
2900
18118
31567
26566
2080
10755
24309
17922
15904
20769
23678
2553
31939
13542
5230
29106
27455
31673
32601
4092
7034
20733
14318
32351
17451
18077
9781
27474
26172
29928
28693
22702
24948
19616
21273
7779
15442
20301
19316
1386
9020
8663
11330
3835
25305
11604
3344
15359
25019
16927
12447
26824
23873
28970
18661
4352
28091
3989
15445
4063
5584
6271
20576
12449
24861
24860
23868
9016
22047
21255
28388
10558
16211
8410
30560
3885
3995
10493
30278
17874
26084
31419
14721
12287
29702
12699
6993
30849
19691
6893
24979
1105
24052
22947
8771
21775
6040
31842
20799
28587
2383
14809
23373
7014
29870
18258
29280
3321
7123
32134
28439
21011
20227
16310
27527
4361
32146
22775
31546
28873
19971
17358
9335
15633
369
4092
32452
6878
9774
23195
6826
24870
23977
3178
5816
27081
14741
21094
1483
28358
29767
1178
2700
18346
2144
28471
19513
6991
27565
12775
10409
22978
29003
10591
18314
4741
5903
5939
29422
31479
16932
31727
22790
14608
12022
22371
6956
18001
6223
17214
20007
32507
22976
7135
20395
12672
4419
11111
5408
16951
1054
2835
22436
14163
19211
11977
16723
16662
2453
20208
32710
4674
13509
9349
24537
7377
11518
11115
22194
1765
12070
24323
7167
27650
24838
9469
14718
15995
31988
23150
13251
23850
24751
14114
12342
12644
906
31539
15451
26924
6093
6874
6742
8615
23384
23686
13998
5585
23433
7467
11089
9581
12384
11997
29656
18498
29409
1437
14093
16772
29370
9843
18858
10129
28454
3261
20068
5086
22289
31174
5928
3888
21629
25242
11173
3599
10020
28697
6410
4471
4703
17739
28433
16338
25158
32755
3644
2595
19481
10087
11102
12676
11743
32158
11358
16594
29004
26251
16952
20135
5608
22953
25668
7048
9838
4568
4283
24672
7538
28519
30327
24877
32071
16498
27642
6138
7968
25454
22450
3085
32117
30722
28028
10593
32169
4632
25958
11351
31977
9013
4025
30120
9303
3589
27191
23198
18536
6203
6817
17796
22410
11928
29308
14939
7179
12104
24597
5070
21814
11893
28867
3176
27583
26903
18540
26629
17761
23049
12874
20870
31685
9570
12015
16585
31398
19970
9095
31961
18739
26987
3678
3681
692
17875
25762
13927
17009
13943
32105
15670
1743
31281
11765
11676
20413
28749
31543
20566
31822
3993
1171
31689
11175
21435
3043
3059
9500
5319
16062
5792
2966
32017
9466
12257
24632
4416
22639
21178
6210
32420
27134
16923
18997
9162
6099
30225
13880
1869
14566
26942
11706
12526
456
23175
7769
6375
1692
22284
17410
8573
7779
8285
18010
20181
2942
17131
17757
12552
3437
28860
6469
13433
16349
29795
18862
19559
27362
20528
32759
11198
10369
23972
30955
51
881
295
14753
25487
29474
17917
2976
30539
22783
30327
1095
24158
25329
1126
7021
2387
30500
21973
5444
2206
3341
18936
17283
22832
6060
2655
25028
24393
25870
31855
4394
910
5911
26387
14152
9819
6526
8367
17470
23898
14617
22870
9253
12117
16475
21820
24494
16968
15643
11118
12293
12219
21398
23744
2556
29518
17080
22279
25701
10134
32151
14473
15807
1319
32321
26546
9494
22514
13751
21257
18980
24274
15673
28002
22716
18785
11460
14932
9065
18448
15066
32493
24914
25207
2433
27301
864
2025
17550
19601
25763
3660
29987
10457
23026
4903
11895
17004
25810
29437
30677
27890
3482
19162
6120
15107
10452
14379
9525
23702
3045
19154
32745
16828
29937
23930
6357
21902
10745
18472
10679
25955
4934
8467
17083
2119
21771
32694
20801
6825
11334
30243
993
8788
4839
13466
12204
11937
28468
2906
6837
2282
21100
16055
20433
18753
2730
24941
24474
9058
3085
10548
12986
32743
29974
29077
20838
13755
12881
24827
17448
30673
1336
25613
29154
19222
29268
29499
7952
6308
23205
22167
29261
12344
17476
23527
8729
20198
5703
13048
12249
32267
19429
25653
21535
24196
25307
5495
44
13341
2317
4383
6323
17740
19825
17251
19936
25376
22569
8677
13465
11636
28143
12682
1284
26472
17078
7817
8777
28690
24462
6850
20377
13168
8137
30290
13935
10145
2396
9828
8725
10837
1160
11849
5227
21123
14009
7884
6116
2650
1198
8127
29393
1401
32730
14298
8162
26466
17162
18118
12265
11820
585
25972
30946
13689
20992
8371
13873
26024
26978
16898
32298
25420
25607
6818
12502
21212
18135
1264
17396
1196
19498
4082
4159
7451
15150
2352
1007
3342
20104
22725
24194
28318
28222
25525
22972
6670
16596
26753
25581
1792
22453
2553
20338
19944
31445
31826
7038
24000
22421
2168
14875
14846
5863
22949
30571
21699
7858
18739
26164
22869
632
7343
30107
31439
26422
27182
5168
6935
24203
5860
1067
24081
32029
9202
17653
32018
12345
15744
13803
28312
5817
16396
22110
13880
24875
10241
18142
28887
32047
8076
28600
28957
4129
7851
28861
39
1272
20871
15941
5756
12654
14595
3956
8515
22114
14741
444
10163
32634
3157
5539
25802
1548
18003
26823
10562
15167
27182
20767
6593
32109
14306
15747
7504
15564
12002
32623
4110
13134
30311
25092
3621
21445
8199
12879
27390
13387
30857
7374
10417
30689
23288
1072
960
31574
14838
13661
26372
18795
21331
7350
23527
6708
16862
24734
19156
25025
24955
1337
8172
12798
14710
32115
10235
29656
24855
19781
14762
15265
4727
8500
32502
15542
24465
32538
29408
8287
15772
29736
26470
17398
23193
25644
10163
8780
28968
24080
2707
27720
3743
6563
2345
5329
32605
669
11748
21486
21852
29917
28591
25900
15622
3572
19816
1345
5194
14311
15764
29422
30702
20785
18001
30506
15143
5640
20875
14460
32103
12001
4467
23977
21110
2102
2349
17295
12484
22407
3529
19025
6654
29087
21365
32180
12767
22040
23281
7369
14153
5153
21315
17613
5012
27775
17323
17229
29734
21714
4569
21389
8771
16410
14430
19243
3367
20601
16737
31232
14930
22075
22931
16711
4132
16403
3941
9729
11945
24743
4728
25240
19126
11599
1876
15298
16181
23066
17246
7336
18621
30483
1284
15944
8038
29378
31803
24087
25307
9717
14123
18411
3248
19648
18216
14105
23798
4290
12773
21210
29965
2218
740
18932
5306
20730
4401
20886
11641
8715
19792
2947
16405
1873
11124
6002
14453
7137
32242
21429
15289
28720
21492
4378
7302
32030
12402
15887
27037
18483
11614
19721
19123
7464
24351
23078
8061
169
3137
21521
5386
16473
3435
11302
9557
17431
27025
20950
13595
1152
618
32077
17386
19124
25893
3411
25211
7517
4952
31856
25409
32494
22585
12628
31042
24873
32272
11893
14630
29156
30700
25850
12429
9484
21397
11992
1958
8170
1987
13371
24830
27045
29325
16423
27541
1289
7204
18527
23351
22406
4545
11398
15113
380
27868
28804
20067
2998
23199
30251
29661
3636
14234
31259
16045
13357
5048
22498
14896
16724
12914
22888
3014
31835
23362
5515
26339
8885
3675
8710
1891
18849
29079
7319
9758
20580
2481
20321
7101
18389
5044
29839
9676
29471
4787
23866
528
17859
26043
32652
21530
732
31238
12326
2332
24999
28017
2752
11772
23362
13616
19983
27559
1460
7361
12012
7592
8238
12574
26290
14073
13457
27703
232
26904
29231
13471
11296
16734
9686
1414
4638
12429
29451
21223
31549
12456
12947
32258
16655
32007
6712
28173
21572
4266
4553
8487
22989
24270
22883
18829
9025
31166
25839
19216
1663
7148
4332
11463
22677
18240
5231
21249
4064
28336
21607
5501
20853
24081
31782
1502
28096
21548
32541
31321
4203
789
26599
12465
10113
27320
6282
7525
17876
16821
24569
15144
1180
24686
2269
28305
10336
25181
17812
21012
3354
29100
7546
32305
7574
28927
16232
8683
23067
30613
23931
32636
12877
21391
30231
8519
13906
1679
11819
23310
25396
28805
8374
27493
3718
7366
18314
20838
13643
25951
24912
10919
12819
24744
30924
11625
7783
19740
29026
4882
25447
28519
15577
1758
15794
5825
7776
27857
14470
15227
7886
5360
25641
27607
5678
11952
19335
31517
28283
4271
27932
9963
936
10402
15124
9933
17635
10126
26289
23053
31515
15932
31470
1997
22720
32231
2658
25938
14026
12599
29798
22179
8956
16755
1402
7507
9066
31730
30437
27035
21305
19410
4508
428
15526
15341
30821
29506
5193
21769
23868
893
14747
11343
9718
20717
8375
13823
17444
23531
2397
12385
17466
26928
10044
15103
22513
29344
8049
28177
24553
6759
32587
1593
14483
21575
4177
30832
20046
14640
11654
576
15568
14610
32235
2613
32200
7919
14406
25742
27329
6964
21538
20535
5706
18505
19479
16380
16468
23911
21835
17399
27099
938
12345
10058
19401
359
30385
5652
13591
12223
2848
24477
5173
28276
3346
10452
12204
2556
30453
8956
20994
18388
18720
6818
27869
3351
26132
29394
30572
21327
1025
24714
3075
24459
22412
31343
2309
28594
23503
28863
14599
21014
23457
391
17970
6988
8216
32022
31977
28220
26701
28337
8620
2676
3679
15752
24125
5314
32187
23017
2561
19969
24218
19124
20904
11315
6859
12047
529
2512
8114
2138
31335
24414
401
24678
2449
15170
25606
8161
15049
27606
19413
10517
21898
4027
15848
2771
5296
113
20372
24489
22747
19236
3102
11611
23060
11209
21374
22673
7347
15978
5730
206
11647
23230
4982
22689
26904
19965
31203
19999
21138
26354
5397
6032
15715
2130
26050
30825
20095
13644
19496
21115
6337
19553
10134
22377
22669
25718
3885
28255
4788
40
2024
8705
6807
2911
23514
10914
17296
22310
30391
26807
16781
1978
27542
25483
31998
10464
2037
8244
24050
23676
6142
25797
21116
22368
16393
15301
5212
8290
3937
19424
29147
17841
12363
22493
7671
31849
22852
31440
19392
24164
25483
29841
6402
14932
10975
6764
3108
10766
6794
16410
10576
25385
2974
11504
25301
30152
22655
29015
26825
28084
18849
12412
7154
2478
16275
12873
10215
32003
15933
20883
2162
28512
15718
6805
32313
12008
25209
11677
13981
18564
1928
14853
10979
31354
13201
9573
31377
13634
26624
13063
17691
7829
26486
16283
18111
19142
22985
25900
15534
8277
29004
6995
21612
6594
30032
10155
10873
22943
21994
29316
7217
17641
11511
5084
28913
6040
20574
11403
7803
10101
22933
24509
11420
18732
18023
165
31756
2978
5876
18544
29845
15752
3321
10360
24183
28977
28753
3259
27404
29344
31932
8843
12456
25574
23776
30599
7619
29611
22157
1225
10074
25098
3141
31329
13970
18338
30716
24322
6559
21225
796
22524
31716
28612
24524
11626
10587
3413
1906
24237
8504
30228
630
23321
15305
28194
23882
13037
26529
3034
28327
21641
16885
32424
21273
10715
3654
14366
16829
10779
20800
11076
7753
13240
4835
5680
27726
17042
3040
2519
1978
22121
16966
9251
18081
7573
22877
12358
26685
14328
6354
8525
30003
9778
28437
6904
29975
14611
29440
31945
7475
5462
10425
9051
23684
8076
3545
21493
26886
25686
12494
1631
12850
20695
22398
244
23748
20329
31020
31481
11201
7311
4000
14637
31417
26668
898
22689
11593
5874
14344
15306
14309
14364
31185
19925
9684
864
21776
4154
16508
29471
5868
9876
15328
20192
32295
21680
3175
14844
24318
8932
18911
6810
15953
7330
17345
27870
10244
23884
10935
22110
17573
24394
29531
3542
29263
16731
22082
27420
25806
30248
4409
13142
4355
4639
19918
30058
26506
11134
20755
2742
8859
174
22686
4098
11054
22739
18644
27314
22883
21153
4200
11840
5152
5489
25886
30186
5116
6292
15829
1704
19804
29927
11716
19809
17883
29863
1284
3422
22768
21895
23118
21247
12235
28928
25095
32429
28799
16105
13945
31759
26726
26183
30052
31105
13761
20582
22197
13250
13472
29225
8341
10732
13058
16286
7333
19882
12348
32213
29320
933
11167
26355
2979
2111
18005
21634
25632
3204
15500
25611
27961
8029
31191
18919
25779
14087
19664
18002
17832
28356
32259
28865
13962
19665
19975
19830
6245
9367
7918
24913
7012
26917
19680
14313
31895
990
31234
4059
20723
879
20892
8546
411
14085
1660
13096
23902
2492
4245
29020
25472
12890
28140
15109
11197
2877
27317
22934
3979
9874
13496
22210
30880
29384
15866
25745
30900
836
12954
2996
3720
20823
1529
5142
15399
2413
23325
23475
21099
14471
19544
4013
5572
28139
22052
31644
8245
9497
26962
25382
9375
3074
26724
6609
30530
31093
5175
19732
32641
10202
11237
13492
30437
2082
17385
7502
6501
16638
6276
303
10981
11855
24416
9068
30204
29918
23668
24880
10234
32334
15911
11600
11818
29007
1208
27173
30804
31252
30941
5530
17542
30470
30122
31620
22548
23994
2485
25138
18910
27680
13176
25925
16849
31230
15606
29378
20913
32413
31394
7782
19221
7875
29052
16186
14003
22240
10365
2919
20701
5516
10549
9802
12108
23089
29619
21707
29725
11269
27045
19435
12825
32060
29888
19869
26169
20091
27746
2007
10857
9871
32374
27112
1421
12895
8089
25612
31938
8479
18042
17726
18918
4295
30343
11085
23386
7876
24006
14642
262
28909
2560
1953
27294
19128
31013
990
23332
686
2284
12498
13743
27676
2490
32350
18282
2316
30917
10991
29407
6259
9593
25427
8310
21676
17947
5323
6200
30245
16300
9569
10457
20057
9488
1659
16374
3838
12655
21937
22427
4479
16860
32732
23816
12972
4660
6767
29877
5809
16713
26379
16275
26948
24640
13645
1429
28195
4408
5867
26991
30142
31021
6655
2462
2608
2331
32162
12968
26740
25190
5309
1701
6614
23161
19228
15870
16807
25005
196
25973
29493
20845
12167
15717
9211
26009
3797
7755
3604
25895
10709
1670
5878
15888
7092
13659
3676
6250
26174
30524
22916
9425
5803
1866
24219
10764
11451
10776
17526
5614
30725
26034
23170
5497
24459
31454
15614
30794
18323
929
2407
25393
2482
23301
14132
5663
13098
12826
26820
18757
32118
30267
18581
25978
13602
27794
18102
7133
736
9951
19071
8380
19161
13684
11391
3509
5697
14980
3254
12059
15150
17054
22788
16540
13994
1653
6114
23840
27910
31202
19280
9715
17522
19500
14
25895
19915
15750
23823
12084
28596
28121
18219
18402
18408
2244
27924
20073
14031
29410
20363
29910
18767
23627
6612
18096
29924
23645
24167
17116
23027
31420
3048
19646
91
18839
11865
14497
16974
29997
20623
30553
22879
27792
4578
9510
16859
1961
17449
32732
26717
20093
9702
2113
21917
17838
3261
21175
19593
25669
5163
19227
3735
5806
9332
28652
14937
29444
26077
18608
30802
656
29724
7059
27144
17548
26125
9810
3930
20012
32166
24151
5652
11231
5165
31782
18369
26578
5800
22007
2496
22965
9878
19876
9114
9155
13020
21958
16275
252
7426
21019
22911
18613
16031
22316
4055
19283
25362
3372
2828
27732
2419
14882
28443
7567
714
14155
2914
8124
16510
21945
15538
11318
26384
30273
13733
27648
30984
22676
8498
24582
11824
26028
21374
7846
19201
31082
31989
2671
3163
28541
5018
26153
31609
30597
26267
27157
15907
29816
4137
15990
14117
27461
14726
32591
2817
17592
25952
11631
23777
26270
13405
12459
22479
26665
22519
20331
22568
26006
10122
16232
18766
14092
2987
13235
2974
3784
13244
3066
30370
17015
18877
2311
19335
17379
6245
10889
11217
3282
22386
6679
26701
555
4669
18290
15431
4699
23697
6666
18686
4855
18877
23492
25941
8611
23016
16635
5579
3122
20901
12741
16557
1039
12232
14455
29323
8411
13687
14699
18152
30295
13444
22528
18741
16773
6138
11491
25089
28938
23285
12685
9322
3287
25015
1293
4055
16648
26873
28168
6633
4108
32639
15870
5294
28679
15855
31182
17688
22388
12515
27517
15790
32015
10557
307
20866
20210
26299
7558
13155
25854
20683
15611
5459
29308
12704
5322
23612
31492
10117
3810
15326
20126
16497
18221
20236
4392
29660
28181
24
20728
28370
13383
21900
28866
26182
9143
30490
26811
25512
2532
32470
8958
16314
22365
27299
30511
16287
6276
16875
2399
2100
27538
17300
4144
23460
6107
12335
17978
21815
10836
1138
2733
5995
15186
14312
30007
8262
16788
21479
24872
14314
5764
30403
13268
11626
4026
5953
25144
21980
20930
7246
31201
432
16415
7409
12554
23616
11919
23679
16901
27047
14225
22286
5596
5847
23589
29227
567
4070
20691
9680
7808
20649
7150
12688
29766
9092
26906
12821
3807
640
13836
10956
11858
3742
15505
22495
8564
4460
15826
23652
2896
15573
4822
8404
6092
7485
9800
30142
25482
29134
15227
20156
6925
24332
9899
10663
5405
12208
23174
30215
27756
6067
28394
4301
23673
11689
1265
10309
26037
3664
11307
7238
31973
24169
11562
11948
18887
7878
23876
6151
14584
1701
24468
21653
25877
22588
30530
15726
6944
25493
20228
16895
32294
11164
23013
21945
3615
24951
12614
26122
5654
10773
5154
27789
17802
25098
27542
29054
30995
21402
30880
4720
30281
4883
3879
24898
7905
30049
571
12111
24345
21724
9631
6373
23383
6244
2180
25849
8460
12464
19864
3352
24287
32739
17471
417
26632
24416
10016
32306
1785
14304
9188
608
25412
24514
4154
17067
32441
13218
28703
9648
3534
7468
12636
8609
12101
31794
16464
3571
18184
9725
23023
15702
88
28385
16139
29674
15142
29204
11475
3504
26817
3009
16025
26943
7090
14679
7384
27320
20196
21543
7541
11003
10249
23086
14661
10011
14648
14639
31440
1040
1499
20486
19028
15020
20168
6712
15117
16337
27054
14798
15796
31968
10163
21348
23622
11380
3931
28797
25350
28497
28076
23577
6853
11671
656
11658
30817
6204
19578
30083
25996
24248
14156
16754
1742
27906
12921
26895
8909
17852
29286
23093
3789
19626
24855
22258
17523
5481
519
23002
1230
2654
19799
5280
11416
32748
17963
15591
7608
2026
20562
6997
25100
6484
2341
4329
27494
24640
10161
1679
5332
18964
10264
31474
18725
8695
17972
8850
29352
20869
2942
19990
6199
6599
29742
2787
19316
22626
28580
12781
19539
11534
16391
22733
1497
4938
32044
22805
18467
17487
16057
25056
25513
30018
12682
18349
2500
17837
7251
1645
5742
29232
6023
10714
10057
8052
31865
4107
9188
20833
20418
14917
6969
25233
10978
8213
6778
4100
26922
14491
24845
27925
7129
11817
5589
21420
2437
28685
25011
9398
15548
5802
4940
27858
26092
19918
12301
16717
5248
14655
5741
26961
2892
1943
5490
10073
13355
10066
7543
14056
30438
21030
28204
21115
30552
25235
26078
21948
32464
10170
22009
20472
5303
11122
203
6867
2675
7833
9354
18747
32394
24488
14233
666
6923
20362
14855
7760
4906
26799
16473
4960
9258
19548
7049
4201
7552
14917
16974
20441
13365
9821
24478
31837
9612
24813
10865
14748
27877
1251
27337
9508
4321
8301
20463
25508
19399
19399
31743
3677
4902
8786
26790
5331
17084
20965
2347
26312
28311
13415
19884
31338
8314
10142
27563
716
1154
5954
4041
27283
18697
27990
23760
26354
13771
23736
23543
14040
15943
14838
16994
25191
4969
22115
12265
3753
30821
4458
19226
14718
24294
5155
24193
29145
3688
27428
23335
24620
23266
29338
25688
13089
11945
18584
18601
17547
27537
14766
3130
2716
26453
23486
26681
10584
1849
19211
25511
14409
16109
15763
26975
4213
30389
24735
32596
13965
7367
13464
794
13671
26100
23324
4008
31918
395
2897
28764
6105
17531
8313
17727
20825
4023
30407
15499
5655
30175
2673
1386
11549
25628
3335
24577
6035
21068
25859
28333
11502
15967
19361
11404
18276
30464
31985
11584
5283
31096
11818
2543
24258
26320
15937
8078
24952
21558
21690
608
32652
31395
25279
19129
27788
2490
14959
7944
7874
8690
12408
7956
7524
14839
31720
5254
32523
29518
18496
3240
11366
8760
11722
16236
15152
3290
1069
26544
30047
9626
17215
28864
24735
17612
26138
7453
23038
9614
1138
2685
6633
10736
5670
14098
13399
10841
5396
27663
26948
21542
28978
12649
22881
23443
2779
11994
29450
1247
10086
7724
11128
18603
5117
12980
22584
6052
27308
6685
15579
353
11705
31335
8432
17038
11572
4398
559
32331
27342
22576
14071
9935
28655
21258
5371
22865
18946
27202
28728
12584
8468
30602
1578
22065
7325
26435
10559
19057
2717
4929
16524
15099
31979
15054
28606
22548
20682
15345
31572
30870
21694
29168
15628
3218
158
23827
15515
9017
29673
30635
16545
2045
11869
23635
27612
15091
14022
8566
15004
18556
9237
3601
29815
17444
15537
3002
26173
27338
8210
31202
30767
12290
11915
18007
29803
15031
9063
28428
4523
5397
5432
20765
5679
5029
20588
26894
9976
14266
16417
26708
5943
4365
22843
17430
19461
25252
15283
8500
2132
3832
32305
16777
13606
3926
22494
22125
31229
31366
7283
23678
14738
24235
16023
25761
18121
29290
19559
28227
26085
24910
6742
14053
28152
14187
4151
8919
7838
12354
19608
9027
32235
27877
4690
15726
21154
21852
13406
5947
3752
10566
29674
11505
15800
963
1196
5181
19543
22162
11127
28795
15115
8311
11020
31793
4552
25312
29490
19420
10155
6855
17929
11760
4843
16602
18331
19482
21772
5338
11188
29128
5973
14401
30196
7147
2949
23591
34
13819
17602
1638
15043
10300
7378
12797
23531
6977
31117
20146
28756
5294
1682
25596
685
20802
14138
23327
19764
20
9418
13465
10631
17180
7405
11453
12983
6390
29793
5022
19871
5091
29168
23598
2932
529
26018
9895
6813
27420
16433
18986
14788
1748
16061
8614
24877
4417
32449
8188
5702
8164
3654
28513
7552
23616
19542
8195
32350
18329
11700
10735
3531
27644
14794
17970
29361
7807
21475
25406
22727
14026
9370
14480
17835
24534
14226
15760
17456
26101
8552
1977
23033
9747
16870
21497
31559
571
30330
16219
28943
32605
20710
29411
25936
28750
9784
18105
2467
21008
2557
8331
3092
15700
2482
4396
20016
4413
15483
30081
4703
15207
31512
7837
4980
16680
21524
17707
14979
28181
4159
19468
26354
19400
23391
5698
31955
18145
25891
29709
11633
9547
3672
27475
11817
12737
30303
24389
20860
16528
31967
23360
13922
29086
2999
1265
480
21419
15671
31165
22236
19671
12943
7008
49
27748
11911
4052
255
2494
18545
30836
32580
21688
19292
9313
15537
15129
5515
16933
4534
18263
3110
21654
7904
23714
30510
28413
10340
29732
22966
31864
20476
16264
6737
5789
8433
21689
4039
12128
8825
18156
17932
4663
25668
20704
3954
124
14674
29796
13853
27922
5383
13083
25015
6987
16001
17532
1382
9481
20009
27932
27131
11300
10632
23344
10349
15116
29021
11341
10373
6320
5612
115
30682
5022
1432
15946
3328
2155
10676
27819
19197
10069
9623
17762
22780
15655
3054
25907
8774
861
32343
15643
4717
15241
27435
10455
25034
6645
23962
20139
1578
17290
5118
11356
7109
25328
20585
30078
23152
6391
6016
9974
27411
19510
20877
29623
12636
7154
463
28367
23989
31297
2069
5799
23412
12654
8331
9606
28498
22688
5587
19288
6687
31671
22871
13486
5044
31351
30174
773
29224
25320
4190
6731
20807
19196
27409
26527
3647
28019
7883
1369
27549
3580
32395
24650
12664
26781
22864
16965
7660
12372
3630
26077
14795
24831
9888
30577
25998
26745
27424
10086
12946
27398
9717
12724
23681
9969
2125
32420
30477
15219
25995
16600
9189
22231
14562
13451
25825
4060
10531
25626
24192
28251
32467
5571
7829
26409
16513
18093
15165
20287
26966
22313
24084
2584
28142
19512
4009
30555
870
19021
22319
25530
23735
11604
629
282
21058
25074
10776
10740
10156
25615
17911
29691
25579
1682
26087
22015
28577
26731
25256
25873
28073
15063
6936
27880
496
15583
4519
26499
31367
4130
32267
6160
3830
19157
10037
19725
10706
27400
6531
3501
28818
3883
3383
13949
32158
6096
4392
18759
169
5811
19895
29750
14657
12023
29701
5180
32676
19122
11619
14001
20438
18860
7946
24125
2800
3428
22029
3831
25275
1620
12171
26062
9085
9846
4393
16169
20499
23815
1471
12490
17472
32651
4690
23288
20805
17425
22339
21725
2226
12472
20933
14381
10619
9330
20884
4104
25422
23816
30437
12066
25636
7775
19608
12577
25623
24313
21173
11078
9075
7614
3350
20560
3855
17661
27233
2973
32478
16046
5946
22419
17089
7674
4534
21310
29087
509
4370
23354
11960
5578
5541
10708
22838
20911
13587
17004
23045
25019
30404
11294
997
21886
21652
16289
14782
32016
13260
3182
20275
5973
27218
6437
22393
13694
9244
813
22122
30675
15594
16795
2005
1968
25141
3926
12569
29390
4450
16504
12530
19396
17980
1783
16786
13262
28065
27268
8436
12748
28795
30643
4973
31374
27379
27229
29828
3662
25569
22339
18947
20350
6278
6387
3406
30405
12413
1008
7924
2116
28143
9741
6276
11805
11783
5402
28834
7222
19877
4290
9561
24890
18007
31668
24755
18657
6021
28673
19335
13170
20459
29381
659
1670
19276
2826
25034
6926
30821
16361
6639
19607
15137
16882
17507
3533
16139
17359
26940
9790
19976
17955
11158
32097
32582
23224
4142
5847
21104
8922
4653
9200
2852
3326
31297
20081
24742
5544
11250
8341
21974
3979
23860
11857
19807
14065
27704
25564
11826
5213
18312
7535
11315
29295
7251
27722
2353
27401
16133
11511
25116
20400
539
21202
23666
28981
28470
3273
18427
2708
5742
10081
2230
21276
26600
20473
23827
31696
19371
7507
21602
7182
27567
336
2444
20846
25655
2043
30209
5869
20065
1993
28913
5963
22780
10016
11967
32433
25497
23317
21683
3991
20453
17274
29935
32485
32054
2072
1700
23384
8803
6969
11909
1064
31193
1386
27516
29416
29675
7806
31644
23725
25450
22486
3416
28274
22646
31712
4338
10427
7571
1758
15926
7801
2816
31977
8807
6958
9284
24885
19066
29777
13321
12950
23938
2548
23085
4419
15212
15012
16407
29147
29676
20113
26439
421
10679
7663
17969
8220
13811
30363
10060
4523
8171
1282
32358
20405
15624
17471
10298
6616
3325
14723
18500
11379
9793
32442
14548
16485
18114
24683
16738
14360
23768
4832
1825
7615
7287
17032
27606
22235
29866
921
20203
12548
31036
25849
25791
11238
5304
10847
6209
9354
5781
29110
10941
17879
29098
18370
1526
25176
16104
28677
29812
6975
22599
25572
13343
30890
8193
19718
5901
22310
18431
32509
9881
20081
11664
13352
31925
30085
7521
4567
18305
10193
5034
14257
11036
12234
19621
24147
30137
31394
14660
18746
23030
14679
11299
4067
9066
4848
21180
560
6525
19460
20186
11278
1149
1915
1104
15445
2286
1176
28394
21232
19745
32312
5284
31293
7432
3924
26650
20406
72
16589
12096
8146
30352
9321
16979
31014
20009
8472
14095
31440
18639
21629
19491
25109
704
11689
10466
6985
20498
9514
17723
23023
1097
13892
3563
31778
22569
32126
6385
15668
25033
8289
32322
31636
21225
25212
10431
5621
29061
2987
13156
9132
32427
921
9922
3162
32649
18052
10927
17100
7370
5952
60
10015
3107
4735
22503
21544
14376
1871
22546
23571
6757
14564
26548
14409
31658
28056
4431
28824
3750
28464
4642
15758
6327
24673
27039
10789
7425
2963
32031
30886
15806
3812
9173
20167
18388
2416
12032
27926
7341
11728
16997
30107
28227
24032
4349
1465
378
13253
20971
10070
27315
7215
432
23868
30878
26076
17314
20158
16719
27230
30619
22174
1429
13341
22510
31022
24199
17823
13215
1462
26975
26119
6355
26390
25996
5852
901
26540
30978
5900
25723
27768
3797
5937
5240
27518
1030
786
1972
8556
5789
1133
21897
19069
19191
8948
26735
25245
15202
9621
27178
12494
1511
6398
16450
8650
19559
8033
11444
13802
31466
28020
26343
1606
18483
6333
16609
9502
9368
6924
11451
23929
2832
12105
13906
5643
26766
27503
17728
23388
3469
15321
15115
21799
24044
9149
16795
11008
13053
26358
24050
7226
9177
262
6935
20232
10230
3419
24915
6882
18427
1233
19872
21035
20690
29817
7519
20240
15615
4505
585
18355
18481
20211
29352
11657
24855
22346
18887
7168
28021
4387
19623
6758
5239
4041
26355
13574
837
5523
13366
12692
24535
2921
10572
25291
24075
4485
29207
24404
10997
3447
22387
8170
8822
22892
16747
18620
784
30895
10669
8722
5112
30064
4667
1076
29037
19397
21604
14984
29513
1518
23539
8698
25046
28125
8870
1696
27874
30710
32737
1182
6422
19219
8356
28744
6019
2507
15291
2439
15230
16628
22068
32382
686
8038
11286
365
25443
23298
4432
30165
21801
26355
24304
30941
18334
24372
16533
18676
31616
19794
30247
20664
29194
10868
24005
22806
26241
17048
23039
9907
1546
23839
26694
1675
22974
20108
31648
3545
5888
22409
28577
4406
18958
29995
10134
5892
3799
1654
11779
18701
19469
27428
26704
10600
9338
32674
12991
3741
4759
6748
30881
11016
25179
28218
7370
9091
32081
30314
17986
31039
15597
20321
25917
19187
14112
8476
1101
12601
14634
32428
14807
14900
25776
24305
19908
18551
8974
4774
26488
22818
25326
23453
22536
30030
21530
2380
21671
21164
5518
16009
13666
26472
2514
17554
3086
30036
17798
3920
10110
20546
19518
22237
22265
25521
3985
27203
490
15277
25709
8071
26586
5360
25261
1254
7324
14413
25326
14174
5319
9551
3742
624
22122
20509
13909
11557
8698
30368
25193
6223
10127
20712
20925
4625
7248
8396
23257
673
17452
25809
25408
22093
17356
12878
24829
18620
20165
31437
6784
30071
1553
16563
6312
20903
6848
32548
32545
29473
2283
18721
16112
18591
32490
25587
22348
10064
17606
24781
6320
20884
14321
31149
7726
23296
12085
13699
28934
3497
23275
6037
2679
13471
30061
24098
10197
28599
22478
5189
9436
29838
18120
31517
20548
24778
3061
3627
28309
419
12098
9979
24381
13475
25762
1031
6112
17833
511
14040
27119
28212
4470
15726
18044
23006
21443
19170
29773
21543
18170
842
27695
884
1401
11997
20364
21848
4378
10328
11584
17
24237
2720
2217
15702
13733
25000
22269
8784
14353
25237
26337
14566
9934
28448
26167
15933
13819
26684
31287
10879
1454
5113
7617
26076
4837
6825
14833
20175
13504
24385
11509
30115
31213
14082
13083
12597
31331
17496
26158
28923
29011
30978
18179
28741
13147
883
1359
11971
21758
11128
31163
21064
5457
25116
1595
21965
24822
2249
20635
10681
334
13231
2907
10592
19435
27497
16572
2505
26180
12766
21531
9652
29101
20070
11646
19163
13190
9519
17261
27769
3506
7646
30467
24329
23371
23929
30276
336
1427
22404
6321
30365
25902
31338
27162
22096
17295
31519
22452
29849
4273
1028
13163
10370
8455
19211
377
13104
1973
21275
17464
11365
24832
23734
14900
6218
8451
18905
17029
2668
15012
31011
23388
31236
12999
23610
28379
11131
29634
19819
25130
21293
29968
26768
6855
21870
2889
27447
28189
18378
29777
24576
12121
6033
29648
6471
20345
31124
5091
16131
17317
1833
24082
29678
9667
11381
8321
21991
17222
19434
4970
23956
3654
15118
29386
24907
9430
31870
24667
16179
25234
23347
8643
29350
12407
19205
3851
6362
1784
12909
17746
10433
22093
399
29123
25133
18703
14968
18628
14392
5378
20132
32112
15075
20018
30147
19784
17405
28737
25020
29733
27463
4607
29683
7282
1493
30523
22472
8087
13495
29913
9824
10936
18137
23333
30631
7072
29224
23143
1173
10744
10230
5560
16049
12477
2208
22547
212
11249
14958
8111
15664
16016
10170
29580
19600
21701
26709
14156
17121
13918
23078
28997
27890
7550
11540
14036
23416
9617
26151
13044
8021
9861
7657
31503
6938
20536
32275
9748
3530
6700
16997
22985
15073
23426
16598
16995
21396
7974
15597
10324
1371
2119
2671
6244
20909
23306
17210
20995
4874
32127
5233
28637
21311
1236
26329
32432
22246
8904
26243
30298
556
1891
11692
18743
31447
2788
5857
32169
11143
13308
31335
1528
3131
28217
23257
19037
21528
1221
17683
6489
30822
13648
26447
29259
7388
28491
9102
24130
22813
4951
8506
19216
30594
18173
8713
7328
4378
12447
7716
26761
10991
12206
27529
4066
14475
25886
29869
11097
10171
8215
16998
32127
22931
750
23817
24422
11442
29779
18639
23406
31944
12492
8574
27228
15189
4194
6469
1708
1459
21657
24295
2601
23638
4774
12060
2490
24403
3549
5428
9087
13343
5737
7933
29468
30873
16447
2023
8277
26443
1621
8038
15324
4333
11790
28312
24166
20267
32505
24872
15876
21673
8892
30066
11697
32323
16715
14311
15143
18841
11614
3507
24312
5323
13601
4766
29401
2945
27437
3632
25153
25903
31671
17433
18739
22679
25095
9168
30039
26767
4652
7033
32080
28164
27375
4620
25162
831
1029
19636
28626
13415
11401
17269
19947
6471
11689
10514
31070
15442
9631
10798
5713
29412
3811
10161
20763
2763
18334
28781
16727
28934
11618
15874
823
13772
8473
30974
31516
4561
1852
2121
30563
20676
6214
12225
9345
17692
5479
16929
1874
10516
13692
10791
29102
4340
24127
3830
9534
21139
32187
6073
6285
1562
6148
4745
4706
1034
23844
657
3918
1153
23384
22895
9601
17337
8573
24542
23265
20433
26053
4498
8542
25552
1198
28772
28031
29671
27701
4783
6977
20214
18246
28922
5410
31058
32120
14039
29049
9414
23287
6922
31240
27095
29889
750
20948
9804
7446
29973
11573
9454
31785
7983
20521
29325
8476
29485
18157
1091
7979
8102
3279
4861
2856
26489
5438
20534
27943
7348
27427
22534
31354
17076
23156
1116
11232
7054
22533
1415
1017
9390
7074
25596
6653
18110
8284
20307
15534
15562
32544
24210
16779
30369
22414
9646
21575
31358
15111
17487
23161
2535
19976
20948
16277
3542
5047
19095
15643
3607
6076
25202
29454
14321
27218
24706
25768
14344
8862
26666
11596
27522
23359
21339
444
11369
23846
531
20876
15696
27816
17188
7383
6202
27857
14903
21040
9399
19708
26384
18651
6480
29856
12820
11070
3109
8557
8712
26002
30421
27544
7963
27870
12702
25715
26407
29222
10694
832
5940
21983
22329
21575
28222
28583
13683
7718
11576
32307
17312
29033
14416
21385
20482
22106
23925
4463
4756
3354
25622
2595
23277
5105
18989
6476
21862
26595
21117
2353
11135
13188
18455
22569
895
24589
6947
29266
9051
15534
15069
13190
15065
12326
20702
17803
6389
10386
16797
11914
20612
15746
5685
9155
4119
14418
13161
29822
12578
30392
485
8517
16990
23449
27590
29520
4459
16929
21341
10305
30650
10002
26416
1554
28330
31836
30530
27467
12017
23279
12181
12152
24382
1741
23532
26586
5661
31075
6357
25693
13082
26137
5607
30922
21289
27944
19785
26174
25669
28843
21620
30939
7256
16378
10809
11709
22363
3379
9733
29999
8382
24857
27748
25887
27658
290
3268
28624
16581
31691
11388
29391
23958
20271
25356
12840
5801
24024
11174
5081
29525
9685
4078
12167
20220
28172
28671
1648
307
24018
2990
30625
20771
12985
12562
17513
14383
2217
13380
14605
14296
26675
5219
19901
18141
3873
29147
21447
6566
10066
14823
779
18914
24517
11093
31663
8560
7155
6282
4116
3195
11618
2757
27400
30442
19319
10920
26173
6391
15756
4596
9465
30493
27458
27284
18192
6456
18200
32477
18448
15592
18237
7956
24251
1846
24739
48
28858
31098
14421
30690
28303
11644
32522
14803
11212
7385
11002
31277
1922
30632
1008
6492
30973
20062
13729
15638
21678
4847
23612
31384
23913
13622
16194
30259
30161
24215
11928
7176
1552
4323
13787
22032
27083
11387
6643
25439
31316
8633
21739
13481
2338
20875
1023
29189
24191
24929
31735
3569
4225
1610
30644
2454
17979
2905
5385
20046
15156
5966
5068
16484
5913
30066
2860
28443
28078
26051
2372
1521
31498
14417
20721
25380
28676
14312
10721
30582
25321
10223
30445
21293
14448
22928
1705
1119
6383
7194
21049
10860
17870
3235
7782
25292
25404
2289
13041
29451
2594
18843
7206
21521
13909
26475
10933
679
25872
20487
9662
14647
30625
28112
25387
30419
11874
1803
14914
30585
20459
6207
1146
406
20614
11741
8334
11464
3556
294
11217
1512
29454
23626
26049
13384
6301
2509
29150
1081
13614
21295
27581
31441
29201
21196
344
22251
30785
7425
1960
9070
18841
1168
15734
16083
14916
32326
12398
31713
7798
26587
30837
16315
89
13849
15676
16669
29259
20032
14869
19683
20806
3754
13318
13259
2975
19115
5660
17787
16372
15803
10242
31942
18528
14807
4818
16683
1520
5412
10283
24990
91
6870
8068
11404
11757
848
15808
18713
30661
14220
6914
13740
20032
25534
31426
4013
25013
7476
27169
2189
21347
8065
6265
11271
29351
25818
7737
23462
23155
7616
9712
9096
763
19424
11175
19553
7089
1079
18036
20162
16756
7289
12364
2972
25860
18356
25
28160
30138
26160
18956
23080
9334
3227
6709
3515
21208
1634
32081
21837
691
22370
3043
15141
22974
192
11142
4932
3469
3349
31361
2211
19392
10191
6556
4027
29307
17364
18482
25162
11542
5480
1672
26709
18709
25424
12893
12905
22362
29495
20930
26919
28057
5458
44
22016
7181
4928
12744
26940
27497
1588
16654
24897
30482
22613
31385
30482
30603
30053
6966
13334
20784
28321
29755
21787
31528
5609
10778
24218
21141
21537
16693
17980
11789
16087
27892
21918
17742
12582
21781
10833
16685
27610
17732
30502
2000
212
31468
27304
6429
3505
1356
24297
3954
2470
27597
13954
6295
10926
3731
2773
31473
9704
30034
3989
31480
20282
99
20361
13547
23611
12311
9868
16066
20048
30283
7385
9828
18453
17980
1925
8218
20990
22173
4685
31043
21054
18919
5778
9034
15335
12529
25506
27350
14675
7104
23609
12096
21956
11424
3400
11850
27207
24947
8692
14350
20958
1866
22754
24372
10461
3122
24242
31080
7061
9041
12745
1035
2096
28465
29524
16681
30684
9819
18825
8364
13100
26152
14128
18895
30138
10196
3171
22741
1298
3028
21650
9466
11979
28521
26058
8874
29175
118
30006
13809
22462
17295
21734
2355
16197
16466
16079
15389
8405
18426
20755
32475
3129
2609
8067
28043
26215
27686
32354
16370
10851
21984
27244
8558
12641
27090
12823
17708
17962
23215
17433
2715
1984
21375
18218
17953
24389
9715
24331
524
3353
13045
17095
19403
4419
16772
2105
24926
29458
14271
18638
21259
11267
27199
909
27987
14822
30122
24660
32548
7229
22149
14436
20560
16613
13130
2079
23614
9208
3259
11793
9440
9969
18549
6958
12772
25361
18888
22618
4143
31490
3270
1327
25991
12219
30618
13306
27791
15523
22044
18182
27897
16121
13218
13086
1015
11379
1816
19277
20722
7461
25939
31208
23167
27813
11682
2766
16271
30317
25766
27375
2277
29056
12644
267
11982
12113
12441
956
9996
16864
4685
28855
3859
19750
13739
2383
18040
1971
14096
30779
3494
11926
9314
1176
31955
28797
19363
30258
26418
5149
22470
3839
32362
24020
12225
15852
19016
30861
19427
28380
18608
26085
30056
7150
18906
14732
9291
1023
23739
9197
28507
10865
24512
4113
17041
1066
2498
22720
20385
30175
32567
22762
27855
1938
18341
23366
22020
29017
14173
11577
1057
25954
8549
22777
3731
15156
26038
19186
19240
24631
12199
26217
8224
12663
30890
19807
15496
8869
9014
24504
10947
22111
16900
13724
29034
2992
24446
6430
13910
1243
22901
17179
6138
19284
9490
24421
12534
29968
3855
7201
31210
20222
19494
18542
32136
4310
28106
17992
4846
32273
3862
21419
4658
6200
19971
28411
14142
18018
25821
23203
9950
5625
30712
1021
18967
30908
27551
20850
29627
9226
22093
7138
1082
30045
25376
22341
32699
21
14474
11923
19051
10359
14154
5858
32533
28661
9626
7630
5108
22191
6826
30494
16837
30267
15950
3493
24863
14753
12531
7013
12807
22186
12248
3323
16832
27739
18811
13367
25312
27324
13905
3594
27561
10206
10681
8101
11925
17947
12083
11999
24883
20384
26573
22999
25906
11049
15327
20955
10171
19980
21752
15753
2821
20345
29720
1588
3619
16640
30752
5258
10016
28755
10374
16499
845
30286
6221
30780
8666
14132
13621
25332
31908
14396
22319
534
13134
28236
25619
5737
27795
27140
23445
19493
25050
1278
24438
29271
18699
29780
3063
16774
4258
25699
13459
30103
8706
463
22765
16110
7691
