10000
10110
19593
1185
2275
23167
2085
3542
19864
9050
3753
4398
2397
14623
2715
7104
19626
21775
25202
3923
13262
28750
22576
12676
32050
18312
20930
19938
31394
28772
3037
21820
11093
18389
30174
5809
2102
9950
19481
25907
16475
10016
3662
22676
2108
6563
22869
4612
5104
11789
17386
29092
25021
4324
7930
21223
22710
22280
193
10927
1401
9764
6836
25925
6484
7226
24875
5652
32127
32273
14896
2353
12301
27375
22162
517
31503
686
17038
31985
10327
25133
11300
8876
24948
10349
9117
19028
3956
30045
13809
49
9621
32477
10037
9786
1906
2514
3843
16823
4203
10113
24678
16521
23085
10531
31517
27695
7753
13415
290
18720
18956
6469
4518
17762
4182
10591
4523
27538
26182
17095
14311
21138
16204
4578
30064
16179
26243
23453
21396
18044
9092
9497
1602
13933
17433
111
22898
338
18290
20128
1978
25873
6552
28218
5805
10044
31264
32022
18739
4113
21628
2166
28413
16410
21315
29052
25644
16346
12096
1918
32130
2063
32272
3756
20855
4108
5954
6202
16271
27428
5800
14455
8870
15943
22097
20721
23614
22065
14725
24251
3720
1677
21202
19392
6469
19915
15990
10841
20808
26421
14753
24571
26785
6679
26744
20438
11858
19203
9861
3344
936
25513
2900
8432
20691
12464
9
5101
24744
24477
6712
19084
23529
17431
17401
8146
25806
8578
31743
24829
13096
26232
25960
30317
8222
26018
14788
24050
3741
17972
14314
29702
28534
206
15950
31638
25512
20771
893
12345
25116
12459
21948
10558
11952
17978
9380
31473
12937
13101
10137
18638
20677
24345
3903
6033
21443
21
28861
21711
6712
1854
24813
9066
27424
21497
3048
23576
5816
20331
13367
23531
1783
21652
5724
18849
13086
17612
7425
5092
21537
12773
16557
7904
883
17021
7546
18906
6436
956
21707
9876
26125
17295
23676
28341
28514
16408
3059
13170
18735
11874
28002
2413
21683
2230
20943
9835
26928
3204
7829
27987
10386
2397
16979
31202
23609
17673
12206
32485
31945
6742
9704
2654
1675
19983
938
23850
10223
14105
9581
29210
2942
10340
3884
10049
20835
25929
18849
20930
14690
17444
18603
3639
25028
20785
8456
3599
18533
20595
27932
17687
15643
8844
32017
3178
630
21620
23635
1023
3830
3654
20635
5416
22341
20481
25457
1645
20169
25958
8710
20352
24248
6210
21097
2519
25424
4932
12741
14197
20550
31149
15613
4812
365
24035
9354
24640
25973
9676
32169
9049
1238
13750
4787
4159
19025
15556
32743
8859
12472
14748
25128
16447
3505
8076
26116
1196
31730
2990
7819
14025
432
2331
18427
30392
11840
14566
3571
691
20046
7090
24163
30802
1017
212
11716
22916
29134
1960
31079
12430
32394
4090
28804
18349
18739
5091
2963
14104
14046
30941
5618
3122
5778
16219
3621
6867
10736
12336
19816
1661
18195
31925
3341
19882
26548
3735
3837
6742
6456
1126
16821
10070
29676
14747
10708
2444
23962
15230
25675
1483
23635
19469
8068
19520
8467
9976
19205
6114
10001
18721
18001
14979
27302
25307
23912
26917
30738
30707
10409
13763
20091
12682
32398
30946
8367
13601
7385
18003
9487
1521
3931
4070
4674
12017
16632
17313
21739
25050
14900
29473
13909
14766
21131
1628
18587
12215
13048
4143
25307
12531
30597
26470
3085
20372
4000
28842
12494
21108
17542
25005
19227
7776
4658
17005
6503
24907
4396
9646
12893
6188
23078
6645
16009
21123
27858
16473
23039
16256
20930
7737
1670
3074
23125
27693
29698
1021
15110
7383
24863
1432
32217
24438
21714
1968
534
5940
23486
10298
1593
12290
12307
32449
31610
9377
13387
4393
6019
24389
15143
2344
24508
529
12622
26312
7944
27358
30626
8331
5584
15207
31468
929
3995
1925
8479
25079
26062
21975
5396
15611
7476
19918
6911
26028
12498
7324
20829
4129
20710
14226
30880
2427
3342
20472
22762
7251
3428
24672
23013
15689
14803
17772
657
12689
17750
17874
32071
24809
28512
25144
30530
378
15305
1265
28519
29935
44
21141
3109
98
28677
16662
3989
19697
15590
19600
4432
19503
19115
28327
1973
25396
19553
13859
19542
18331
24673
21918
23638
9647
16379
19832
20311
30012
30802
9776
21575
3799
18314
25242
19117
19292
25936
31481
2380
32065
25404
30276
2138
15807
17868
22313
1324
1066
20043
11438
22816
32560
21273
3431
2540
9845
20838
17425
23732
5541
9096
13383
5625
19071
12352
23681
3647
19971
2247
10134
12364
20722
2365
17023
11426
20113
2543
16266
6465
2285
21436
14431
8139
9821
31644
267
4902
3797
5702
32489
792
24270
4766
23100
30780
8285
716
4027
3354
13021
1520
25902
9685
8161
14931
14564
15326
19750
9468
6757
3422
1578
27708
31641
22253
9448
17180
2372
9334
12760
31689
31517
789
1584
8558
24297
2114
7230
7646
20162
16833
18281
2498
4706
5880
6633
23994
2082
15746
3066
10457
2130
7025
30712
2832
24237
28925
16258
13098
3476
1030
12745
15753
12263
3110
23026
255
2956
6848
16774
3660
8476
12874
7426
19461
26960
7878
9507
28465
14416
1284
29691
29673
3604
20227
624
5495
32694
8892
20415
32686
7782
26160
44
7979
30650
22883
18378
18483
26781
13008
1648
9855
13819
21293
25098
18584
13611
362
6021
12438
18581
4060
17385
17433
11628
25326
3855
16940
29547
15574
444
4470
6320
23736
18932
10452
1465
10955
7614
5661
32275
2391
16965
25095
30327
3305
18448
24660
11982
3679
22075
2717
8885
30437
6133
20236
22269
18934
11518
8677
5869
17917
16786
7843
24175
17922
3009
23817
12814
9508
5975
4151
32097
15904
20701
12235
24391
7507
23913
31530
29266
19784
5713
13694
5385
13599
29102
24416
4652
23010
15233
7049
2966
809
15624
13481
9662
30735
13195
4459
9963
18895
5801
30849
18096
8087
21173
14204
15010
22009
18612
9399
14689
26940
551
15548
26709
23174
6422
25235
31729
20838
32357
11817
1039
22269
32641
14038
31483
10100
5423
22985
24532
18639
5408
29877
29378
1741
11475
14461
27573
18370
23732
13251
24538
6501
4163
22852
5075
2500
4283
23383
18958
26964
6810
10600
5213
14782
25740
7177
1021
9684
26218
10413
3493
25360
24793
8784
20018
7084
611
23209
17183
576
1180
32169
16423
18142
2998
22306
8902
14616
17644
23666
11611
9066
10369
8517
9718
5100
25603
7377
31720
115
4386
23735
5662
22260
12066
20032
861
20439
14306
3151
9336
25476
9466
30267
23384
9864
25975
13341
1679
1026
16545
845
1876
16655
10947
14296
1064
18314
2958
22682
23744
18653
13240
567
529
5168
1152
16277
556
6515
24195
27090
6411
1471
2217
26471
10655
11167
32331
12157
12111
21068
26573
17970
823
16468
22727
19807
3279
3344
10134
12372
27022
12878
17513
22548
24203
18500
18110
21994
11765
23684
18839
27924
5086
979
3441
11671
336
24735
30278
6410
49
5163
18947
19245
17726
16723
31343
12601
29005
30085
28934
28927
27990
23543
10202
901
11919
30251
813
17482
10572
5215
18182
23198
3542
15668
26578
1284
2290
18184
17932
19157
1540
34
22436
21259
13143
2359
13643
2532
15564
7226
10455
13334
2211
23938
11868
31
30394
2116
19057
20948
29100
24044
23433
29600
8648
5734
12838
17398
22806
28299
16630
10889
72
17835
5108
31195
3497
3654
3569
13801
7541
22125
11175
29874
23539
3028
18713
19718
8715
24795
18110
3544
3351
4394
7630
17451
13250
6151
3520
4158
8310
2896
31086
2947
32313
30363
28212
9790
22115
3380
24604
25779
5903
24332
14292
3731
24182
30483
24899
2879
12379
7425
10161
7641
25628
14853
6533
22906
3075
24885
12335
420
30081
16170
3227
22813
22949
7672
24926
571
6333
1866
24832
28198
29049
9335
2821
31363
1154
884
29531
15276
2676
9102
5942
10077
3752
7194
21225
3862
4213
19213
13104
9207
3572
21925
6320
32596
11633
21604
8573
13582
5040
12184
29927
28160
5877
20995
18118
11271
4177
12167
15933
3352
7921
14497
25025
16825
18588
30954
31644
18757
30699
845
31013
9623
15855
10930
8619
1810
9660
30924
4352
22989
3675
5852
15103
26768
29841
5900
3717
23195
15212
2679
31915
1251
20208
17757
895
6958
20870
22777
4748
1192
7829
7348
17410
29839
15752
11299
20733
3549
18102
1722
22146
118
1546
8434
767
10906
30905
9536
22029
22892
7108
8049
399
5612
15692
24914
22622
6430
4491
4332
20717
24504
7246
12456
21917
22928
20350
23760
19559
10193
28255
30442
31906
9800
9375
16755
4848
30152
7154
13384
16737
23275
30560
5871
27816
2547
6895
20992
16961
15012
1175
23067
244
1180
3939
1547
19766
8220
6153
11403
28169
29201
2828
4473
12655
29798
22276
12085
10469
14887
23364
20491
11118
5752
12790
31096
24860
19055
1742
29566
17210
30185
4378
5044
5314
30553
14950
5309
5118
7919
22406
4069
3594
32231
12710
9537
19808
32117
7866
20168
8405
23931
30673
7311
29997
23427
2455
2080
19406
20009
31764
21178
17188
11992
6558
22316
20665
6259
11111
22450
17386
1049
24559
28957
10935
7135
25092
14112
16601
3888
3989
22585
4831
425
23016
18549
4485
30175
22486
5952
16470
19969
10206
732
2349
18263
13043
18269
4273
21492
20683
26194
3340
31768
4025
10740
25903
22124
25409
14786
3254
9790
23514
8878
11794
18411
2796
14382
11375
22525
10773
6276
9188
11994
7467
24393
17061
8321
4082
22362
4703
25955
16951
6681
4607
12472
24929
13058
14031
2863
14949
15593
6639
17379
7475
23589
25393
1788
7385
5227
11728
20029
165
15676
27296
27544
6124
16734
9593
13622
9746
3810
29422
21847
23868
3494
13381
4951
12999
23333
23449
13399
11271
24722
23678
17131
13031
25623
6640
9727
29525
19871
6661
29563
14980
27518
4534
16585
4720
17884
11855
10126
17029
15058
17547
531
13492
8411
14483
2332
14309
19658
9803
27329
29518
26358
1490
540
11358
3010
10847
16572
30161
4401
1064
20800
17300
29054
32441
456
23652
20139
27341
19095
22933
11122
10235
4486
4349
26024
2579
29761
11036
29290
8722
29490
6825
15613
11748
22621
3240
27306
15888
24009
15444
22704
17859
24462
19972
4685
5737
12429
14730
5005
17213
16727
22976
16314
25669
30071
12090
21671
28002
23673
8574
22010
18739
7796
786
6289
32267
4637
7454
13333
3763
29518
5400
29693
16055
9519
659
23135
15041
2155
28130
19557
28336
1499
9368
10011
21848
9680
17470
31443
2496
2354
21678
18107
4270
2891
7847
15258
7760
3164
3235
5168
8277
25952
5951
20081
30404
4460
16275
1024
192
24351
6566
2748
31173
22879
14806
1846
1967
27325
23686
14647
17312
2119
1269
20165
19371
9207
740
13089
21255
3798
32433
1542
3119
11763
6402
14298
12374
6887
13465
3809
15597
6935
22546
24083
23203
23045
7726
4671
3107
24197
22291
30482
15431
29286
14093
1239
6572
8382
20579
5284
5254
14424
15341
17356
21673
13591
11915
14
22348
3259
16892
28334
18542
17739
31039
5323
12167
21679
22329
1351
6794
30365
7974
30298
24827
20676
23354
6914
8464
4321
2848
31955
7381
24686
21295
22639
6402
19648
7179
16403
11611
23956
9025
15747
25768
15664
6292
27475
30737
13729
32639
4508
5180
4847
4099
12895
17728
31359
3290
8133
30917
20771
29086
21372
7397
6093
24340
2720
16785
30758
32493
22068
28169
20013
4406
8590
26629
26666
12552
28415
10679
17930
1540
11170
29147
2535
15118
6860
16488
24312
25427
16211
555
16876
20126
4055
16105
7134
1182
20418
5432
9258
9162
12530
24990
9227
6670
15794
16882
23060
20855
16057
30577
8273
2269
7766
5441
26298
26343
2244
12059
14407
2974
4707
6685
990
2707
22865
17838
25579
1553
3650
27218
23150
6040
9706
20319
14132
5652
7074
10978
1178
19869
4718
32054
22626
1054
19424
12654
12986
2069
10962
24517
11705
15763
3063
7803
23325
11215
10868
14938
28781
8546
12734
842
11563
2553
21208
25033
28867
18856
22524
5696
21223
15445
19101
16169
3268
32545
7775
19249
29494
11212
4398
2045
2074
20930
9284
8788
9899
11967
10514
29477
14003
6708
28867
10215
8780
23049
29232
14414
7226
6323
7635
32737
14679
32312
763
5212
5434
8499
28652
6837
9027
14366
30052
27191
6276
7343
5589
5718
7808
30281
8615
13622
15643
2628
1233
16105
21902
12358
20220
29656
32502
29403
17796
12654
32442
13574
3130
6228
27527
17314
11505
6105
8472
32259
8436
24079
4139
9856
32420
13465
18888
23219
28970
8038
23306
7615
32755
12921
879
28612
14575
13044
25020
5563
13771
18540
4290
1196
21180
15933
14412
6550
14994
12223
15978
29849
19346
9466
16415
14608
5674
22121
28472
13104
16870
14804
3279
9096
10557
11637
4349
25162
960
12820
6244
417
25406
14833
2157
15063
6454
10517
9846
13542
27599
18759
9950
22093
29856
20433
9934
1871
1149
13887
9013
23347
9793
18536
25669
871
16885
17123
17283
31354
4654
31932
18173
21799
16680
1518
19872
8534
9534
8038
12839
18200
6377
422
21397
4735
20883
29706
6826
5858
6076
23301
2168
10064
124
24018
21945
7154
7507
4467
15107
25802
25275
31770
3707
23860
6922
4329
21605
31473
3469
21308
23384
17507
5697
1700
1284
1127
20162
8164
2571
32112
17354
25377
18681
14138
18829
14220
21641
9747
26825
14610
16497
9414
13147
16653
13471
1056
13926
2226
29893
17606
79
18807
3321
30122
13943
6209
11451
5092
13073
8038
22871
31750
18114
3904
21398
5130
12287
463
28577
11380
6715
15713
21259
16257
12242
22507
17945
15755
22747
19154
12326
1987
10374
4373
993
1606
31277
16286
28021
6709
12465
11819
6802
27685
18945
11772
23911
28758
6391
9214
7302
14392
32263
20048
14085
6853
6853
30464
21929
2830
19544
21900
4463
13366
19804
17419
8729
16895
426
3176
21776
18919
23136
1692
13166
14409
11124
14471
14379
32187
6655
18234
19201
12627
169
11825
1978
26745
10632
17580
17837
31567
31299
22346
1386
17789
4134
158
3812
13162
6915
18237
29011
15505
28491
26641
11341
12850
2490
1548
19980
31124
7033
7061
17295
1825
11926
4290
6313
7246
18191
20963
2608
11295
30995
18785
24524
29344
6904
480
25181
3507
22028
18508
29914
23327
28019
19718
28808
12447
8904
5680
14266
7384
12578
5539
26355
1243
4846
23617
16829
2668
10462
32502
2396
32460
24806
28142
13763
31842
1654
17067
6120
2757
4392
7148
6204
10000
23624
24081
15500
4355
3455
15746
4245
4883
29101
17196
8877
17452
29034
5444
19788
13852
5531
31361
20498
19156
19553
6199
9173
30572
571
7883
27590
20588
6937
6731
5490
4970
11204
9469
13602
3985
3182
9000
24589
27461
14398
30880
6944
14409
31420
7229
11700
2284
2125
6040
12232
9068
22044
12148
1095
6282
15681
17787
17459
629
11693
11249
21331
7374
6112
6205
13736
21574
9436
4866
5258
5857
12084
7817
3664
8574
22016
9810
9725
1758
2595
31543
15075
1133
1128
16217
17256
29451
19282
14530
17507
21657
13606
10511
4906
21167
14823
14138
15637
23610
18743
29889
8110
21694
13910
25190
1588
16804
13761
2433
29814
16410
22686
1104
4832
4315
21607
11025
21949
1928
22310
4690
16927
32123
9863
6190
13190
23679
7550
13740
24797
11404
15464
3354
16
7109
3131
13632
29061
18585
20266
7886
23161
7256
8519
3419
29320
531
5892
30805
8433
13873
13962
30625
28181
14679
7329
395
21602
28753
19177
26766
7812
25193
3924
24133
18980
7519
19288
21543
22394
30832
24955
7882
16139
9626
794
11576
7779
7815
22393
8662
28498
7505
3262
16374
2700
4940
31671
7691
7837
6985
26609
11542
10991
5930
11714
24245
11447
2043
14225
26152
30421
7876
25873
11054
28887
32016
7916
16798
10524
24082
23734
4361
32533
7034
21389
2086
24743
25375
2482
21852
13918
519
3137
7524
3754
6737
4301
21973
20928
5472
15618
13994
7502
21420
18427
20841
1679
9016
27815
3007
18766
7846
1428
9804
31474
17175
21014
7370
9018
28251
11358
3108
28012
29231
16685
2553
24235
25636
687
2942
29674
20214
27779
13397
1554
32634
2721
5029
232
18739
29411
31119
7779
19807
7861
1429
22062
9990
5496
18556
4154
31524
25
14726
8365
11828
428
2488
7762
2505
3350
26408
12577
30036
22943
26377
1753
5050
2341
23862
10660
19500
7806
14741
17688
16499
5530
11076
20950
11127
7367
32764
15522
13130
24127
3435
401
8102
5378
32710
19880
17229
18150
1356
5360
23532
23913
3383
31727
11453
2435
30622
13724
7155
28858
15679
3644
30861
8287
12991
28519
26472
19936
4060
11003
26475
2445
17430
13701
19226
15283
31166
5402
13935
3855
8374
20275
17456
2972
17496
3470
21064
5655
7519
20901
5654
2852
28594
5303
6946
9471
16620
17866
444
20388
26422
2787
15625
2671
10370
3413
7724
2355
2779
9717
7378
5781
1916
16407
21634
4092
24554
10804
7870
14651
1168
22167
28693
5189
6060
27793
15926
13195
3365
28860
7287
24269
13486
11995
29412
13880
12983
12398
24872
7535
11462
2685
14458
11391
2647
19305
28227
29573
23023
22419
2750
5397
8276
5973
32428
13138
28675
4039
28676
27596
28685
15625
10567
1345
3630
10002
11955
4685
15291
585
11173
28277
3876
13819
12413
20548
15150
28470
19037
617
10142
4052
6243
10461
15849
12699
7574
1852
23707
24751
10304
20806
265
12837
16110
6958
19240
6160
27308
11365
632
9390
7389
12968
19142
16372
29280
28622
16045
28073
30204
10425
3287
28454
30107
11575
714
8460
21273
28709
20396
248
22864
28109
3506
1528
21787
32419
32724
4796
30677
16693
9425
29999
14114
19636
31367
3375
18409
6687
29168
6818
17441
13157
11639
31988
8476
825
2439
8382
21191
7782
21374
28443
16938
26948
7409
25762
12955
303
6878
23426
26978
11692
8847
17683
23038
25905
32429
5802
13661
19434
8638
4969
6868
27578
14809
30078
6923
8620
17740
12644
3201
22112
8648
1853
21474
14096
18105
23321
5385
27268
8299
4552
2089
24459
5041
6594
13496
18591
25493
26917
30670
12840
3092
15866
5322
31191
13059
1798
30692
1623
12413
9070
31756
17883
20495
18042
21310
27857
16169
20875
28749
2309
32047
8549
7366
2949
20070
9146
307
5752
16391
16633
5943
7983
32119
11252
15760
4061
4759
12530
7904
16829
9322
9168
20433
19403
7968
9828
369
13905
23093
11164
9781
2256
8706
17531
18356
9189
3985
13648
24171
11366
17851
6826
12113
21280
31321
9521
9051
6583
8096
11085
6271
4116
5459
29495
9303
15995
4732
12083
10149
4055
9408
9291
17359
9431
31977
16997
8923
10081
138
13312
20
1116
15016
5946
5863
11722
511
9573
6142
7515
4594
27945
1971
31955
4690
21347
16904
26793
28149
22781
23089
18089
11893
11206
7282
25235
29189
5601
25900
32081
16935
22122
13514
11692
10234
5457
27314
11232
2766
14611
18742
17627
5099
15129
28744
7711
5065
6242
15829
15606
16781
9502
9499
32623
31338
559
21984
30821
14460
15399
11850
21030
25095
14637
11368
9626
27769
17076
1236
30941
8224
20400
1915
4653
23257
4008
3853
12342
3588
1408
31979
12685
15019
22246
22343
23925
9614
28071
20682
23135
8926
9467
19410
9773
30006
10914
2054
368
20702
18997
22494
1502
7232
6203
14503
6924
9305
3148
2024
23739
16975
2971
359
9668
9338
15628
5670
20211
5756
21708
11376
1570
15577
9612
12825
9940
9933
28119
9570
9973
9253
14381
9497
25895
11142
28433
9631
28739
4788
5876
32748
16738
9017
9557
15852
16966
8515
5136
12797
26506
22536
22584
1264
10402
29974
15451
14174
5841
31449
16974
31685
4693
2338
9828
18695
7283
24749
27390
5489
3372
23306
972
32505
3162
30007
12402
7813
113
30566
10283
29128
2211
8769
32649
14000
7167
4599
17613
21592
19163
9996
3615
5194
27112
2911
14383
51
13433
9886
11416
30061
4144
17742
21725
22531
9758
10764
19965
16563
13471
74
1610
26101
88
14304
5371
10735
28057
11540
826
9631
4104
15051
17464
1659
20728
6964
14313
656
7705
20009
23622
19298
585
2914
19197
8663
8138
10230
19976
23070
17515
4378
19625
3323
19918
16380
10380
29410
10360
32741
14026
6321
16095
5685
15555
11131
5304
19513
7956
22319
1196
8301
10060
3413
8777
12477
10171
22548
31213
16197
21140
1029
11143
17876
11839
20755
19664
9201
30490
22588
22179
15445
24422
10086
24488
1526
4144
6858
11790
7716
16912
28322
4013
6221
31059
29973
30866
21980
21654
28435
15227
8620
21956
31230
8380
1293
24305
32390
1833
20210
10419
6178
11573
659
29506
13965
19970
15826
15156
10650
21081
6977
2789
32478
6676
8170
23406
19051
14549
23729
18453
32271
5383
23371
5360
690
9715
11547
1008
12374
23154
11857
10175
10721
15115
32326
18274
7933
15486
10745
4625
18769
1897
5323
30524
9584
10779
21629
5764
19895
4458
5479
9001
30718
13954
4428
25328
15729
11893
6749
24
13972
11579
10587
27561
10399
11584
27764
6915
11800
24081
29742
21803
25849
19321
10593
10776
11732
12672
25581
27920
30804
15389
25654
6778
16378
16194
17251
32730
6196
9235
5741
28220
106
1079
16777
22378
4717
22237
10968
29944
30689
12947
11008
11016
11278
23951
10431
1454
30589
7214
5231
7851
1552
11676
31908
23584
12272
25821
17764
18923
30180
25487
10155
9114
496
8149
10433
19504
12997
15874
10592
18750
5255
29817
10714
22805
4223
3608
3885
10658
22753
15790
14753
10798
12781
27936
29611
5112
2445
8552
29631
30041
9702
3580
20969
20124
31454
11093
23384
16594
9481
10117
12504
23086
32213
10732
17848
28939
3797
32343
18379
10682
5239
4269
89
14087
5453
18375
23503
17526
31450
9881
6218
23668
11089
2758
1758
19822
24855
7021
7317
10809
19792
27173
27720
9819
13671
10740
11276
30886
4832
16536
2781
30025
9153
10898
20089
11197
5270
1462
15736
1667
17708
4627
7274
31490
2144
14856
11444
2221
20884
26174
8213
29676
26135
18505
9503
18911
4839
16668
16828
2495
556
6829
27081
16200
27940
19336
16397
21049
3654
12636
6295
28140
8334
1298
29991
27169
79
31301
8061
8690
11398
27497
2992
4728
14430
5888
18135
15854
19944
11158
10074
12180
29571
15171
11128
10067
22514
22386
19129
12472
21154
8170
7658
5737
15588
25233
16557
1065
2860
11198
1138
280
28112
4969
30631
4876
16884
12464
15538
27162
31014
11097
12879
18986
19967
19660
24858
20167
7194
3175
5041
12167
1638
26818
23226
31098
10737
2779
7405
2131
13910
23205
32494
20789
11201
831
22972
17215
25974
6373
1578
3509
9146
19016
26952
9712
32294
16292
4740
2976
5614
21276
30196
23118
1835
23412
30039
7492
6991
334
695
5695
23868
11415
31528
29683
30295
307
3043
20728
26815
10244
4295
23323
12323
11455
14762
11491
9720
13081
32470
3400
29361
165
30477
20765
4013
1208
9430
15004
5810
11134
14718
29701
20704
19399
30888
2976
20267
17727
22965
11614
11657
7319
11658
29634
31282
5745
16131
8504
11689
12505
16405
11625
14674
11748
17998
3218
8919
16628
6605
13346
26122
2208
4110
20738
20592
29173
353
11937
14665
26018
27547
1511
11911
8573
11632
17493
3636
7468
3416
19211
12727
16121
31329
12597
14297
1493
13259
3321
6612
796
15876
22479
27583
17345
29131
10776
15744
12678
2066
26153
29323
30635
16711
2437
13380
15235
10033
14098
1171
3807
94
10066
30585
11604
2892
3349
2817
6337
30955
10249
963
18135
19865
25279
26076
5165
12640
12096
12012
4843
11572
8557
14156
19799
3630
13123
20630
6223
6052
3545
4048
509
11593
9041
11741
9882
9718
26349
31683
12978
14474
147
8695
19975
30142
18110
22790
1201
4067
6285
20424
898
6362
4603
12032
22052
22881
11641
359
15562
30710
13318
2671
10139
22669
11826
6805
1230
24356
6250
11238
19876
6616
29064
8065
20562
10015
1373
19231
19924
11925
8874
5329
421
23416
22304
1084
32060
20634
18018
2353
11604
16417
22824
5901
3681
15726
7524
282
26241
114
2783
11534
21077
5609
20110
28741
20825
2978
2507
5596
11996
14360
4886
29344
28476
1429
20240
27542
12002
14226
6299
21699
27220
9132
4643
3885
17533
31767
29811
15189
8807
13658
1922
7368
3527
4370
30946
12492
12234
16772
8672
7133
4446
4084
25606
12490
32538
1811
5462
16300
25899
4671
12497
31860
27726
12171
12435
12408
20569
12502
6437
12560
12606
12629
12225
13063
10932
9979
929
5379
19608
1701
8956
5897
25011
22993
19124
27522
30368
665
15907
32601
3662
7955
26679
20601
12599
6390
28741
17054
1958
30228
10919
21199
12249
12255
7347
24831
18887
5319
6357
4929
20645
8115
1035
6938
1707
7538
13097
1437
12231
1034
377
14453
13188
3092
3530
32027
12407
12248
26615
21164
29318
5076
5173
8228
6019
22489
15597
28367
12548
11123
2037
13707
8498
1034
11135
27254
12767
21760
14155
20158
17723
17323
20546
24632
12449
6209
7838
32267
24952
12744
282
12846
12890
12912
17698
7855
8193
1247
2379
26443
12311
5857
32490
30213
26541
13155
10936
7874
25552
1791
16061
3632
4009
30258
7706
24243
12577
12013
4370
12022
174
18767
6357
27055
8033
22418
5240
9525
26049
3085
15534
7573
23509
17396
5995
1984
19161
31447
12534
26017
28471
5587
1066
21704
23598
2889
8633
11599
13134
11706
20641
29965
28598
20081
18498
26472
12710
22388
28394
19999
29493
17
21895
6312
12807
6666
21922
31849
22958
11557
1595
9109
4474
1816
9321
13811
13176
20755
16837
4774
31100
3045
12939
1459
32208
15069
20782
6556
19059
8258
19228
12954
7388
5332
15671
11948
11647
21734
2580
270
7783
7072
4980
27188
8445
19279
21184
28843
5481
15241
17963
5663
8976
3741
20614
21249
5515
16788
20067
27910
18258
28188
16862
30908
28164
28671
28100
8579
5091
13037
2730
3406
7924
15808
26387
3437
5860
20763
13308
19162
5496
2005
17281
32587
11130
3851
5748
30437
11128
29422
18204
11317
19424
10379
7330
13083
23195
3606
13082
30978
18177
20042
19223
328
31937
8705
2449
14869
7744
11175
19211
3141
2175
6614
28863
21293
4392
11781
12201
11709
10057
3700
13321
4966
14056
8539
15643
17458
20690
13218
16929
15726
25234
28697
3619
29499
11363
28711
5952
8101
10823
28189
23170
9058
6344
29147
31240
24755
21870
18785
13343
14721
32115
29660
25529
13616
13466
29418
5900
12649
26726
13388
16089
4413
10127
25859
5908
20187
10941
6214
13614
30613
8941
6818
1914
9960
4378
16737
31768
8371
25715
16485
8948
23873
10920
5825
4505
22341
5730
14718
13738
13218
10171
10669
3282
21445
12682
27824
3896
2826
13286
7327
28976
2482
21629
7592
16719
2246
27701
16204
13823
13684
14421
13910
24941
3014
4416
16513
23866
21511
14959
15831
3743
27869
2229
13929
26823
21897
5792
11174
25893
29815
4026
20354
26895
4952
7884
10706
7137
7333
9037
2924
17980
19363
28913
29733
11971
19970
26975
21019
14699
17732
15496
6657
24968
2485
14680
13406
14756
32739
3163
8114
13547
7179
31549
13352
30530
1475
30391
18424
4023
7150
6595
32651
7012
26770
6476
16504
24915
6489
24509
11645
8614
13400
8698
5326
16112
17117
8364
7150
39
25202
13727
22427
4097
6328
28809
25998
14353
6599
5306
8772
10873
881
1701
7223
8213
1064
23030
8974
20958
12309
15796
21289
1369
4837
8672
26720
8564
4561
15649
17246
8277
9494
17162
14104
379
11945
16104
9606
13906
20875
20047
1319
26624
5660
13098
595
25000
18732
3879
9774
15453
9772
8439
18216
25900
21771
23433
30973
8725
18156
2333
7864
14153
14132
13927
9581
3259
32432
6988
13979
11793
27131
20384
18199
14154
12438
24079
6935
6969
26635
7021
6925
5457
2453
24593
4835
28720
6936
5715
9733
31636
27756
24414
29812
21653
4928
13634
1577
21690
27169
14105
10249
6539
3586
2974
29145
8416
6308
18040
14257
14163
7719
5867
3002
19665
31117
8760
14350
29513
32087
14288
14314
24807
14562
15772
29922
4450
28560
28236
3839
14566
14595
14319
14238
32650
30251
13457
15594
4349
28799
13849
14660
14634
8982
11945
6764
5248
20871
11689
30147
13892
22503
3718
8692
16881
32332
14278
397
13168
17119
16717
26151
21307
4447
6102
26466
20892
3016
22689
5643
17682
2467
8771
3782
9051
11749
18282
2973
158
4741
19222
5501
19361
8650
9741
14072
3858
14475
12412
6035
19721
21099
17471
8137
19013
14522
9308
14418
3627
19976
11404
4861
7147
3122
5152
30259
4076
2832
7840
15885
21529
13037
6966
12628
16277
21247
28734
26817
21636
4203
20108
18455
3765
17083
4137
9244
11250
28448
12387
29394
26143
31864
6002
14312
30361
23344
19126
8328
14401
10422
4874
11143
2007
22453
22513
2790
24295
17602
11356
12534
18152
20068
19186
14599
30453
27944
6471
2100
14416
1780
5913
11683
2253
7198
26384
16456
11577
20308
6355
10129
13865
4772
3993
4387
4573
4534
29290
14807
14772
7543
28114
16236
14867
16011
16066
14900
10631
2911
21232
2368
14117
15461
26137
12797
24912
19493
5616
6807
26469
7875
4825
13161
18170
30500
11654
8958
8114
11343
26119
11412
7461
10851
19335
11417
22096
26592
22310
14958
27144
32193
15718
15054
7350
10755
11070
28411
3261
27870
14968
28703
26560
30127
12002
5933
16031
27860
17004
11083
15091
31923
13472
11045
13970
12766
19191
8023
18497
19408
2146
26354
21354
17041
15109
6441
2915
10058
24098
16952
3942
20909
24494
15116
21435
11511
1008
15117
212
13100
12047
13626
12603
13836
5149
10309
16402
26215
6200
344
29451
26546
5789
16932
1653
13583
3270
9116
2924
18006
26058
19513
9423
15509
14917
16337
25211
18481
11184
11722
10865
2490
7716
1265
31082
10066
1708
11914
9953
8404
29825
16898
6410
2634
22454
29466
10373
5703
17671
4184
19746
12622
773
31300
16466
20988
27099
15537
20487
15214
15020
15077
15542
21196
16773
26820
1634
13755
7217
29716
1588
470
2785
7523
4783
8168
411
12614
24004
16787
14211
15049
6831
2358
29147
30478
7248
1286
11576
29917
2591
15230
17870
15410
28041
3533
16828
7238
24006
2491
5216
4573
27877
25993
11400
27353
2905
29766
13273
8487
2383
6321
6993
25321
15506
31687
21044
16264
6813
22934
12348
7222
12121
11460
15499
9440
20903
19262
15170
13757
9888
21225
4154
14334
28728
1296
12117
2033
10011
20015
19128
11644
16539
5966
11619
27342
3400
14233
1821
22284
1972
5655
31036
12584
15209
29913
15328
22911
24694
19123
29393
13904
15491
28805
9838
2595
5993
13492
12826
32458
15573
15700
30209
15944
17906
9637
2975
18746
21893
11165
14831
244
15534
8341
24164
4041
24690
22780
18887
21688
21701
27203
16016
16012
16727
16338
20332
15265
14762
20406
15969
25179
15745
15233
19044
21983
15591
15142
31673
4431
15911
13355
1792
3926
336
28140
13269
11334
7776
6037
15642
16133
25637
8643
15660
754
5516
13227
14039
16832
5878
20536
23335
5294
17109
31855
32556
15196
11115
30278
27411
18676
1611
14053
91
25856
15614
15734
15633
25291
23876
22211
3335
5166
618
20222
20361
29030
14903
8396
15715
15718
21008
12580
18007
28637
12664
1427
30752
29457
4338
19399
15631
2556
1146
25393
1534
1386
1272
5572
13415
20132
25350
14364
10375
14036
12827
7446
25100
22122
29828
14917
15803
31182
9838
27095
3937
6956
13666
6282
1421
22020
26886
10836
29069
21210
28928
16023
19123
25909
16995
17048
8049
16598
6008
15111
16310
16289
14022
14128
19768
15946
15152
15127
3595
16400
23876
19335
1943
24910
15483
12345
18426
445
203
13583
6188
16117
8210
16055
15487
12225
15141
4858
26599
5397
11237
13277
31967
25917
19316
16186
1620
8850
7724
14323
14984
26991
9465
29394
2912
9895
19531
5153
5702
1874
21135
14321
4636
1483
12909
4527
18002
16263
16498
17522
20104
29476
16635
16577
18347
28797
27228
16349
16393
26384
30785
5947
16283
31696
14855
15911
25138
16580
28318
4960
10997
25176
13105
20377
20612
1015
10860
28855
7149
11997
28518
8786
18255
16287
17042
28521
23868
12644
8909
25973
1331
2945
12980
22754
16215
24890
14142
32552
15433
18051
16606
32548
20261
25776
25103
30873
11381
14344
24130
1382
2959
16315
15592
15796
14798
16370
18516
5068
13869
6492
855
27906
15227
24853
18621
14953
15537
4973
16540
26064
7055
4317
13168
16837
15933
13880
1578
5338
5018
15984
27400
9376
16596
8206
16589
12265
13877
9347
16968
27794
12008
18235
20196
26267
27401
16539
8666
31119
14406
22547
16648
13504
2399
11945
2658
859
11988
9907
21116
10124
6882
21558
17692
10589
8127
8451
8289
16654
16640
16602
19426
26595
20845
13341
12326
10558
16795
12722
5973
12103
16772
21769
20452
4258
29174
8429
17979
5175
8811
15702
32680
30702
16800
19824
15399
29020
921
26001
20633
2840
10460
16756
17062
17116
5008
20535
12526
9051
7215
15073
5679
2494
11286
18894
6975
6148
17179
17198
8956
16285
6967
32112
10766
10444
16901
4429
11369
9922
11209
14846
16875
16951
9500
6633
6830
32475
26906
6096
5013
11313
719
27895
2625
14710
16914
24240
26078
381
9202
10956
23386
8076
11997
859
16109
22007
9494
4498
32010
6429
16994
5528
16974
9881
23373
1176
6732
6855
31218
12663
12104
21389
2680
20312
5678
14479
1176
2105
15137
3346
209
13371
12998
25688
3326
12946
6977
18686
17460
17523
25818
17482
17364
21305
5152
17653
29793
5331
17068
20392
17089
27868
2283
14583
22568
17532
24158
10020
12702
17080
14026
19510
10579
17062
16860
14071
15717
7578
19276
1869
2835
14039
23882
4699
17057
28866
16590
7059
24237
4409
24322
24963
25079
17160
7038
4757
23527
2877
14655
1091
31611
8822
29908
27658
17745
32759
17761
27549
13942
25797
28026
16543
14241
24406
774
15281
8314
11907
11636
23789
17356
13503
21729
11600
17274
11307
24020
10681
29384
7289
698
15300
656
25483
12265
12748
2012
26390
27226
28143
6092
10178
13587
1997
14875
8285
26984
32605
1591
17484
26967
17276
11442
22472
21617
20841
16724
8556
25668
4277
24143
16139
17290
3678
196
5811
8341
987
14376
9345
18346
4774
25622
1321
31968
27920
17414
28464
19774
32732
23332
3501
17576
18753
17610
25378
12225
20992
17769
6383
23310
16472
15757
10445
12364
29079
17929
30470
25668
27398
25766
17875
23798
29580
11849
6777
20073
5656
15301
30632
14822
3482
4578
17641
5428
31512
5939
11420
10484
26341
14480
19243
17635
12181
10242
5928
16263
26337
5064
1072
24501
32676
16499
20801
7405
10022
14921
28507
29725
9313
23285
29233
29648
19539
2925
18022
18077
27650
17969
23155
19396
3346
24000
14451
7718
5817
32452
18218
18157
12950
18240
17980
20884
17970
14511
15937
8132
18175
27338
7959
20635
9188
27299
5507
30283
24534
15870
12881
14344
4569
884
13167
18137
7379
17823
27420
28121
25464
10163
3883
8410
23362
15756
2119
25971
5515
17761
32358
17469
7461
18219
31759
20582
18460
1386
18305
18314
27993
18298
3006
87
32098
14675
16375
17879
16914
9748
17691
17074
17958
17954
17907
13190
18007
15327
10288
3367
14308
15967
23641
2135
15988
8346
28501
14473
6700
20395
18382
6479
23371
679
14548
23462
32350
18435
18457
18460
15150
17084
18005
4043
7464
3601
27218
23834
12515
5702
11596
18246
14321
29780
1652
10464
6138
5712
16374
1830
31331
20198
13938
26002
9686
484
2350
10663
17992
12353
5193
19280
13376
6758
18111
26684
32305
22421
16864
7439
8705
18221
1487
921
7676
15128
28978
6593
1434
12711
18329
3086
30142
14861
26372
13709
15765
2441
1894
14270
6278
8695
23697
6586
16528
18338
23150
18323
8825
17491
5578
29661
30506
4703
23161
12515
490
18334
17550
24001
26940
848
2396
31210
4669
4954
14766
16484
31973
22194
5012
26076
28303
19122
24880
27294
26751
18786
18613
32523
19492
13687
25926
18486
27426
18408
2548
13606
18825
18725
31977
18608
14390
2417
5410
6536
10900
26164
31391
26566
17214
18417
12825
24115
6099
20560
9547
7882
24560
31539
23017
18910
18601
18661
27493
2828
936
17296
21680
9717
20965
18879
5247
2906
14452
6301
4568
750
11509
15732
29542
8436
19898
9381
24877
19397
31612
7045
7251
18545
8713
21524
18918
9208
20723
20301
6501
18527
32745
8020
25305
29407
22387
12819
14871
13825
31856
5518
1696
9314
7657
18732
25995
31136
19316
24834
19021
19142
18431
18889
18905
18702
23929
18989
18575
18304
29004
19211
22677
3057
18603
7432
22093
18388
447
10016
10950
7755
14741
12101
11909
7176
18741
19216
19069
17974
29391
10791
13142
17444
12823
876
10171
736
14152
10372
30049
18699
4519
26169
19616
12098
1198
294
30612
31080
18860
18877
6597
4041
23941
4201
31985
23445
13175
19283
10709
4512
14605
18964
6695
7054
22534
10336
7858
21275
13253
15368
23644
22051
19236
1371
22231
6969
32395
3380
6573
23281
1185
19057
11049
3816
13683
7016
26489
28626
3570
22113
22883
8552
24478
1082
18628
13495
24258
20009
28056
12544
18914
9646
28143
10933
11086
24951
28481
18946
12892
8183
10417
19196
559
6385
19608
16275
29370
5799
715
16615
19046
9601
784
3731
31497
449
13751
32235
13862
4271
14173
10196
8616
29767
11843
25951
31366
19231
15817
14661
4882
30107
2742
10694
23455
11341
14794
20135
16079
7071
24736
22391
29650
2072
9085
14409
31335
7797
10122
11725
9490
8850
17734
7822
30722
19607
25701
19608
19482
20364
19532
24800
19421
21012
20712
6118
19089
13713
24168
28897
14109
22725
3720
14916
19676
25331
19732
20562
19803
20453
26290
20521
19772
20462
19687
20473
32120
19794
25569
4078
1993
25015
1859
10525
22783
23296
7517
31939
32580
23415
32701
18967
25412
6322
990
555
19401
3920
16830
27559
27748
19877
8262
18500
15289
30682
6100
21978
19659
12429
906
5048
13068
23840
7619
11451
19559
19680
2708
17852
14123
8000
25917
19448
19433
12842
31337
2993
19403
8232
15754
20798
794
8284
2716
10145
8715
31494
27453
15099
28428
16433
25019
15641
15165
5742
22821
15442
12494
9964
19908
19899
12293
2200
19422
13803
19601
21365
15622
4903
9427
15186
25530
5519
9398
29681
19620
21575
19543
11697
31681
206
25387
30115
22233
5144
1879
30602
12569
1704
2833
16999
19397
15870
4266
28370
2217
19785
23155
19725
26051
19413
11123
19958
19934
8774
910
10931
13405
19740
21758
5953
17269
19781
8110
23815
29556
1119
9617
19246
294
11296
17801
17084
512
19809
15848
14312
2416
4430
12821
3528
9251
10163
19884
15115
32493
15165
14191
12972
20046
32467
19124
7206
12199
10715
8078
19796
750
479
20065
14037
9091
7048
20805
8500
1031
4130
22978
21094
30493
9426
14756
16995
3325
20192
20240
20433
20338
20652
20287
20528
20271
20576
20227
20585
20345
20807
20321
20329
27400
20117
21141
24192
26218
7504
22184
6471
31527
9020
20062
11743
29904
2387
10367
12549
20146
22211
20069
19745
27998
25742
7886
16444
25622
11583
3563
8468
28541
20057
4419
10676
15442
20052
28106
13614
4039
7966
20385
20395
29336
9155
1040
11869
20016
20473
20370
29619
12529
4779
13134
14271
29336
23230
27474
15167
20536
30053
20802
20509
26578
666
21391
22716
18551
20225
20162
3151
22452
380
20095
5022
6755
9778
27435
9615
8122
26632
26668
1221
5022
28236
20663
16415
20158
24537
15763
9951
22134
8922
32323
19456
13020
18993
11381
20429
17337
30181
11614
16510
11912
17832
25013
21877
15493
28607
6866
1282
30445
3556
560
6805
8566
5278
30861
2557
20823
19494
20228
23777
27922
17261
20282
20345
8767
12950
20300
17980
5640
18448
9226
1090
9484
26411
12105
20347
1748
6584
8876
11388
26903
9452
5133
782
16699
24683
15673
5868
18472
9017
9418
20441
15031
20476
15335
20877
29734
15202
13692
30825
26085
3742
16795
3515
17787
30881
20307
20482
20433
17000
3831
6245
31249
20982
24955
20463
31232
3353
20413
18701
3045
870
24535
18454
20486
10733
10562
29408
8683
21054
14518
28913
20593
22853
20560
22410
17911
1080
23298
28358
26310
29680
8784
997
5060
20767
20904
26709
13365
5914
3824
13257
12363
21530
8295
10833
30652
14726
7571
215
9510
5806
13906
28662
18276
20834
29378
14932
30979
4027
31840
23930
11979
20846
16613
3911
24847
19420
12395
6268
12192
8259
22047
11188
21040
3811
5803
17947
20963
20911
20866
14436
19187
20876
23469
18544
27329
14937
21180
21258
25699
21170
30836
2824
24492
3991
20948
2837
1593
18182
13945
16581
11928
1198
1588
19427
20903
3545
22412
24309
27788
32242
25579
16849
20955
30384
32200
2345
7558
11217
2113
6389
4545
20210
21040
17782
24913
21012
10670
15113
1497
29356
21110
22004
1784
21115
10463
21340
27620
18917
6116
21104
9065
10571
30081
11783
1660
21519
21447
28076
21479
22015
21493
9551
5963
28311
15359
8029
4479
10016
26130
4846
24169
3954
6072
13174
30034
1160
20083
19871
28225
14065
3873
18369
20801
21153
19753
7325
16594
13998
12943
5742
2281
11379
28992
6292
1414
10789
7370
1797
24139
11928
10746
21193
28591
262
23027
15526
3838
844
21257
8500
21530
21538
26807
18010
5070
19455
24005
21212
18657
11401
24898
21160
5544
29582
249
18936
14738
524
6559
7505
21402
15904
27056
9087
10975
3447
29147
8395
20095
8862
21397
7101
32382
6107
18434
21375
4468
21289
5607
24242
11689
4471
12688
7204
12151
1672
12257
21347
27869
21344
21327
4670
5639
19479
21543
21419
1023
29803
21335
28379
2771
2655
16754
1266
32442
21562
14736
21782
21819
3619
18528
28624
24287
21528
21852
21747
17476
21943
21942
23324
21945
32354
13645
4727
11584
4039
20203
15690
12832
11165
32464
485
3248
19578
22332
21957
24041
21987
22495
21535
864
21781
23790
19518
32626
10163
30599
21574
29485
18060
8330
16232
31481
7453
11318
21837
2613
21983
11228
6526
24389
24304
4663
20971
10573
28864
22013
6138
18841
32029
15324
7369
8869
9974
21531
18120
21886
8238
19114
11432
21835
21814
10664
24569
24196
21862
1097
20748
8195
10677
27880
10981
3270
21641
6245
2987
28795
14584
6563
14001
673
20869
3496
23942
4064
2499
11239
5579
18036
21548
28653
21676
1402
15345
7691
20566
20459
18822
10230
12216
27045
21572
8037
21554
21815
3893
1069
11351
21475
21694
5084
2921
32525
24334
3636
27909
25765
20292
29965
21652
22679
13163
29308
13733
26704
21891
21937
2966
9158
7671
18192
15042
15849
17179
21950
27663
23220
5230
26100
3230
16129
12775
25619
22017
2180
12914
20580
3808
13509
17833
8656
19435
19683
1529
3040
24320
13699
22007
11897
20732
30539
19671
21945
5789
30126
12202
28291
15932
18644
28327
6987
4911
22074
11618
3216
31304
22149
22780
22024
22174
22688
22066
22478
22042
22462
22114
16807
4567
3122
22110
25572
15941
25545
1138
23335
15515
24382
27858
22518
22251
13525
18877
22236
15043
24399
8455
26412
779
16643
22246
9034
6653
1415
2560
2419
22289
29975
22999
22362
22683
24961
22116
27803
22414
11826
29154
22569
16184
2856
22590
22623
22720
27035
27870
26047
27404
22040
30286
11999
22569
21544
22194
22727
18620
31782
13293
22514
22197
2490
29268
22528
22655
962
22569
32545
4401
22279
12574
15638
13108
21115
9014
22618
26961
22404
870
14794
12873
7567
18388
9941
1327
22265
28801
6825
17997
22493
2265
9237
20547
13739
14813
22368
618
25906
7920
11127
832
22613
11241
6531
11511
16638
16779
19335
262
11229
22670
22339
22533
20364
22344
1849
10879
22319
16026
11960
22741
2249
22481
6392
17015
20623
11757
2317
10708
9602
11217
22106
14657
22076
27932
24855
22082
28968
10408
9058
2591
28084
5283
22765
27739
20007
6388
14234
19764
22289
22176
14120
22339
8609
91
22510
19400
24553
32548
22377
7063
19491
18550
25180
5608
32699
3021
22591
10087
3979
8052
9914
11142
8313
17986
1933
5181
22843
22963
22966
32322
22901
22818
5238
22409
3129
22832
27842
14630
7660
22673
22838
3529
25237
29838
19947
22676
4822
8215
3930
704
27182
22754
22725
22832
7485
11677
3839
19691
8771
28274
8605
22877
17955
13949
3832
23053
23066
22720
29724
16713
14807
24091
22363
22776
22176
22132
16181
5181
22768
539
12877
2181
27515
22371
4119
9935
7552
9729
23264
23259
23224
16087
23065
7226
6893
15412
23317
23288
4092
23025
17004
15933
18284
16747
23347
23313
23277
23265
22947
27155
28337
22977
19971
21264
29528
22923
23175
8282
1081
3857
23185
31076
9871
11102
11387
10364
15726
27617
10857
22931
17160
23371
23388
25762
11664
8807
30482
14416
11923
23443
23467
7154
22974
32151
20534
1213
23531
21680
27284
21888
26488
14839
27320
3677
22953
5874
5034
15887
5386
4376
17802
7269
23681
15069
23002
2733
29474
23131
6355
6850
26824
23215
23068
16450
14932
23571
26180
23164
23098
2556
25162
17820
23193
18703
22186
24855
9171
15899
23080
31938
30833
13240
17026
20833
22739
9652
26904
1960
23253
1803
23225
18987
23419
17
13215
32166
23616
18747
23416
17803
229
28020
13715
30047
26752
8311
20975
11504
12456
23577
4310
18858
23359
20625
23288
16001
27732
23287
16609
18728
12208
27119
23360
5929
21542
4365
17581
7833
30716
26899
29087
23366
16524
23519
24739
838
23388
23475
23391
3678
14066
6995
23457
15655
17121
9561
6204
4383
23513
5585
23460
26894
28016
25385
13659
16998
4717
22870
6398
19392
23570
15523
18953
20156
23839
23775
24312
23898
11948
21521
23611
21139
23644
3661
5294
4132
9149
7552
17083
21810
27581
12878
23612
13909
23642
23602
21521
4098
25938
23612
432
20851
26313
31658
28118
23929
23870
3469
22498
12692
24459
1226
23748
23668
22240
16329
2041
2999
3889
16933
25844
23945
23929
5079
12219
6817
25454
14241
17827
11653
1025
22088
18330
31744
846
2601
23730
26435
21629
28797
16136
6643
4107
5459
2088
23908
24680
23827
470
26735
25610
19460
25653
5911
4340
27610
5438
29450
29290
608
3897
29437
6609
28606
23709
31602
23884
4523
21970
23768
23827
23661
23362
19429
13967
23823
9878
32617
12637
23846
27542
2478
23776
18116
29937
13107
5338
23721
13644
9895
24199
31417
24329
24237
24376
23977
13156
21865
17358
1057
23702
7181
25216
11875
18355
15407
27629
21801
18467
1682
20730
26352
7319
20163
24355
24296
24443
24309
22282
14095
24372
5479
24416
24254
27855
23937
26975
24059
24404
24437
26105
9214
9828
215
24403
24120
8290
19498
24446
24218
23972
24372
17798
8690
25423
24218
15583
24283
16232
15847
25655
23958
24199
26038
16688
11020
26331
11104
19066
32305
24166
397
20734
28321
24199
23351
10156
26790
12227
23626
24177
6970
9514
10191
2387
3217
24032
3861
29222
15521
19121
22192
7617
17317
24080
23199
24514
24512
24151
17252
11779
24167
10170
1124
20695
10300
24096
2316
13277
4928
2752
12447
29325
7422
4333
24251
13451
23956
12219
2000
24194
24219
24098
29736
17648
2816
24052
1278
1816
13049
17212
1270
24235
10155
24125
31354
20093
24038
24359
5283
2561
5233
10101
6248
24385
11315
23257
738
17282
31751
24323
31663
24331
25562
21117
18141
11269
2767
12060
9143
18093
20121
24394
12204
24468
32258
21581
7560
26904
25587
24463
16276
25981
5105
21160
4653
12096
24536
25535
26337
11872
11631
10549
2116
18565
20993
14447
13464
27642
6017
9784
17932
24570
13388
8712
8473
14027
13083
2919
13147
17789
12824
25158
25883
19496
1866
5154
1254
29123
5358
16923
22733
16046
20649
24489
24620
24873
25019
29056
24948
24638
24947
32507
26272
24870
26805
24597
8764
24582
3171
20925
12562
28139
7014
22070
24577
17962
16121
24413
4638
18891
13357
20990
11818
24687
2454
24735
4878
17466
24734
24944
24900
25130
26675
24667
18344
2206
15066
32431
26070
1938
7082
20799
28943
7769
3044
24898
25886
31462
26165
28938
10455
25191
24606
24937
8721
5081
25074
27182
24465
13053
18644
11431
9063
25044
14844
14930
13045
18294
24732
11783
24857
11424
7418
26487
18121
1384
16062
23844
19435
1225
24978
2383
25046
26709
23143
3941
25402
24861
25089
4999
14677
25034
24640
14853
12775
28997
21836
24569
3409
17487
25362
123
23492
24822
24783
24630
22966
10559
32031
17448
3688
24050
8506
24714
15568
23816
5641
24650
12385
10681
26287
23616
5432
24838
26087
20506
14520
10197
24845
10921
30815
24631
13754
15306
22941
25211
25209
12070
1069
24686
25097
25151
24781
18052
32636
8580
3830
22974
27606
24883
19579
1678
32134
4639
10865
20175
7451
3328
24887
32427
25034
18919
24959
24935
25098
18841
28195
14939
25116
7956
3896
2826
14073
9211
25170
2996
5116
11895
7089
13922
32030
10983
2025
16131
14723
14082
25404
32548
26021
25292
26012
26872
25977
25306
25450
25356
19825
17034
25198
25392
19217
2659
3325
22503
25505
25483
25597
25447
25439
25482
25454
25287
25472
1336
25408
20885
2788
25376
25301
4620
14526
31479
25534
25525
15298
11513
528
20933
31826
3534
5219
3130
13743
12108
25553
25513
25804
25596
27686
25718
25564
25326
25245
25312
25607
25261
25508
25723
25626
18001
25521
14984
23805
25077
25508
32307
16033
15646
7521
4144
25420
26426
25850
25839
8560
13955
7608
6223
25207
8
30619
28222
3835
26355
18081
24087
8459
25326
25109
25368
14321
25791
25886
25877
28304
7918
7770
25916
25860
19284
25380
11562
15970
12636
25611
16698
28596
28309
6200
25748
25821
25597
10241
22111
26009
25404
30821
8763
8356
3061
25332
23633
18118
17009
16683
9969
6040
25256
27409
25325
29683
25262
14639
32077
7870
28028
12023
1682
25327
14117
15534
24210
25312
11626
25693
32003
25443
25925
25996
6138
26050
25870
17573
295
25107
24215
3918
13787
32541
25506
22258
25632
25613
24379
6073
25694
25612
25596
26050
7801
25720
25569
14311
12015
31860
11302
25615
6327
1765
17295
21348
25820
25810
27765
7703
5480
29783
9868
933
8124
20012
25839
7538
25075
13969
25849
2347
9969
6188
7807
252
32732
5047
13802
4642
25894
4078
25878
20886
8218
11682
22235
16821
21379
16715
18608
25895
16022
25914
22398
25891
9253
32428
21991
18520
26053
27134
17283
2688
7201
20730
24358
25686
28583
26068
4323
30563
24446
21974
26037
26006
25978
4417
4100
19468
25995
31022
26167
30685
16275
16859
14328
24542
6480
25972
14732
25939
30129
2592
26034
31259
17283
8199
8777
11078
4312
25941
21269
23006
25548
24930
2407
26043
25697
25954
12390
16464
6859
4745
4507
25761
9843
30700
22777
26174
19708
2673
26251
26327
26540
26349
26678
26339
26409
26302
15615
26446
26486
26701
26470
26173
26320
26183
6997
26418
7361
26274
3102
15040
8515
25872
26580
26586
14009
26334
26132
26354
26987
11464
26173
17812
14561
24979
3833
26262
8190
24318
4883
26221
2513
6874
14448
8021
7129
26157
22498
24903
27857
26172
26694
26241
25572
26539
25056
7013
2113
11294
11973
13231
22818
4934
26270
4938
26354
419
25422
26077
12349
11379
3411
16289
26084
16533
2311
1747
5698
13651
1785
11805
26217
17470
26158
11549
32437
26178
26092
26085
24830
4178
40
26138
13798
12384
14092
26407
20186
26416
14040
26312
31130
20167
26329
19216
23903
1891
15012
6855
30603
26497
26640
14549
29416
13946
26482
13306
26442
1891
1472
8542
21135
4982
28065
13853
696
32158
26342
23279
26289
25497
7182
26447
26445
26453
11760
21132
26650
29917
12737
26780
26753
27304
26850
10778
25341
15579
26586
2492
4553
26962
26573
15065
26701
26600
26654
11029
26325
891
9095
10548
23902
6053
26665
20850
20163
7608
26685
13509
7309
5199
22394
26681
26632
11646
24294
11865
26596
10979
6375
4082
4156
19228
22398
12152
2786
11820
26731
23023
10744
25361
5669
6784
3607
15702
26781
2509
4142
5280
29870
32582
11761
1118
13813
30003
4188
26709
5025
17449
24527
14117
22319
8244
7168
4966
22326
23645
27229
26764
6281
2121
23325
2403
3074
11666
26924
26881
3657
32012
32591
26962
25015
26932
26964
27037
27178
26979
11977
23045
4981
26724
19221
26811
3175
30370
9715
3742
30665
10477
6016
23591
26747
30642
26752
26818
15553
14928
26799
26740
26767
27116
27037
27775
27181
27903
26943
17405
20062
26778
26717
10991
17841
2609
19277
27140
1873
9819
18402
18697
27943
27301
32509
27297
26950
27147
21339
31609
6767
14187
26488
27317
27042
27529
27269
27961
27375
27517
26927
21752
191
14838
19925
16025
4445
2593
16669
10161
21612
26898
27503
31325
21965
27541
27516
30308
26922
27233
27054
27045
27463
17661
2556
8611
9367
17222
7753
26492
27563
27567
1359
27447
27750
27157
21311
22689
27320
13475
25413
25887
27597
26922
9859
27214
25763
10170
24313
6276
30399
29458
25141
27047
27230
26763
27420
27362
27509
26991
27315
26921
27127
29021
27025
1173
27678
27680
26761
27241
27207
27563
26880
26948
22931
27016
25809
30186
26966
30343
19830
15696
20321
13383
30133
26975
22888
26979
23714
13239
2282
27083
2979
27199
10921
19240
27048
14417
25212
12424
4926
4194
3469
27244
12798
27236
25870
6947
27157
27039
27187
4617
29007
27455
27350
27745
27792
16361
12441
27305
32235
27427
8724
3923
5392
27456
14482
27283
27324
29440
10735
27813
27182
31772
27458
25996
22470
2988
2096
27505
9736
2277
21575
27467
26544
23531
3691
1101
17862
27494
19188
24202
16997
27606
26873
27648
27202
1743
18341
4400
26676
11292
18036
27607
26527
27612
20155
26043
27656
5296
12354
16925
17032
27746
6332
25230
7663
1604
5571
28155
28164
27428
27042
27962
27925
5155
28168
23656
27828
9349
9370
27676
27789
27704
29454
2481
29207
27658
2462
15759
28312
22788
18483
27858
27760
27121
27689
15750
13040
27926
23781
8162
11626
30492
2352
27897
19154
27932
14548
20769
12484
27855
5178
27890
8587
7008
21772
24918
1705
13212
2932
22365
1129
27771
18381
27703
27681
32602
24756
27791
27748
27768
9874
8137
27795
27756
5809
29773
11824
864
27856
4453
13283
2650
27923
14713
27890
27921
27892
9488
6244
16396
17933
16081
17527
28177
26439
14483
5989
28091
12878
19781
23124
12704
15124
28152
10452
2860
13689
28043
31440
28096
18709
14396
20994
7433
3003
6155
5323
3527
27994
21486
28117
19109
4419
28078
14431
26529
22210
5412
28125
18951
25819
6032
10493
29822
909
17969
28173
28181
9443
837
463
12724
1460
4745
22519
16681
19512
27387
18651
391
28580
28497
29386
28222
31870
28204
29350
28330
30147
28203
28900
28333
32487
28227
30523
28227
29224
29190
4200
2065
19514
20664
4701
12001
17826
28834
25320
28311
19319
27819
2442
28424
14948
28587
13268
21429
23725
10995
22032
26708
28673
28612
24040
2470
13235
30028
7674
28520
28303
3954
28677
28677
30134
28394
12358
28236
28453
28468
20853
28690
28380
7123
1774
24872
28367
25109
28439
20574
28600
9569
28528
28725
28650
27877
10516
11796
11463
24904
15800
14648
28305
1401
32605
669
28283
22191
6423
8089
9868
5706
28217
16450
28368
5621
28418
1514
28225
16225
18620
21945
10086
10619
22407
7328
14160
28194
21898
28577
19668
15806
28437
15156
25626
10566
10427
28517
8111
1202
21689
685
8245
31202
12204
28312
28439
21958
28400
4667
3273
28443
28330
28392
20481
21385
27246
28358
686
7138
18811
20847
29003
28981
22336
28386
28513
32762
28385
254
11182
28655
23014
25514
28624
8572
10080
28737
28733
5039
28653
3672
32158
10073
28599
60
28649
8100
4209
23409
23156
11231
1621
17548
8698
24897
28679
18482
28723
28724
9802
3580
24877
26865
7291
11295
24706
20791
28865
27590
11818
29020
29032
30103
29019
30107
29028
30068
29033
1147
28977
22370
29004
29077
29007
724
24021
32146
28675
8331
12553
28031
28972
25991
10457
14318
28794
15
3789
5847
16818
28889
13102
14107
21175
29009
18897
28764
1007
19646
28758
1114
5523
16436
18884
20181
28887
19170
31351
11512
15219
29087
29156
28893
4913
9330
22775
21554
32253
15144
15752
28705
11817
10466
9332
1171
28922
28830
18370
28818
7946
18862
28795
28859
28873
4197
19959
5578
28922
13244
8940
9075
28252
640
32437
11315
24024
25382
29261
29266
30307
29205
30129
29194
30113
29213
15670
31335
24176
28172
29352
29671
29295
29381
29242
10069
24125
22110
29401
29402
30267
29403
29088
17947
19302
14795
7963
14135
11002
4818
9648
23063
22599
29390
13041
15484
29307
29017
13444
29033
29026
23527
14882
22646
99
29037
3859
4771
13733
29180
20405
29259
29271
29316
1105
29801
27508
18028
22093
32199
32544
29150
3379
3054
13363
31790
27991
10471
13803
4660
15987
32567
9200
18334
5937
29086
24576
29106
27794
21100
27317
27437
24381
2409
32652
4654
29098
20784
29136
27722
3157
29204
17471
13772
13621
6265
29388
2800
29282
22348
4596
5847
20930
16715
29244
29218
15143
29257
28227
32674
29224
29225
29279
2132
12471
25916
29325
4756
22286
14156
6654
17078
29227
29168
23085
29175
1076
14491
29263
4190
20877
29308
32015
13595
11325
29351
21372
29401
12641
1885
1081
28977
29443
29412
18207
30588
27565
20499
2705
22157
5113
9972
27936
29468
24778
29534
29777
29796
30058
29745
29451
1289
2023
29077
29863
29869
30175
29859
30385
29859
25329
29524
29490
16797
25835
24274
9354
29674
1153
32493
7092
29777
22985
29709
29534
29676
21374
5523
10910
3949
21724
11618
17864
29444
29259
14663
8188
29471
4063
27551
775
24193
12554
29409
10837
16184
24075
29520
12273
29788
12659
4841
26587
22512
21806
14838
8803
6105
29608
31419
29584
28909
1028
29450
1562
28661
25512
18938
29775
23266
29629
7002
20860
15347
10365
6989
29493
30577
7525
29720
7616
11330
29425
29779
29755
2026
5322
26299
32351
18179
26710
4186
31865
17668
29750
29623
22221
29744
19286
909
29744
22626
5142
29732
13981
5551
692
29614
15321
29790
2189
6387
29845
17746
29733
13406
20913
3750
23694
4159
1663
22561
26942
11211
29777
30056
29968
6748
29627
29678
6391
30088
29856
29866
29860
1005
29992
30283
30273
29888
30243
30018
30352
30137
30675
29995
30467
30151
30643
29675
30494
29816
17186
12182
30314
32177
1670
3676
29938
14413
30245
30120
32105
2111
1961
28017
5497
20809
16600
26619
30083
19819
24752
19990
30389
27537
4632
23977
29000
6088
29918
28388
22922
26355
29928
30311
18564
8453
25943
30988
29471
8816
25025
30316
2257
30249
25376
25854
29915
13459
8171
7017
2162
30268
31011
30138
10584
11175
6870
30139
28767
30165
30167
25007
30225
17550
24723
29893
30215
30516
30437
29968
25825
29924
21097
31498
28824
6603
32109
30330
32127
29986
30231
6926
29987
4066
16049
30550
30618
30019
29656
30403
836
17379
7798
29910
29795
30247
31980
24742
19559
30066
30032
29987
2487
8216
17554
13668
21035
15965
25240
14642
406
30049
3979
30393
30290
10583
124
30138
30303
30707
30690
30317
31668
28740
30248
32103
14383
12772
30597
30813
25271
30821
30822
30555
30453
28667
30684
30836
30419
27770
8843
1631
1512
11416
20232
30491
30582
1510
5319
12646
30746
15705
9155
7952
17348
8525
30511
8308
20362
25153
30872
30878
30874
31377
30405
1808
23816
30984
30030
15675
23989
2286
6826
1162
30438
4059
30502
1953
510
30530
4337
24236
29262
30538
28168
30483
19984
28276
31385
15953
3034
30493
30478
30407
670
19621
30514
30510
30621
19219
16671
15277
30594
5560
26077
233
26032
28923
30571
30625
4855
30552
32522
5044
30745
9177
3746
30644
3784
4771
21058
30703
26919
30661
18795
28934
13122
30767
25477
30817
48
12582
20032
18023
2584
19611
31021
31238
16616
8787
8071
30794
8932
30725
30779
2218
16083
30821
30651
30857
30978
27606
30939
30837
2079
10359
18694
17592
30900
20846
2907
9089
30833
14788
30906
30961
30974
3589
10926
20911
27407
19623
31174
9278
30895
20418
18496
8375
30861
16773
6067
8793
2773
5117
30887
14914
19560
20363
30890
28356
31010
13602
539
23078
24334
5507
11440
31016
24191
21419
31105
29338
5405
31185
10679
1386
16731
22334
17399
31020
25641
20501
3043
8172
1977
31234
10324
31165
12985
3420
31229
31154
31093
27497
26379
6354
31075
15271
25511
23678
16473
21369
31208
31052
31394
31163
32652
14040
31042
15758
13253
31058
3028
13731
19901
31201
26078
31193
25537
22523
11893
31203
30327
31043
31070
16508
5218
3926
29015
3261
18639
10264
10328
30870
1067
28755
10601
17100
9197
31297
31436
31339
31516
31335
32118
31252
31725
31236
25574
15764
5599
29110
31360
31437
31412
31942
31395
10287
31441
31440
31998
31281
31713
31434
32068
31342
31970
31385
31480
31466
32081
31235
24147
1230
8147
24855
19548
7027
31473
31268
30066
2987
24183
19025
10752
23990
17472
6023
2065
31507
31620
31782
31572
10592
5458
31673
31989
31574
29219
2512
10134
22895
22597
27320
14903
31716
31794
31836
31778
31772
25252
31546
20391
27521
24164
25400
2706
31803
31835
31939
31773
31880
31621
4918
31492
31507
31670
31648
31686
31470
31822
31515
31519
31793
21046
31465
2514
2945
31466
31623
31297
13260
23627
30122
31735
4952
11267
23033
9667
7905
31316
31616
503
31763
7336
169
31852
29352
3195
31782
24084
27379
31895
31671
6207
31718
15803
31312
14640
13343
4225
31384
30016
31466
32180
30890
14685
32080
32115
32295
31559
23152
18534
8840
27644
10305
31390
3531
31439
31445
29454
9454
31374
31440
31338
31251
24218
31287
31346
7245
7341
18450
27874
31358
11971
29472
8038
31440
8067
31426
31438
31398
3413
25709
22702
16990
24688
19191
30922
31769
1337
25212
20116
31569
2675
24999
6759
20459
16929
31541
3015
13421
4325
31691
2594
31712
5347
25745
13201
12344
15271
30369
31785
6223
31837
18547
31836
27467
20791
31822
28756
24421
15030
20765
32038
9899
32018
5670
23541
32305
32306
18145
20961
4408
32056
31918
15956
31961
12128
8014
32044
31977
31979
1389
14421
32187
32029
16900
24724
9824
24938
12905
31944
32057
10576
31961
17953
9772
32007
8870
21650
31919
14470
19850
14617
32098
608
32082
26499
21011
25113
32115
6525
32082
16508
2763
24474
32126
24172
4025
669
22676
32321
514
32334
32183
22173
25427
32350
32424
32413
32384
3282
32374
32409
27337
32766
32745
32475
2897
4419
32375
3410
18074
15917
32298
17999
32162
32362
32420
17487
32605
31293
11318
3504
13946
17707
18843
21341
32136
12604
11502
2289
32311
32465
32737
