10000
-1345
2007
1651
1732
-3119
-5769
-5008
-5724
-4057
-1554
-5086
1153
-5688
-3586
-4075
-6539
-2489
-1514
-4739
-6288
-1794
-6586
3381
-4876
2045
-4440
-4597
-265
-839
-3570
-2882
-5381
2328
2337
-6495
-2231
-1448
-1394
-3987
-3656
-1388
-525
761
-5462
-5461
-5405
-6366
-1600
2134
1962
-358
-3064
-4173
-4437
1440
-1688
-5339
-5994
716
-5678
-6141
-4973
-3587
-285
-3854
-955
-2740
-5481
1400
-6018
2105
1100
-87
-5449
-1529
1527
-4747
-6505
-2552
-4997
-6473
-5813
1414
-5704
-5659
1883
1908
-6193
-4996
-6000
-4761
-6468
-1517
-2367
-6058
-2772
-4201
2139
-5384
-6507
-1457
-6523
-1143
-4315
-1624
-2245
-2382
1160
-1397
-2809
-1445
1031
-5185
-532
-5645
-4046
-858
-6558
-4197
2814
1377
-2376
-5515
-6501
-5195
-6420
-3816
-4867
-4179
-4096
771
-4966
-4474
-6297
-4648
-4564
-6234
-5821
-5726
-853
-6466
-5815
-3650
2204
-6197
-3012
-4014
-6606
3258
-4366
-4650
1638
2218
-1015
-6480
-78
-4693
-2530
-6438
-6375
-3622
-5904
3380
-5560
-3753
1996
-4537
-1530
-5205
-6547
-6343
-4133
-5699
-5035
-1471
-6052
-3447
1464
-351
-508
-4870
-5338
2144
-5251
-6371
-2752
-1411
-5431
-3526
-2880
-6427
-6576
-3415
-2502
-6360
-5176
-5417
-6183
-2648
-2661
-5281
-5040
-3305
1278
-5929
3278
-4436
-3813
-4448
3338
-4546
-6044
-6257
-5760
-6415
-2295
-5585
1052
-1769
-829
2357
-6314
2019
-4549
-2614
1399
-6042
510
1759
-5106
-5986
-735
907
-3343
-1495
-1077
-3989
-2637
2140
-3607
257
-4473
-5258
-6446
3243
-1835
-6364
-6037
-551
-4035
-3015
-5250
-2863
-3752
-1375
2213
-6347
3228
-5186
-6514
-5531
-6331
-4421
-5127
-2615
-3220
-6298
-6186
-5519
-2441
-5644
-3551
-692
-4442
-4649
-6541
-4895
-5899
3331
-3118
-2147
-5005
-5222
-2181
1439
-707
-2528
-1775
3257
-129
-2221
-5190
-3216
-4500
-4918
-5679
-4807
-6054
844
-6499
-6359
1899
-798
-3196
-6410
-5731
1895
-4536
-3589
-5883
-5155
-6588
-5546
2294
-3978
-862
-4963
-6110
-5316
-2920
1985
-5564
-3638
-6181
-4817
-6041
-6280
-4839
-5746
-5166
-5471
-5949
-5168
1933
-5549
-346
-6114
-1442
-4043
-1382
2005
-2395
-2364
-4175
-1359
722
-5572
-2226
-3880
-6394
1376
-2446
-3059
-2815
-6559
-3168
-4499
-4917
768
-1663
-1573
1637
-4301
1959
-6242
941
-2608
-326
2156
-5637
1575
-3625
1784
-3344
-5670
-1447
-6578
3378
525
-2301
-6310
-4048
-5116
-5871
-4086
-2931
-6376
-1387
-2316
-4532
-6216
-6215
-6188
-5537
-4064
-3789
-5458
-6165
-4571
2151
1123
-6205
1610
-6509
-4994
-5650
-4003
-3406
-755
-2360
-6370
-6104
-5420
-5673
-4428
-6263
-2121
-5102
3376
-6240
-348
-6567
-5223
2014
505
-1137
724
-4476
-6194
-3122
-6397
-5954
-3314
-4630
1574
-5435
1183
2093
-6245
-3534
-6316
-3046
-962
-5432
-2715
2088
-5852
1896
-4555
1771
-1048
-6502
-6384
-6211
-5422
-6392
-4879
-5120
-4302
-6534
-5026
3215
-255
-5855
1096
-5872
-6006
-2290
-3006
-6162
-2285
-2307
-4131
1156
-4577
-769
-3834
-737
-5324
-5244
-6595
-4643
-6388
-2363
-3820
-1800
-2230
-5047
1922
-1485
-2429
-6328
-820
-5957
-5320
-4605
-5845
-4836
-5569
-1425
-5234
-5092
-6302
-1676
-3126
-254
-5533
1038
-6098
-5955
-6218
-515
-3373
3361
-6177
-5781
-5738
-6084
-4111
-804
-4126
-5031
-4140
-4195
-3051
-6323
-5017
-6456
-2737
-3764
-2991
-3546
-2396
-3197
-5999
-4084
-1787
-6442
515
-5493
-4957
-6332
-6336
-5161
-119
-1343
-50
-3407
-800
-5997
-6121
-5457
-4868
-5249
-2184
-5615
-5157
1963
-868
-6255
-4992
2832
1448
-5780
-4188
-3368
-4103
-6437
-2798
2845
2846
-1913
-5502
1034
-2910
-3324
-1693
-4070
-1522
-4282
928
-3852
1649
-4527
1385
-1908
-1402
-6601
-6049
-5808
2380
-5828
1881
-3456
-3455
-4969
-210
-113
1421
-1900
-1899
-3626
-6069
-4435
-3549
-4130
-4599
-1687
-3395
-6126
-2476
-2432
-5900
-62
-5990
-4482
282
-5829
-5826
1748
-4736
1547
-4454
-1884
-5361
1147
-1889
-5864
-6309
3255
-2124
-2428
-4567
-1166
-5727
-6546
-3312
-5581
1601
3238
-3089
-5233
-5607
-4023
-1651
-2825
2231
-5737
-5010
-6099
-6153
-5776
2317
-3793
-4166
1586
3281
-5947
-975
-974
-5427
-1469
3341
-3423
-4840
-5677
-2724
-5498
-3191
-1409
-2843
-6383
-2311
-4009
478
1890
-5096
-5228
-6264
-201
-5082
-3999
-6282
956
-3879
-6124
-4586
1622
-1759
-734
-6227
-4155
-4193
-4505
910
1968
-2294
-1084
-4312
-6524
-2378
2831
-5770
-4497
-5416
-4270
-6554
-5915
-4570
-2797
-2522
-510
-5450
-3814
-2860
-1065
-2091
-4819
-2109
-5478
-6085
-5257
-3836
1650
-3363
-4892
-5836
-771
-4718
-3635
1775
-6222
-6529
-4450
-4449
-1169
-6239
-1813
-5866
-498
-5846
-5926
-5388
-4262
-4261
-5197
-3081
-4598
-1634
-4472
-5917
-3614
-5264
-3004
1449
-5912
-4560
1462
-1822
-4276
847
-2993
-543
-3287
-1766
-5832
-125
-3528
-3572
-4861
-4365
-952
-6206
-3825
1737
-5352
-533
-376
865
-6180
-5501
-2835
-4850
1276
1538
-5663
-5346
-5742
-5736
-5940
-2541
-5861
-4486
-5411
-5850
-5934
1526
-3413
-1497
1111
-3112
-6300
470
-4061
-4841
1397
-2923
-3567
-5779
1900
-1186
-699
1973
-2892
-6230
-2207
-5562
-3951
-5547
-4882
1386
-4671
-1377
-4467
-6605
-4951
1171
-5712
-3208
2446
-4672
-4622
1142
-5771
-43
-1814
1061
1197
-1346
-5858
-5725
-4528
-1358
-3227
-2617
-2746
-359
-5011
-1829
-3642
-1927
-1652
-1034
-1885
-4438
-1781
-3342
-2821
-2770
-3803
-5754
-5144
2046
1905
-5521
-6236
-6145
-6207
-5488
-4778
-5189
-1484
-6596
-1424
-4024
-5363
-5268
-6201
-4073
-263
-5112
893
-819
-3875
-2801
1626
-4162
-2751
727
-2455
-6445
-3308
-5840
-5544
-5612
-834
-4673
-2816
1463
-4531
-6087
-1516
-6550
-6412
-5763
-1456
1559
-3529
-5696
-1396
-5774
-4000
235
-5687
-5753
-2520
2464
-2359
-3883
-6414
-1570
-6083
-25
-6557
1277
-761
-5451
1484
-6247
-4427
-4912
2106
1081
-4498
-5797
-2354
-2653
-2628
-4723
-4363
-4058
267
-3794
-5764
-5532
-4869
1398
-1012
-6190
-3045
-5489
-5723
-4578
-5660
-6055
-6160
-3976
-772
-6422
-4939
-6039
-5012
-5642
-4310
-2272
-5717
-6228
-5553
-4900
-6592
-2985
-3431
-5632
-88
-3907
-5503
-5778
-5749
-5730
-3449
-6132
-5709
-1144
-1472
-2127
-2616
-3048
-6174
1475
-2646
-6169
914
-2988
-1412
-6494
-5932
-6579
-4636
-4012
-5019
-5624
-5664
-3581
-3187
-6144
-5822
-5266
-5791
-1041
-1789
-6249
-6117
-5988
-253
272
-5282
-4119
-3244
2069
-2877
-5484
1757
-5897
-1802
1097
1086
-5340
-2118
-3746
-2759
-4556
1563
-5748
-5509
-3436
-1549
-4821
-2516
-106
-3597
3218
-3840
-4296
-2634
1094
-5334
-6279
-531
-1504
-5555
-1444
-4045
2812
1154
3352
-5297
2463
2859
-4258
3347
1157
-4684
-1933
-836
2339
-5539
-4657
1196
-333
-5094
-4919
1419
-2114
-4687
-4884
-2417
-3845
-5601
-4777
-4554
-5588
-5818
-3388
-1036
1410
-5124
-1681
-3592
-1360
-6548
-4881
-6510
-4768
-4886
-6390
-4419
-4087
-3206
-5924
-5825
-3433
-1901
-2250
-3378
1766
-6106
-6436
-5766
-2739
-6372
-4295
-1074
-5522
-5879
-6033
-5654
-5941
-1486
-3201
894
-1584
-5745
-1646
-5735
-5269
2321
1049
-2422
-5686
1653
-4628
-3672
-6426
-4192
-2394
-6142
481
-1155
-4447
-5693
-5524
758
-6004
-1669
-2443
-6179
-3405
-2523
-4042
1781
-5049
-324
-4049
1032
-273
-4798
-4818
-5322
-1536
-4016
-5506
-5505
745
-5508
1073
-2876
-4962
-5437
-5137
-6253
-4753
-2487
-4925
-5619
-5248
2215
-5620
-826
-6102
-5903
-1702
-5630
-6138
-4661
-6531
3224
1552
-3576
-2656
-6352
-4148
-6269
-2527
-2164
1155
-5241
-6050
-6447
-4894
-2557
-6385
-4595
-5037
-5362
2338
-727
-6223
-3655
-5396
-2242
-6369
-5414
-1569
-6164
-4902
-4809
-4186
-6363
-195
-4862
-5148
-2224
-334
-4759
-1837
-2975
-5378
-1051
-4446
-1635
-5625
-5604
-4117
-5628
-780
-6140
-1509
-5494
1776
-6261
-5364
-5710
-2247
-5525
-1449
-3847
-3461
2153
-3988
-2738
-6519
-5224
-1389
-730
-3215
851
-3893
-511
-779
-2760
-5344
-5343
-3109
-5341
-5701
773
-4634
-6538
-304
-74
2090
-5087
-5332
-1795
908
-700
-6086
-6272
-5095
-6594
-2736
-1551
-5447
-5003
-695
-375
-4692
2850
3375
-4041
-27
-4107
-5048
-837
1033
-3383
-5245
-5371
-5370
-5369
-5399
-2216
-2438
-3884
-3675
-6251
3229
-1895
-3171
-1550
-4913
-4429
-5626
-5715
2009
2214
-5288
-1621
-5971
-4471
937
-4160
-2366
-1936
-4453
-6587
-5565
-5243
-4259
-3806
-5472
1435
-4596
-5331
-4101
-5542
-5030
476
-6113
-4525
845
-5327
1178
-4846
-5755
-350
-2312
-1572
1529
-2139
522
-3002
-5043
-5123
-1770
-6118
1431
-2550
-5500
-3865
-6492
-2225
-1361
-3749
-6159
-6398
-5775
-4168
-4181
-5440
-5013
-5682
-6459
-6453
238
261
262
-1699
-2812
-5911
-6077
-3990
3353
-6400
-4478
-2768
-1909
2152
-1162
-1671
-5762
-5213
-3537
-3441
1072
1970
-2431
-5584
-757
-6225
-519
-5441
-5805
-4257
-5212
-5681
-6303
2444
-6284
-2640
2089
-5004
-4964
-3903
-6476
1659
-5590
-3866
-6198
-5526
1635
-2289
-6313
-5504
-6528
-6340
-3235
-762
-6561
-6248
-4792
-6435
-5672
-6059
-6150
-2800
-4150
-5333
-3611
-2919
-2834
-6573
-4487
-90
-3440
-1701
-5925
-6399
-5046
-1487
-259
-2280
3387
-5516
-4601
2829
-3030
-5568
-4027
-4465
1035
-2803
-2505
-4589
-5426
-6107
-4164
-5436
725
-4425
-847
-5518
-5147
-2644
-2970
-979
-3372
-1679
-5126
1907
-2556
846
1885
2817
-3466
-5423
1424
-6125
-5418
925
-6464
2073
-3859
1786
-5151
467
2802
-2807
-3829
-5167
3388
-5935
-6189
1644
-4803
-5386
-2182
-2776
3230
962
-5598
-5277
-1172
-371
-5093
-2352
288
-4907
-320
-1797
-5304
-6593
-5016
-5015
-4079
-3117
-1882
949
-5728
-6342
-5641
-6281
-6155
-3017
-6171
1969
-5889
2133
-4680
-3203
-365
-854
-5325
-5882
-2122
-2496
-3451
-1838
-4213
-3092
-6395
-5188
-6339
-2895
-2374
2319
-5376
-3610
1923
-1156
-1040
1535
1107
-1929
1143
-4952
-3050
-2500
-3838
-6346
-4769
-4278
-2990
-2619
-1903
-2246
-3306
-3003
-6552
-2846
1167
-6571
-6115
-3212
874
-957
-5063
-3068
-5078
-2869
-5076
-704
-4547
-3371
-1680
-5058
-4455
-4937
2798
-4466
-5066
-5065
-5064
-5018
-5062
-5061
-5060
-3632
-1886
726
-5056
3277
-2647
-905
-4990
-959
-5690
3337
-5669
3279
-4725
-3123
1783
3339
-4600
-2094
-35
-2159
-6137
-766
-5286
-1778
-1911
-3345
2477
2478
-3541
1654
-6176
1572
-4623
-6377
1056
-5528
-1765
-4921
-5952
-4540
-2568
-2235
-822
-5001
-5719
-5129
1466
-1161
-4273
-4290
-5621
-5862
-3799
-4843
-5714
-4569
-2829
-5406
3252
-5069
-5433
-2309
-4305
-5111
-3185
-5810
-5636
-6521
-5220
-1764
-729
-2486
-192
-5608
-4284
-5024
-6025
-5597
-5706
862
-5786
-5523
-2787
-2264
-501
-4983
-4265
-4169
-505
-5105
-3022
-3571
-1828
-4813
-1463
-2756
-5978
-1827
-4960
-3049
-1403
-4594
-5380
-2220
-6097
-831
-4890
-4889
479
-5359
-5136
-5163
-5593
-2916
1581
-1009
-3818
886
-6128
-3763
-98
-2750
-4929
-71
-6043
285
-4932
-4931
-1807
-4874
2071
-4865
-4864
3350
-3353
-5394
-5463
-5298
-3527
-4942
-5902
-1654
-3380
-5697
-4633
-3309
-3901
1600
3377
948
-4982
-4158
-2421
2131
1782
-827
-1347
1472
-4820
731
1761
-2479
-4459
-4897
-6345
899
-5800
-4893
-6544
-3401
-4439
-4587
1045
-3116
-1562
-5278
-5761
-2116
-4751
2013
1116
-5575
-2158
-1019
-1002
-4071
-5134
-5937
-4287
-5091
1401
-5260
-6358
-5119
-2893
-1537
-3562
-1017
3362
-4860
-6182
1194
-5646
-3553
-6525
-4559
-6011
1176
-5985
-3069
-3454
-2308
-4754
-4110
-6291
-4896
-3435
-2908
-6092
-5204
1537
-4159
-4774
-2542
-4834
-4833
-6051
-5183
-213
-4484
-6122
-4880
-5023
-3114
-3111
-5357
-2927
-960
-1071
-4629
-846
-1670
-2439
-954
-4534
-5448
-3129
-3180
1530
480
-3416
-40
-2775
1407
-4943
-509
1082
-2549
-5877
-3531
-5442
-3170
-4799
-4733
-4080
-2161
-3804
3216
-2399
-4010
-4854
-535
-4859
-5666
-5750
-5794
-745
-6597
2011
-690
-4784
-3898
-6070
-4812
1603
-1479
-3902
1599
-4019
-6338
-3819
-4772
-4771
-4416
-2310
-5887
-4767
-5482
499
-5606
-6224
-2480
-6147
-5893
-256
-5285
-5571
-2613
-4737
-1044
-4743
-4588
-6003
2804
-2244
-3408
-6031
-752
-4949
-3910
-6289
-4953
1474
-1880
-5694
-5741
-2722
-3243
-1076
-2762
-4988
-2607
-4823
-1552
-6285
-6335
911
-5169
-5217
-4541
-5874
-4716
-4485
-4653
-4652
2491
236
1889
-4711
-1762
-4502
-4708
-4707
-4092
-4705
-778
1121
-4702
-4701
-4700
1536
-4698
1887
-2473
-3881
-4714
-3174
-5139
-4462
-4627
1409
-4303
-378
-3233
1181
-2306
-6048
2354
2355
1738
-5784
-4722
-221
-5319
-3600
-3563
-4989
3214
-5074
2482
-3867
-4490
-4911
-6404
-5708
-3020
-4679
932
-2372
-4481
-5211
466
-1079
-6600
-103
-4654
-856
-4968
-2538
-2605
-4965
-5467
-3617
-4946
921
1446
-2859
-6034
-5240
1070
-4637
-6486
-4625
-1136
-3862
-2371
1639
-2368
-4602
-4480
-1150
-22
-5689
-6103
-6108
-5308
-4621
-2150
-2149
-556
-4617
-3662
-4495
-4533
-4613
-4612
-4611
-4610
-4609
-1544
-2135
-3797
-4544
-4543
-2501
-5527
-6112
-3085
-5374
-5101
-4871
-4591
2368
742
-3018
1128
-4592
-4535
-6603
-6535
2291
2292
-6001
-6007
-2850
-4898
-4149
-4581
-4580
-3641
-3640
1383
-85
-5979
-2773
-976
-5649
237
754
-5806
-3538
-4694
1188
2305
-4709
-3608
-3627
-4727
1455
-5117
-4557
766
-1816
1540
-4297
1763
-3558
1054
-4944
-5208
1408
-4715
-2539
-5404
-6073
-4903
-6428
-4538
-5389
-3556
-3583
-4089
-6365
-1131
2803
512
-4530
-4529
-6520
-5045
-3176
-1364
-4464
-4463
-4443
-4523
-4522
-4521
-4267
-2391
-2802
-4517
-4516
-4515
-1881
-4513
858
-3464
-4510
-2606
-502
-3044
-3311
-4524
1467
-4091
-6491
2461
-6030
-6508
-3065
-5390
-3790
-3041
1392
-4496
-5027
-5232
-6472
-5090
-4924
-6139
1576
-5993
1059
-2984
3239
-1082
-2564
-2626
-1628
-6226
-336
-1000
-6532
-2558
-4410
3343
-1005
-6152
3360
-6443
-4825
-4470
-4469
869
-4822
-4565
-2631
-5842
848
-6590
-2219
-2407
-696
-783
-4520
-6259
-5402
1106
-3601
-4838
-4948
-208
-4553
-4945
-1354
-4742
1166
958
-4624
-4667
-5631
2359
-1062
-4396
-5968
-4030
-4431
-3598
-5348
-5671
-5164
3372
-5824
-3179
-1806
-3860
1641
-904
-4055
-4300
-3387
-4097
-550
-5798
-4780
-5487
-4081
-1805
-4408
-4407
-194
-4405
-2540
-4403
-4402
-1672
-4400
-4399
-4398
946
-4371
-270
-2769
-1395
-4392
-4391
2497
-4171
-4127
2853
-4386
-2788
-4384
-4383
2057
718
-2621
-4379
-4378
233
-4376
-4375
-4374
2296
-3853
-1790
-4370
-1165
-3664
-3636
-5873
-1921
279
-5827
-810
-4029
1402
2117
-4662
-1892
-4355
-73
-3357
-4104
-4351
-950
-4349
-4348
-2261
1578
-3870
-4344
-2562
-2435
-1694
-4340
1044
-1183
-4337
-4336
-4335
-4309
-3882
-4185
-3093
-1141
-4329
-4328
-4327
1104
-1480
-2901
-4307
-1538
-4321
-4320
-4319
-4318
-1420
-687
-4254
-6065
-4020
-4313
-6040
-2603
-4285
1164
-6090
-4036
-2283
-5732
-5869
-2103
-5054
-3033
1165
-6452
-967
-3177
-3420
-4389
-5083
-4971
-6498
-5870
-5415
-3169
-6572
-5059
-2909
-2823
-6305
-2973
-3949
-4280
1616
-749
-5238
-4125
-4644
-5580
-2922
2374
-4730
-4269
-4268
-6023
-2259
2029
1066
883
-758
-5274
-2485
-747
-4151
-3800
-1904
-6396
738
2228
2229
-2130
-4251
-6482
-4250
1477
-2743
-4247
-4246
-2789
-4244
-2612
2311
895
-4240
-3621
-4238
-4237
-1682
-4235
1997
-1037
-19
-845
1450
-4229
-3418
-2166
-4226
-4225
-4224
-1513
-4222
-4221
-4220
1452
-2324
-4217
3237
-1453
-72
-6540
-5841
-3992
-1342
-3552
-4209
-1393
-4144
2336
-3565
-3354
-3082
-4204
1043
-2790
-2361
1389
-3034
-814
-1185
-2974
-4681
-5967
-3751
-2851
930
-2804
1387
-4034
-4959
-3817
-2836
-1139
-6330
-2786
-3021
-3232
-3542
-1010
-258
-2887
-4844
-4640
-5289
-3240
-4106
-1796
-4352
-5573
-1842
-5838
-4100
-3858
-3573
1643
-2625
-2442
-3194
-2866
-1647
857
-1468
2233
1934
-516
-1408
-4790
-4008
-4146
-4145
-3530
-4732
-5146
-4139
-5330
-2125
-4758
-4494
-4827
-5000
-4816
-5323
-2497
-4735
-5130
-3087
-4956
-5317
-1700
1158
-4906
-703
-4121
-2838
-2837
2449
-2211
-2210
-2436
-5044
-5192
-5303
-288
872
1042
-2627
-2913
-319
2495
-6256
-2875
-6094
-1142
-782
-1441
-909
-1381
-4194
-4094
-4093
-4566
-4385
-4604
-6560
-3615
-4888
-3417
-3095
-5961
-529
-4082
-6232
-2849
-1782
919
-5397
-6429
-3668
-4744
-1939
-5685
-4855
-4445
-6294
-4749
-5145
-46
-45
-2469
-6584
-1349
-1127
1553
-3037
2063
-4573
-4984
-4394
-5998
-5711
-5412
-2089
-5857
-2090
-2852
-2977
3249
256
-2548
-2388
-3981
-3980
-5294
-2911
2166
2167
-5290
2123
-3973
-3972
-257
-4040
-4113
-4102
-4033
-4032
-6382
-3982
737
-5098
-5992
-5589
-3382
-2645
-3054
-2898
-2154
-2994
-3011
-4017
1580
-4775
-1072
-3948
763
-3828
2048
-5718
-6292
-5280
-4961
-4183
-6187
-4005
-1658
-5665
-6258
-4203
-1826
-4122
-3998
-6143
-1930
867
-3057
-2663
-5492
-5485
-3889
-4207
2212
-4606
-5676
-5159
-5898
-6527
-6433
-3221
-5684
-3960
-4575
-1059
-5149
2103
2104
-3967
-2914
-1601
2851
-6075
-5930
-2811
2108
-4783
-2735
-701
-3956
-3955
-6555
-6024
-6199
-3952
-6293
-3036
1146
-1555
-2976
728
-1894
-4333
284
-521
-3361
-2212
-2270
-4796
-1566
-2274
-4233
-3205
-2215
-742
-4805
-5410
-2830
-504
-3038
-5179
-812
-5695
-4050
-3222
-2978
-537
-3894
-1475
-1474
-6484
-3914
-3913
-3912
-3911
2003
-3848
-3791
-1415
485
-3968
-3906
-3905
942
-3964
-3963
-3962
-3961
-3851
-3959
-3958
-2318
-2747
-3857
-2504
-1818
-3217
-3890
-2820
-756
-5122
736
-3945
-3310
-1879
-3115
-3941
-2757
-3939
-1180
-3937
-3936
1627
-1089
-3933
-2642
-3871
-3930
-3603
918
-3927
-3926
-3925
-109
-108
-3922
1141
-3920
-3919
714
-3917
-3916
752
-1158
-2903
496
-4062
1085
-3786
-3539
-5200
-5424
-823
-3075
-2805
-3842
-2534
2150
-3995
-5958
-828
-5966
-4655
-2900
-2899
-3831
-6175
-748
-5803
1879
-5651
-6322
2496
-4218
-1820
-1510
-4281
-2748
-3390
-4163
-3815
-966
-5634
520
-5073
-4118
-3808
-1390
-5657
-2853
-1833
-3102
-3630
-3007
-4156
1564
-5596
-3241
-2515
-5121
-4710
-4115
-4243
2087
-3352
-2380
-2276
-3727
-3666
-503
-6518
-2964
-6487
-5198
-3780
-2979
-5466
-6136
-5507
491
-4358
-4793
-3915
-5430
-5318
-2291
-3769
-3568
-5823
-5705
-3765
-4677
-1773
-4196
-4022
2826
492
-3759
-3758
1454
-3756
-3755
2372
-746
-6036
-2406
1149
-4651
-6566
-3748
-849
-5831
-2498
-1843
-3741
-3740
-3739
-3738
-3737
-689
-3735
855
-3733
-3732
-3731
-1919
-3223
-3728
961
-3602
-3725
-3724
-3723
-3722
-3721
-3720
-3719
-805
-3717
-3716
-2525
-3714
-3713
1391
-3711
1988
-3709
-3708
-2870
-3706
-3465
879
-3703
-3702
-3701
-3700
-3699
-751
-951
-3696
-3695
-3694
-2132
-3692
-3691
-3690
1144
-3688
-3687
-3686
-205
-3684
1755
-2384
-3620
-3619
-869
-4703
-5100
-5209
-5916
-3659
2324
3280
-1912
3340
-1545
-5231
-2753
-5315
-3658
-3929
-3726
-5980
898
2309
-5809
-2716
-3023
-3604
-4574
-4129
-1011
-4738
-4424
1436
-5878
-6318
-3771
-3648
-3647
-3768
-3767
1099
3345
-2129
-3524
-1498
-4137
490
-4135
-1378
-830
-5077
-6406
-1132
-4875
-4253
-2533
-5919
-776
-5545
-1675
-3779
-4909
-3624
-4922
-3977
-5702
-5582
1159
-816
-6448
-1073
-2639
1425
-5534
-1784
-1653
-5668
747
-6278
-4143
-4873
-1910
-5070
-3785
-3784
-3783
-3782
-688
1983
1984
-3778
-3777
-3776
2373
-3774
-3773
-3772
-1926
-2744
-3585
519
-3520
269
-2749
-3351
508
-3971
-3674
-5691
-6582
-5807
-4031
-4787
-6312
-3566
-4683
-1638
-3888
-2814
-3519
-3207
-3559
-5400
-5793
-5360
-750
-6166
-5633
-4452
-3047
-4054
-3697
1633
-2131
-5674
-2251
-3584
-2410
3217
-5270
1967
-6163
-4810
-4011
248
-5609
-2507
-267
-2657
717
1079
-5759
-6208
-2987
-5355
2310
-2254
-3522
-3521
-6553
-5050
-3459
-3499
-4123
-3285
-1133
-4786
-3453
-3452
-3404
517
-5099
-6306
-4585
-3509
-2448
-3507
-3506
-3505
-3504
-3503
-3502
-3501
-3510
-3498
-736
-3496
-3495
-3494
-2650
-3492
-3491
-3490
1083
-3488
-3487
-3225
-3485
-3484
-902
-3482
-3481
-3480
-3479
735
1570
-3476
-3475
-1088
-815
-3472
-3471
-3470
-3469
-3468
-3467
-2214
-6393
-3760
-5326
-3463
-2317
912
-3384
-4660
-6080
-5253
-1808
-4362
-4995
-5943
-993
-6500
1088
-3516
-3439
-3462
-5373
-5273
-3444
-6368
-3442
-5782
-3747
-6268
-5622
-3437
-3058
-3131
-970
-999
2849
-6062
-2998
-4615
-3209
-3518
-6283
-1887
-5510
-5184
-3579
-6116
-4353
-5983
-4343
-811
-6217
-6405
-4212
-3649
1195
-3411
-2379
-813
-4063
-6277
-5514
-6348
-3341
-2779
-1896
-2858
-4088
247
-1149
-3397
-3931
-3228
-2611
-3938
-1061
-3605
2811
472
1109
-6462
-5538
-5848
-3381
-6173
-3379
-5174
-1160
-1520
-3374
-6130
-1839
1904
-4506
-534
-4835
-1460
-1934
-706
3268
-1683
-4007
-5299
3389
-1400
-5067
1169
-5995
-5552
506
-5296
-5563
-5868
-2871
-3348
-3347
-3474
1444
-4291
-1506
-3226
-4626
-4372
-6434
1920
1921
-5863
-3844
-5976
-3331
-5042
-1386
503
-6409
-5079
-328
-2397
-3975
-1575
1381
-4180
-3321
-4260
-3319
-5517
2485
759
-5578
-3315
-4157
-2278
1037
-5722
-3994
-4368
-3028
-5652
-3088
-1581
-6133
-4568
-6068
-2842
-5946
1071
-4512
-3327
-4977
-4519
-6260
-1182
-5104
-6425
-2968
-3290
-998
-5071
-5444
-2633
-3486
-5497
471
-3283
249
-2506
-3234
-3279
-1512
-3277
-1452
-3275
-1392
-3273
-3272
-3271
-2630
-2980
-1898
-3267
-3266
-3265
-3264
-3263
-2904
849
-3260
3356
-3258
-3257
-3256
1740
-3254
2483
-3252
-3251
-2569
-1060
-3248
-3019
959
-1055
-3183
-3182
-3304
2813
-3302
-2865
-3300
-3299
-1665
-1809
-3296
-3295
-1801
-59
-3292
-3291
-3167
-3166
-3066
-2241
-4418
-3827
-5595
-3657
-5812
-4289
-4161
-4331
-4109
1148
-3218
-5356
-799
-1932
-3214
-4147
-3679
-4706
-6089
-5909
-5576
-3132
-5225
-3025
-3024
-3593
-3202
-3200
-3135
-995
-2785
-6387
-6076
-3195
-4750
-3874
-3181
-4025
-5314
-5103
-6591
-6029
-3403
-6354
947
-5246
-5446
-1092
-3942
-6477
-6356
-5022
-3029
-5707
-5342
-2969
955
-4483
-3340
-3165
-2303
-3743
-3101
-2418
2062
-3161
-2171
-2632
-3158
-3157
-1181
-3155
-3154
-197
-3152
-3151
-3150
-1521
-3148
-3147
-3146
-3145
-3144
-3143
-3142
-1461
-28
-294
-293
253
-4356
-1698
-3133
-1401
2852
-3316
-3130
-3230
-51
-5262
-5907
-2921
-1923
-5640
-1893
-6604
-4858
-6537
-2818
-4927
2122
-4734
-2365
468
3205
-6047
-5328
-5261
-1897
-2745
-3104
-3103
-4433
-3281
-3189
-5372
-4059
277
-1540
-1539
-2767
-1148
-2256
-60
-2551
-4863
-3086
1780
-6246
964
-2720
-3125
-5744
-5365
-953
-3113
-6172
-3074
-3184
-3072
-3947
-4015
-5337
-4245
-3067
-3824
-2886
-3210
-6028
-5914
-5777
-2649
-6418
-6451
-6357
1047
-4804
-1500
-2889
-1440
2136
-1380
-5033
-5839
-5110
-6057
-5950
-3396
228
-6290
-3043
-3042
-4542
2121
-123
-4552
-2430
-3950
-4413
274
-3885
-3032
-3031
-1057
-2266
-3358
-2403
-2966
-2965
-2754
-2963
-23
-2401
-3832
-3639
2360
-3637
-6105
-3698
1087
-3633
-3564
-3016
-4998
-1086
-1052
-2257
3233
-1697
-3009
-3623
-1695
-784
-833
-3063
-2799
-3061
-2243
-4076
-5783
-3681
-3673
-1443
-5177
-3661
1618
-5970
-4910
764
-2492
-6238
-3663
-1383
489
-3660
-1458
1077
-4935
-3766
-3966
-4077
-114
-5293
-4814
892
2362
-2972
-2971
-5419
-3262
-4434
-2967
-4324
-2961
-2960
-2959
-2958
2297
-2956
-2955
-2555
242
482
913
-2950
-2949
-2948
-76
-2946
-2945
-2944
-2943
-2942
-2941
-2940
-2939
-2938
-2937
-2936
-2935
-91
-2872
-1006
-368
-4905
-2537
-3026
-3084
-3301
-5385
-3094
-4479
-5648
-3108
-4641
-4056
-4468
-2918
-1032
-5088
-1439
-3523
1735
1736
-5391
-2142
-4326
-5085
-2907
-2906
-1013
-4981
-4053
-2902
-2110
-1476
-5310
-4339
-3213
-4039
-4415
-1565
1122
-1416
-1760
-3076
-2827
901
-2819
-2890
-3320
-2888
-3318
-2173
263
-2117
-2883
729
2299
-5788
-2624
-5002
-4579
-5734
-86
-3237
-6315
276
-3843
1182
2002
-3574
-4501
-2618
501
-3846
715
953
-4936
-5428
-1571
-2856
-2855
-3097
-3010
-4369
-5403
-5623
-3073
-6161
-4788
1555
-2844
-4266
-3105
-4773
-2840
-2524
-4013
-5055
-6317
-4202
-2319
-6439
-3190
-5638
-6320
-4401
-2824
-3288
-2822
-2992
-5039
1658
-1146
-2817
-3940
-6210
-2962
-2867
-4004
-2930
-6209
-3599
-4361
-3391
-3450
-5729
2823
-4189
-4248
-3954
-4002
-3224
-6378
-3536
-3193
-3356
-513
-2734
-2733
-1582
-2793
890
-2791
-2794
-4298
-5382
-6046
-1685
-3616
-3052
-5021
-3613
-2782
-2781
-3457
-5452
-1922
2484
-6461
963
-5475
-6020
-1176
-5959
-3409
-2236
-5150
-5752
-2765
-1937
-2763
-5675
-5300
-1548
-2758
-2884
-5191
-3729
-3159
850
-1564
-4776
-5667
-6599
-6026
-6221
-3280
-2107
-4377
-4380
-4845
-5880
-18
-4832
518
-3837
-4958
2234
-3671
-3393
-2730
-2729
-6575
-4504
-4509
-1068
-5181
-3242
-1173
-3366
-3360
-1631
-2718
-3900
-910
-3575
-1791
-6022
-5795
-2689
-6589
-3493
-5885
-6151
-4178
-4757
-6327
-6478
-2703
-3932
-2300
-3375
-2137
-4256
-2698
-2697
1878
-2223
2458
-2693
-2692
-2691
-2690
-81
-2688
-994
-2686
-2685
-781
-2683
-2682
-2681
-2680
2016
2383
-1511
-2676
1534
-2674
-2673
-2672
-2671
-58
-1451
-2668
-2667
2001
-2665
-2664
770
-2601
-1391
-4461
-6585
2361
-1066
-6265
-1811
-4980
-2655
-5996
-1178
-2170
-2711
-2710
-2709
-2708
-2707
-1684
-2205
-2704
900
-2702
-2641
-2143
-2699
-4829
-3078
-2636
-4979
-5583
-2305
-3250
-4065
-3736
2298
-4593
-2981
265
-3355
-4511
-5716
-5383
260
-2320
-5470
-2954
-3676
-3346
-554
-6563
-2440
-5133
-4731
-2610
-2609
-2669
-2287
-4696
-4590
-5939
-4404
-2600
-2599
-2598
-2597
-2596
-2595
-2594
-2593
-2592
2049
-2590
-2589
-2296
-956
772
-2585
-2584
-2583
-2582
-2581
-2580
-2579
-2578
-2577
-2427
513
-2574
-2573
-2572
-2571
-2509
-2508
-121
-3040
-3186
1060
-6231
-4187
-3096
-2544
-2100
-4239
-204
-4582
-1660
-1659
-4904
-6010
-5254
-3053
-5408
-2796
-2795
-2732
-2731
2109
-2546
2236
-1352
-2203
-2725
-2478
-2477
-5901
-3430
-2620
-2543
-3156
-2536
-2535
-851
-5014
-3864
-2531
-2700
-2464
-739
-1056
-2126
-6311
-3238
-3326
-3325
-5230
2235
-2519
-1810
1613
1614
-5635
-3276
-3508
-266
-6045
-2915
246
-5496
720
-3876
-6250
275
-4211
860
-996
-4342
-5307
-2662
-5856
-3419
-1630
-4837
-3386
-2576
-5662
-2425
-2424
-4275
-4669
-5068
-2484
-2183
-3100
-5592
-209
-4132
-5196
-5445
-3307
-6296
1471
-2471
-2470
-4779
-6088
-5115
-2466
-3027
-2755
-2874
-6386
-4856
-4426
-4170
-4491
-4755
-1016
-5830
3386
-2453
-2452
-2451
-2450
-2449
-2386
-2385
-3682
2381
-5495
-5052
-1153
-327
-2400
-2413
-6344
-3670
229
-3175
-2808
-4828
-5221
-299
-4760
-6513
1892
-1478
-5366
-6081
-33
-4414
2110
-4116
2861
-1418
-2419
-5377
3349
1877
-2358
-2351
-2350
1754
-6440
-6341
-2383
-3394
-2409
-2123
-5153
-3965
-1924
-2404
-5401
-2462
286
-2460
-2160
-2458
-2457
-2456
-5468
-5556
-4789
-2392
-5142
-2390
719
-740
-4695
2318
-5347
-3569
-3957
-3399
-3652
-4853
1406
-3303
-6015
-4098
-4974
-3833
730
-6467
-3110
-2764
2481
-3164
-6158
469
-2701
-1135
-2298
-2262
-2588
-5586
-38
-2357
-2356
-3770
-2638
-6367
-6157
-2349
-2348
-2347
-2321
-1525
2026
-2343
-2342
-1404
-2340
-2339
-2338
-2337
-2336
-2335
-2334
-1078
-2332
-848
-2330
-2329
2051
-2327
-2326
-2325
-4955
-4347
-96
-2112
-2284
-4325
-3090
-3606
-2561
-5680
-803
-6056
-6096
-5905
-6233
-4255
-4299
-6005
-4746
-3060
-5395
-3229
-3369
-867
-2238
-2237
-4795
1990
1989
1550
1551
-1058
-5928
-2293
-1644
-3953
-2810
-4430
-4263
2840
-2169
-5817
-4675
-5329
-2282
-2281
-1126
-3339
-3332
-1935
-3330
-3329
-3328
-6581
-5611
-44
-3098
-2705
-1344
-1905
-6254
-512
-4745
-2265
-6119
2111
-4227
-5009
-6014
-2629
-2258
-1128
-4514
2333
-3943
-6195
-2726
-3873
-5172
-2483
-1541
-6408
-6301
-5743
-3188
-4367
-3997
-6407
-2881
-3317
-4451
-3160
-2362
-2932
-2229
-2228
-2102
-360
-5936
-6229
-261
-4724
-2459
-5920
-5141
-2218
-54
-4676
-4021
-5242
-2213
1927
-3385
-276
-2547
-6483
-6379
-1467
-2983
-2465
-5170
936
3263
-5713
-2197
-6286
-4576
-1407
-5721
-32
-3693
-3704
-4826
-3359
2860
-3370
-6598
-5194
3348
-2252
-6515
-1568
2807
-2119
-30
-1470
281
2445
-2176
-2175
-2174
-1410
-4674
-5886
-1633
-6432
-2461
-107
-2167
-4999
3226
-2101
-1938
-6602
-5443
-5175
-4406
-5072
-5460
-2157
-540
-539
-101
-2526
-2152
-2087
-2086
258
-6072
1632
-95
-5655
-1466
-1817
-5465
-2202
-2201
-2200
-2140
-2198
483
-2196
-2195
-2194
-2193
-2133
1926
-2190
-2189
-2188
-332
-1170
-6512
-3079
-2277
-5529
-5603
-4128
-5853
740
-6349
-5469
-2996
-3643
-760
-6078
-2934
-6235
-4314
-3918
-3730
-2105
-2104
-6551
-2832
-2099
-1365
-2097
-2096
-2141
-2925
-3336
-2093
-2092
-3333
-3646
-2253
-2088
-2084
-2083
-2082
-2081
-2080
-2079
-2078
-2077
-1050
-2075
-2074
-2073
-2072
-2071
-697
-367
1742
-2067
-2066
-2065
1124
-117
-2062
-2061
-2060
-2059
-219
-2057
-2056
-2055
-2054
-2053
-2052
-2051
-2050
-2049
-2048
-2047
1184
-2045
-2044
-2043
-2042
-2041
-2040
-2039
-2038
-2037
-2036
-2035
-2034
-2033
-759
-2031
-2030
-2029
-2028
-2027
-2026
-93
-2024
-2023
-2022
-2021
-1532
-2019
-2018
-969
-2016
2070
-2014
2358
-2012
-218
-2010
-1491
-2008
-2007
-2006
-2005
-2004
873
-2002
-2001
-2000
239
-1998
1768
-1996
-1995
-1994
-1993
-1992
-1991
-1990
-1989
-1988
-1987
-1986
-1985
1753
-1983
-1982
-1171
-1980
-1979
-1978
-1977
-1976
-1846
-1845
-1973
-1972
-1971
-1970
2130
-1968
-1967
-1966
-1965
-1964
-1963
-1962
-280
-1960
-1959
-281
-1957
-1956
-1955
-1954
-1953
-1952
-1951
-322
-1949
-31
-1947
-1946
-1945
-1944
-1943
-1942
-1941
3272
-1878
-3511
-337
3332
1620
-5610
-5097
3225
-2521
-6511
-3618
-5336
-4503
-5613
-6403
-3823
-2706
-6200
-4236
2295
-2095
-4632
-1918
2209
-6337
-4800
-6381
-1362
-2766
-6583
-5279
-5247
-2328
-1907
-1786
-1785
-3896
-3868
-1902
-1975
-1974
-3424
-3742
1103
-2553
-4456
-341
-61
-5173
-1890
-6220
473
-1167
-6355
287
-1883
-1488
1991
-1428
-2717
-2370
1163
-5135
-5511
-1824
-6319
-2995
-2227
-6353
-26
-5154
-3056
-2490
-2894
-3631
2856
-3297
3344
-4930
270
-4409
-1863
-1862
-825
-3294
-4985
-6008
-3560
-4831
-4105
-4051
-5559
-1852
1062
-2714
-4334
1422
1423
465
1741
-3298
-5490
-2468
-6401
-6185
-4090
-2761
-5216
-2862
-1836
-2848
-1834
-4444
-1772
-1771
-1768
-1831
-342
-1830
-5906
-89
-5267
-3678
-1179
-2545
-3077
-6135
-1758
-1757
-947
-4206
-5473
-1877
-1876
-1875
-1874
-292
-1872
-1871
-1870
-1649
-1868
-1867
-1866
-94
-1864
-1804
-1803
-1861
-124
-1859
-1858
-1857
-1856
-1855
-1854
-1853
-1793
-1792
-1850
-1849
-1848
-1788
-4341
-5969
-2405
-1033
-1363
-5131
-4458
-1543
-5413
-2172
-1007
-1776
-1869
-1774
-1091
-5962
-2058
-2292
474
-5132
-3120
-5256
-5036
-4756
-3136
-5557
-4970
-1756
-1755
-1754
-1753
-1752
-1751
-1489
-1749
1443
2455
-1746
-1745
-1744
3221
-1742
-1741
-1740
-1739
2320
-1737
-1736
-65
-1734
-1733
-1069
-1339
-1730
-1729
-1728
-1727
2010
-1725
-1724
-1723
-526
3358
-552
1429
-1718
-1717
-1716
-1715
-1714
-1713
-1712
-1711
-1710
-1709
-1708
2147
-1706
-1496
1380
-1642
-1641
-4659
-2046
-4646
-545
-1436
-2488
-212
-3970
-4026
-1535
3209
-6504
-1376
-6556
-1655
-5227
1041
-2917
-4138
-5931
-1705
-3005
-1678
-1677
-5453
-5520
-1726
-353
-2288
-5295
-6109
-3984
-1667
-1666
-4184
-4608
-5550
-1662
-4364
-5847
-5305
-1657
-4801
-5203
-6243
-5201
-6019
-5199
-3996
-1650
-2015
-1648
-5787
-5193
-3986
-2719
-274
-3253
-5053
-5187
-2185
-6127
-216
2084
1928
-4791
-6017
-2467
-224
-4200
484
-2511
-5656
-3231
-2275
753
-3270
-2570
-5888
-5218
-6053
-5165
-1598
-1599
-4283
-6564
-5160
-1602
-1603
-1604
938
-1606
-1607
-1608
-1609
-1610
1646
-1612
-1613
-1614
-1615
-1616
-1617
-1618
-1619
-1620
-517
2232
-5375
1631
-6380
-4412
-1528
-1527
-1625
-1494
-1627
-6431
-2510
-3149
1619
2472
-3669
-2273
-335
-1434
-2314
-3412
-3278
-2677
-2115
-5923
-3993
-1585
-1586
-1587
-1588
-1589
-1590
-1591
-1592
-1593
-1594
1886
-1596
-1597
-2345
-110
-1557
-2009
-4729
-1750
-4916
-2493
-5913
-5483
-4830
-4562
-1547
-1546
-3680
-2411
-6244
-1542
-5311
-5335
-4572
-5434
-4645
-3801
-128
-5032
-4397
-4395
-302
-2341
-1524
-5477
-5006
-3141
-3609
-1519
-2144
-1505
-6002
-2145
-6389
-4215
-2387
-1761
-3178
-5908
-3128
-2503
-3334
-6196
-5118
-4550
-4167
-4037
-5844
-3928
-4136
-3796
-4338
-4689
-1780
-1493
-773
-2003
-2806
-1748
-278
-6361
-3192
-1567
-21
-1151
-1482
-1481
-4317
1126
875
-1477
-2513
-1583
-3969
3270
-527
-6321
1186
3330
3235
-4607
-2138
-1465
-1464
-3839
-5602
-3162
-5876
-1459
-3822
-1696
-5513
-4393
-6569
-4208
-3274
-2514
-6203
-6326
-948
-5895
-2444
-4432
-3121
-6542
917
-5587
-3810
-4388
-2623
-5982
-4770
-5551
1556
-1373
-286
-1371
-1368
-1369
-1731
-1433
-1432
-2098
240
-4322
-6146
-4852
-4492
-2926
230
-5814
-1422
-1421
-4488
-5029
-1925
-1417
-6111
-5156
-217
-6517
-6021
-42
-2204
-2389
-5480
-1341
-1340
-1154
-520
-1405
-5107
2023
-2494
-2878
-1501
-4330
-1399
-1576
-1577
-1578
-1579
1583
-1334
-1335
-1336
-1337
2837
-2020
-5938
2047
-4685
494
-4069
-5577
1568
-2813
1064
-3878
-2222
-2713
-3268
-3715
-1367
-1366
-3540
-5354
-1981
-2186
-4052
-4191
-3744
-6362
-4323
-1356
-1355
-4691
-2353
-5113
-1351
-3515
-3514
-3513
-3512
-3400
2800
-2831
-5536
-4620
-1333
-1332
-1331
-1330
-1329
-1328
-1327
-84
-1325
2795
-1323
-1322
-1321
-1320
-1319
-1318
-363
-1316
-1315
-1314
-1313
-538
-1008
-1310
-1309
-1308
-1307
-1306
854
-1304
2107
-1302
-1301
-1300
-1299
-1298
2330
-1296
-1295
-1294
-370
-1292
-1291
-1290
-1289
-1288
-1287
-1286
-1285
-1284
-1283
-1282
-1281
-1280
-339
2347
-1277
-1276
-1275
-20
-1273
-1272
-1271
-1270
-1269
-1268
-1267
1762
-961
-1264
-1263
-1262
-1261
-1260
-1259
-1258
1964
-738
-1255
-1254
-279
-1252
-1251
-1250
-1249
-1248
-1247
-1246
-1245
940
-1243
-1242
-1241
-1240
-507
-1238
2377
-725
-1235
-1234
-1233
-1232
-1231
-1230
-1229
-49
-1227
-522
-1225
-1224
-1223
-1222
-1221
1138
-1219
-1218
755
-1216
-1215
-1214
-1213
3207
-140
-1210
-1209
-1208
-1207
-1206
-1205
-1204
-1203
1743
-1201
-1200
-1199
-1198
-1197
-105
-1195
-1194
-1193
-1192
-1191
-1190
-1189
-1070
-1187
-2085
-1950
-1430
3282
-3249
-5235
-1083
3342
877
-3245
-1175
2314
-3628
-2434
-83
-2217
-6156
-2208
-3055
-5811
-4006
-1164
-767
-6100
-4134
-3402
-1159
-1636
-6329
-3582
-6419
-347
-1499
-5700
-3083
-5284
-3934
-1563
-1147
-3014
-1145
-6449
-3665
-3826
-4712
-1140
-5455
-2333
-4293
-4668
-2861
-2857
-4967
-1798
-4475
-1188
-1732
1428
283
1119
1120
-4920
-4872
-1123
-1122
-1121
-1120
-1119
-1118
-1117
-1116
-1115
2132
-1113
-1112
-1111
-1110
-1109
-1108
2799
-1106
-1105
-1104
-1103
-1102
-1101
1179
1180
-1098
-1097
-1096
-1095
-1094
-1093
-1031
-1030
3367
-1414
-865
-6154
-1502
-1087
-1490
-1085
-1832
-3677
-832
-1080
-4686
-4764
-4741
-112
-4172
-3591
-6488
-5591
-4068
-1311
-4460
-5790
-5158
-4177
-4311
-6091
-5740
-5379
-4824
-3289
-4993
-4306
2223
-2687
-3548
-1054
-1053
-990
757
734
-1293
-2792
-3707
231
-2267
-3554
-1043
-1042
-1916
-4038
-1038
-2885
-2554
-5252
-4926
-5276
-3335
-3750
-2017
-5454
-5981
-1450
-1024
-6202
-1022
-5180
-1265
-5051
-4785
-1018
-2415
-2587
-702
-1473
-3247
-3991
-3427
-4350
-5075
-774
-1661
-80
-945
1901
-5272
-2153
1076
-2986
1640
-4717
-1812
-6016
1457
-1686
-4199
-6497
-5479
-992
-991
-4345
-4748
-3712
-2463
-1256
-6129
1442
-5407
-5605
-981
-980
-5890
-5393
-968
-977
-5464
-1237
-1236
-3532
-2841
2488
-6424
-6064
-4991
-4357
2206
-3483
-963
-5476
-1526
-5570
-958
-5486
-4072
-4811
-2989
-4987
-5409
-1531
-3869
-5945
-3877
-1948
-6411
-5884
-6032
-37
-4763
-939
-4639
-3445
-3473
-555
-1423
-6295
-1483
-207
-930
-929
1394
-4658
1987
3219
-6093
-4808
-3070
-5616
-2271
-919
-918
-2240
-5758
1379
-914
-5080
-1931
-2529
2161
241
-206
-2331
-4638
-1090
-4231
-903
-4141
-842
-764
-901
-5387
-900
-899
-898
-897
-896
-895
-894
-893
-892
-891
-890
-889
-888
-887
-886
-885
-884
-883
-882
-881
-880
-879
-878
507
-876
-875
-874
-873
-872
-871
-808
-807
-870
2098
-4934
-2408
-2454
-1114
-5816
-5977
2844
-4308
-860
-795
-794
1577
-917
2365
-915
-855
-913
-912
-911
-859
-1503
-1840
-978
-2684
-4539
-3389
-4704
-844
-3580
-840
-3629
-1492
-3547
-4752
-835
-5548
-2108
-1163
-5287
-5739
-841
-4099
-6082
-5138
2302
-2032
-944
-943
-908
-941
-940
-818
-938
-937
-936
-268
2066
-933
-932
-931
-809
-806
1621
511
-139
1057
1058
-923
-922
-921
-920
-796
-793
-792
-791
-100
-789
-788
-787
-786
-724
-723
-269
-763
-2897
-2315
-3204
-6013
-4794
-191
-777
-4083
-775
-5944
-1722
-6485
-770
-852
-5618
-1202
-949
-3557
2126
-4028
-6334
952
-2947
-2070
-4457
-5007
-5313
-2999
-6565
-753
-3392
-2567
-3781
-4095
-686
-685
-524
-5474
-1064
-4551
-744
-743
2012
-6506
3373
-4766
-1720
-6469
-3365
-1063
-1312
-733
-732
-6060
-3612
-5804
-728
-3414
-2156
-4274
509
-721
-720
-719
-718
-717
-716
-715
-714
-713
-712
2239
-710
-709
-6350
-708
-1226
-4198
-3091
-3080
-2248
-1534
-79
-3812
-2302
-4720
-3071
-5239
-1914
-2635
-4152
-1239
-691
-1523
-5292
-3039
-4508
-684
-683
-682
-681
-680
2142
-678
-677
1924
-675
-329
-673
-672
-671
-670
-669
-668
-667
-666
2469
-664
-663
-662
-661
-660
-659
-658
-657
251
-655
-654
-653
-652
1125
-650
-649
-648
-647
-646
-645
-644
-643
-642
-641
-640
-639
2054
2809
-636
-635
-634
1185
-632
-631
-630
-629
889
2493
-626
-625
-624
-623
-622
-621
-620
-619
-618
-617
1978
2114
-614
-613
-612
-611
-610
-609
-608
-607
-606
-605
-604
-603
-602
-601
-600
-599
1451
-597
-596
-595
-594
-593
-592
-591
-590
-589
-588
-587
-586
-585
1558
-583
-582
-581
-580
-330
-578
-577
1777
-575
-574
-573
-70
-571
-570
-569
-568
-567
-566
-565
268
-563
-562
-561
-560
-559
-558
-557
-495
-494
3385
488
-986
-985
-984
-983
-982
-988
-1317
-547
-546
-6149
-3899
-5275
-542
-926
-6061
-5942
-5229
-6489
-4887
-1029
-297
-1027
-1026
-374
-530
-1023
-528
-1021
-1020
-1928
-1279
-523
-2299
-6123
-5653
-4762
-536
-2187
-2847
2006
-674
-6307
-866
-2249
-2393
-6192
-3850
-1125
-506
-5236
-6493
-190
-2778
-5802
-3856
-4877
-1025
-497
-496
-493
-492
-491
1994
-489
-488
1888
-486
3250
-484
-203
-482
-481
-480
-479
-478
-477
-476
-475
-474
-473
-290
-471
-470
-469
-468
-467
-466
-465
-464
-463
-462
-461
-460
-459
-458
-457
-456
-455
-454
-453
-452
-451
-450
-449
1915
-447
3355
-445
-444
-443
-442
-441
-440
-439
-438
933
934
-435
-434
1063
-432
-431
-430
-429
-428
-427
-426
-425
-424
-423
-422
-421
-420
-419
-418
-417
-416
-415
-414
-413
-412
-411
-410
-409
-408
-407
1931
-405
-404
-403
-402
-401
-400
-399
-398
2492
-396
-395
-394
2370
-392
-391
-390
-389
-388
-387
2842
-385
-384
-383
-382
-381
-380
-379
-317
3365
-6533
-1999
-2377
-3924
769
-373
-372
2344
-5358
-3293
-2670
-5351
-364
3364
-362
-361
-5639
-6413
-1028
-357
-731
-3139
-3138
-1873
-5854
-472
-4688
-5302
-69
-1370
-4656
1882
-2136
-343
-1958
-1961
-1253
-2741
-338
-264
-4682
-1643
-4205
-3198
-1668
2307
-548
-935
-3533
-2512
-1454
-3590
-1168
-1124
-698
-321
-1815
-3588
-4176
-6471
-754
-6237
-5834
-356
-310
-309
-249
-248
3383
-316
-307
-306
1961
-5991
-6460
-303
-1049
-301
-300
-6009
-1561
-1228
-296
-1707
-4066
-4142
-1046
-4272
-4663
-2828
-1891
-5178
-397
-284
-4583
-282
-1645
-2011
-838
-2891
-277
-2268
-3667
-2482
-4842
-2491
-6454
-4947
-6543
-5849
-3685
-5081
-483
1746
-4493
-262
-199
-198
-39
-260
-6562
-2499
-5933
-3323
-4938
-2997
-1673
-1735
-251
1739
-247
266
-245
-244
-243
-242
-241
870
871
-238
-237
-236
-235
-234
-233
-232
-231
3374
-229
-228
-227
-226
-225
-3153
-5647
-6270
-222
-6063
-220
-2712
-2192
-824
-2111
-215
-3140
-5801
-24
-5041
-4976
-102
-5683
-3127
-1274
-4232
-1075
-1211
1137
-200
-2162
-196
-6287
-4354
3232
-2559
-572
939
-541
-2179
-187
-186
1151
-1860
-3561
-964
-4223
-180
-5210
-178
-2063
1655
-175
-3653
-973
-1419
-171
-1558
-850
-3923
-2168
-3886
-1196
-5989
-3525
2369
1791
-790
-159
-3762
-157
-5291
-1177
-1865
-2025
-152
-2873
-2481
-5025
2476
-5837
2220
-283
-1326
-2076
-4078
-2652
-946
-5767
-2868
-138
-137
-136
-135
1430
-133
-132
-131
1624
-68
-67
-189
-188
-127
-126
-185
-184
-183
-182
-181
-120
-179
-118
-177
-116
-115
-174
3241
-172
-111
-170
-169
-168
-167
-166
-165
-164
2793
-162
-161
-160
-99
-158
-97
-156
-155
-154
-153
-92
-151
-150
-149
-148
-147
-146
-145
-144
-143
-142
-141
-17
245
-5772
-6191
-2069
-77
-2622
-75
-5692
-4713
-2839
-315
-314
-313
-312
-311
-64
-63
-308
1758
1764
1561
-3282
-57
-656
-55
1898
-53
-52
-3364
-3517
-5038
-48
-4411
-5034
-906
-3322
-5964
-2381
-246
-5820
-564
-4252
-4728
-36
-4781
-34
-3798
-2474
-2128
-5207
-29
-5894
-6035
-2178
-6324
-4346
-2322
-4933
-2106
-4940
-2854
-4806
-16
-15
-14
-13
-12
-11
-10
-9
-8
-7
-6
-5
2158
-3
-2
-1
0
1
2
3
4
5
6
7
8
9
10
11
12
13
14
15
16
17
18
19
20
21
3251
23
24
3384
26
27
28
29
30
31
32
33
2059
35
36
37
38
39
40
1531
2095
43
44
45
46
47
48
49
50
51
52
53
54
55
56
57
58
59
60
61
62
63
64
65
66
67
68
69
70
71
72
73
74
75
76
77
78
79
2119
81
82
83
2353
85
86
87
88
89
90
91
1433
93
94
95
96
97
98
99
100
101
102
1608
104
105
106
107
108
109
110
111
112
1029
114
115
116
117
118
119
120
121
122
523
124
125
1075
127
128
129
130
131
132
133
134
135
136
137
138
139
140
1084
142
143
750
751
2290
147
148
149
150
1617
152
153
154
155
156
157
158
159
160
161
162
163
164
165
166
167
168
169
170
171
172
173
174
175
176
177
178
179
180
181
182
183
184
185
186
187
188
189
190
191
192
193
194
195
756
197
198
199
200
201
202
203
204
205
1636
207
208
209
210
211
212
213
214
215
216
217
218
219
220
221
222
223
224
225
226
227
-3500
-1384
-2313
-3544
232
-1799
234
-5312
-5927
-4441
-5259
-5301
-4545
-4972
-3434
243
244
-340
-3478
-3946
-2255
1545
250
-972
252
-4614
254
255
-2604
-3062
259
-5020
-5543
-4165
-3887
-877
2058
-722
-2146
-927
-3795
-2575
271
-1045
273
-3895
-2232
-3422
-4190
3261
-4647
123
-5796
-4563
-3788
-817
-5109
-5643
-2565
-377
-3284
-5512
-1888
-1767
1975
-857
295
-1003
-5948
-1413
-5951
-2952
-1406
-4975
-349
304
305
-987
2379
-1438
-5600
-1039
2118
-1437
313
-5896
315
316
-5345
-549
318
319
320
321
322
2474
324
325
326
327
328
329
1999
1192
332
333
334
335
336
337
338
339
2824
341
342
343
344
345
346
1468
348
349
350
351
1573
353
354
355
356
357
358
359
360
361
362
363
364
365
366
367
2316
369
1554
371
372
373
374
375
1774
377
378
379
380
381
382
960
384
385
386
387
388
389
390
391
392
393
394
395
396
397
398
399
400
401
402
403
404
405
406
407
408
409
410
411
412
413
414
415
416
417
418
419
420
421
422
423
424
425
426
427
428
429
430
431
432
433
434
435
436
437
438
439
1068
441
442
443
444
445
446
447
448
449
450
451
452
1482
454
455
456
457
458
459
1912
461
462
463
464
526
527
3390
-4635
-4294
-1920
-4047
-3550
-6120
-4381
-3761
966
475
294
477
296
297
298
299
300
301
302
303
486
951
306
1403
308
309
310
493
312
495
1875
497
498
317
-2586
-5859
3382
-82
144
145
-3651
-1915
-5627
-1217
2165
-989
-289
3276
514
-4908
516
3336
-3337
-331
-2433
521
-4721
-2953
-2602
-6241
528
529
530
531
532
533
534
535
536
537
538
539
540
541
542
543
544
545
546
547
548
1417
550
551
552
553
554
555
556
557
2102
1579
1998
944
562
563
564
565
566
567
568
569
570
571
572
573
574
575
576
577
578
579
580
581
1127
583
584
585
586
587
588
589
590
591
592
593
594
595
596
597
598
599
600
601
602
603
604
605
606
607
2486
1187
610
611
612
613
614
615
616
617
618
2349
620
621
622
623
624
625
626
881
628
629
3259
2806
632
633
634
635
636
637
638
639
640
641
642
643
644
645
646
647
648
649
650
651
1384
653
654
655
656
657
658
659
660
661
662
663
664
665
666
667
668
669
670
671
672
673
842
675
676
677
678
679
680
681
682
683
684
685
686
888
688
689
690
691
692
693
694
695
696
697
698
699
700
701
702
703
704
705
706
707
708
709
710
711
712
774
2815
-3489
141
-3787
-861
-1350
-4847
721
113
723
-3805
-4815
-1777
-4060
1935
-1622
-5973
-5491
732
733
2068
-2929
-6522
-4120
-518
739
-3543
741
-3909
743
744
-6530
1788
-3173
748
2858
-925
3346
-5789
-2742
-1819
-1851
-433
-2472
-2279
760
561
762
-1515
-122
-3535
-2924
767
487
-5765
-4664
-4878
3213
-1426
-4241
-1639
1652
-5865
-4891
-2643
-2826
2128
674
784
-2414
1751
-5202
-3830
-4112
-3261
-553
-6351
793
794
-1305
-3734
-997
-5057
-2437
800
-3239
802
-3792
804
805
-298
807
-5757
809
1982
-240
-239
-5703
-1431
-3211
-2420
-4558
-2269
-5574
-3425
820
1426
822
-193
835
-1081
-2416
827
687
-628
-369
500
831
832
833
834
884
836
837
838
839
840
2225
2363
3354
-4316
843
-5579
-6516
2825
-6526
-6213
-3398
-2951
-2783
852
853
-6402
-3745
749
-4219
-6267
859
-2696
861
-500
863
864
-3432
866
-6417
868
-4978
-202
-436
-4242
-3338
-1689
3223
-1130
-1244
-5226
819
880
821
882
823
824
825
826
887
828
829
830
841
-5922
-5984
-2163
-3594
-3246
383
-5349
-6275
-4477
-4292
3275
905
3335
968
969
1065
786
787
788
789
790
791
792
915
916
795
796
797
798
799
922
801
924
803
926
927
806
929
808
931
810
811
812
813
814
815
816
817
818
1453
-4264
943
440
945
-1825
-2355
-3172
-3645
950
126
-5321
-2982
954
-1357
-6262
-2373
-1353
775
777
778
779
780
781
965
783
967
970
971
972
973
974
975
1919
977
978
979
980
981
982
983
984
2163
986
987
988
989
990
991
992
993
1528
995
996
997
998
999
1000
1001
1002
1003
1004
1005
1006
1007
1008
1390
1010
1011
1605
1013
1750
1015
1016
1017
1018
1019
1020
1021
1022
1023
1024
1025
1026
1114
1089
1090
2008
2100
3212
-5306
-5751
-6545
-544
-3429
-2445
-1556
1039
1040
-4914
2833
-4332
1174
-6444
1046
-6450
1048
2456
1050
1051
1027
1053
-4074
1055
-4108
-2659
-2654
-4584
-1152
-6455
-2064
-651
-4849
582
-6421
1067
331
1069
-4067
-5773
-3654
-1637
1074
-252
-1220
-4616
1078
-3921
-3460
-2651
-3689
-5367
-5206
-3983
-3219
-5182
1091
-6095
1093
-2165
957
-5975
-5263
-6271
-3428
-2933
-4603
1101
1102
-6457
2835
-5875
-344
-5084
1108
-5799
1110
-5255
1112
1113
-2475
1115
-3438
1117
-4174
-1100
-1099
-3443
-355
-6134
-1138
-633
-2180
2237
-6012
1189
1190
1129
1130
1131
1132
1133
1134
1135
1198
1199
3368
-2666
-354
-3849
1140
-56
-579
-323
1028
-5594
-1553
-5867
-4618
-6276
504
1150
1092
1152
1136
1542
-1507
-5499
-6167
-5421
-176
1161
1162
-1004
909
-1014
-6490
-6391
1168
-1574
1170
1012
1172
1173
103
1175
-6204
1177
-2233
-2209
-5881
-3811
370
-2845
-1374
-3458
-584
-1629
1191
-6474
1193
-6374
-3013
1566
-3497
1884
-5792
1204
-4642
608
-5974
-4288
-4230
-598
920
785
-3757
-4561
1215
-3124
1217
1218
-2369
-6299
-1623
-2864
-2151
307
1225
1226
-2928
-2774
-4866
-4359
-1035
1232
-6580
1234
-2780
1236
1237
549
1239
-3313
1241
-104
-5353
-1847
-5554
-6067
627
-2728
-5265
-1719
-134
-5028
1252
92
1254
-3835
-1844
-4182
-1385
1257
-4941
-1704
-3944
1261
-2398
1734
-4001
-4423
-5214
1291
-4518
1009
-2323
2052
1272
-2426
1274
1275
-5530
-6481
-1674
-1703
1279
1628
3379
1282
1283
2024
1285
1286
1287
1288
1289
2797
1327
1292
1293
1294
1295
1296
1297
1298
1299
1465
1301
1302
1303
1304
1305
1306
1307
1308
1309
1310
1311
1312
1313
1314
1315
2112
1317
1318
1319
1320
1321
1322
1323
1324
1325
1326
1352
1328
1329
1330
1331
1332
1333
1334
1335
1336
1337
1338
1339
1340
1341
1342
1343
1344
1345
2331
1347
1348
1349
1350
1351
1388
1353
1354
1355
1356
1357
1358
1359
1360
1361
1479
1363
1364
1365
1366
1367
1368
1369
1370
1371
1372
1373
1374
1375
1437
1438
-287
-5963
1378
1258
1259
1260
1382
1262
1263
1264
1265
1266
1267
1268
1269
1270
1271
1393
1273
1395
2465
1460
1396
-5910
-3426
-325
1300
-4950
-2495
3256
1404
1405
-907
-5558
-6304
-5819
-6131
1411
-4249
1413
1362
1415
1416
453
1418
-3979
2447
1486
1565
-3863
1242
1243
1244
1245
1246
1247
1248
1249
1250
1251
1432
1253
1434
1255
1256
1420
1200
2847
-1640
-1997
-3477
1917
-3376
352
-4666
-693
-4619
-785
-1067
559
856
-2563
1456
-1580
1458
1461
-6266
-272
-6463
994
-2833
-4885
41
1469
1470
-2675
-5535
-4699
-2134
-1047
1476
-6423
1478
-5972
1480
1481
1760
1483
-3821
1487
1488
1489
1490
1491
1492
1493
1494
1495
1496
1497
1498
1499
1500
1501
1502
1503
1504
1505
1506
1507
1508
1509
1510
1511
1512
1513
1514
1515
1516
1517
1518
1519
1520
1521
1522
1523
1524
1525
1587
1588
1612
891
1221
1222
1223
1224
1532
1533
1227
1228
1229
1230
1231
1539
1233
1541
1235
1543
2340
1238
1546
1240
1548
-4154
-2517
-5720
-4124
-4279
151
-1518
2457
-4360
-928
-5768
1560
-130
1562
-5956
1992
1280
2207
1567
-5566
-3897
-821
1571
-5114
2376
-5987
-4915
-352
-1001
-2912
340
-4797
-4851
1582
-1611
1584
1585
-1462
1589
1590
1591
1592
1593
1594
1595
1596
2848
1598
1660
1661
3371
-5271
1602
-5540
1604
460
1606
1607
-448
1609
1445
1611
976
-971
-1446
-5439
-1157
-676
-4228
-2191
-6441
-1129
1623
-437
1625
-2423
-2560
1014
-3555
1630
-1984
-214
-3683
1634
-3421
876
2313
-4286
-2896
-1266
-4802
1145
-2784
-211
2490
1569
1647
1648
-6027
-5459
-6168
376
-6568
-5747
-576
1656
2216
1139
-5851
-291
-3892
280
1664
-4277
1666
746
1668
1669
264
1671
-6333
1673
652
-1379
-6503
-3008
-2286
-250
-3255
-1906
-2068
-705
-6470
1684
1685
1686
1687
1688
1689
1690
1691
1692
1693
1694
1695
1696
1697
1698
1699
1700
1701
1702
1703
1704
1705
1706
1707
1708
1709
1710
1711
1712
1713
1714
1715
1716
1717
1718
1719
2322
1721
1722
1723
1724
1725
1726
1727
1728
2154
1730
1731
1793
1794
1929
1733
1674
1675
1676
1677
1678
1679
1680
1681
1682
1683
1672
1745
-406
1747
-3350
-2518
2091
314
1752
-4678
923
-3099
2143
-4665
-345
-66
2367
-4782
-1595
-4697
-487
885
-6549
1767
-3644
1769
1770
-741
-6479
1773
-3137
-5891
-5456
-295
1778
1779
-2658
-3802
-5350
-4526
-6430
1785
1665
1787
1667
1789
2025
2304
1792
1795
1796
1797
1798
1799
2479
1801
1802
1803
1804
1805
1806
1807
1808
1809
1810
1811
1812
2467
1814
1815
1816
1817
1818
1819
2830
1821
1822
1823
1824
1825
1826
1827
1828
1829
1830
1831
1832
1833
1834
1835
1836
1837
1838
1839
1840
1841
1842
1843
1844
1845
1846
1847
1848
1849
1850
1851
1852
1853
2332
1855
1856
1857
1858
1859
1860
1861
1862
1863
1864
1865
1866
1867
1868
1869
1870
1871
1872
1873
1874
1936
1937
1971
1876
1201
1202
1203
1880
1205
1206
1207
1208
1209
1210
1211
1212
1213
1214
1891
1216
1893
1894
1219
1220
1897
3359
-3577
-5152
-1257
1902
1903
1925
-5921
1662
1663
330
1909
-6465
1911
289
1913
1914
2356
1916
1281
1918
-3872
-3596
-3595
1080
-6458
-6574
-3710
-2234
-2297
-3807
-3935
1930
-490
1932
-4210
-4234
560
1938
1939
1940
1941
1942
1943
1944
1945
1946
1947
2293
1949
1950
1951
1952
1953
1954
1955
1956
1957
1958
2020
3357
1960
-1372
1284
1790
-2344
1965
1966
-5835
-3035
1910
1544
1972
1974
-4
1976
2056
-1691
1979
985
1981
196
-694
-2260
-4740
-5143
-1348
1749
-2591
-2447
-271
-4417
1993
-638
1995
1977
-4382
-3578
34
2116
-3809
-863
-2206
2065
2004
-934
776
-4085
-4422
-1626
-4420
-4304
-1134
2015
-5843
2017
2018
-1184
-514
2021
-679
1756
-6475
-6214
2027
2028
3236
-41
-4271
-2304
-1690
2033
-2566
2034
42
2036
2037
-3718
2039
-2679
2041
558
-765
-4901
-366
-5733
-1303
-5918
-2148
2125
-2263
1316
2053
-615
2055
2000
-3855
311
80
2230
-3269
896
-3974
2064
-6416
-4489
2067
782
2031
-1969
-6577
-801
-6325
-2879
2074
2075
2208
2077
2078
2079
2080
2081
2082
2083
2145
2146
-47
2085
2086
-5398
-3891
-6373
713
1729
2092
-6219
2094
2035
2096
2097
2038
2099
2040
2101
2042
2043
2044
2168
2169
2342
-3199
-3904
-4373
-2957
-5614
-1823
904
2113
-2727
2115
1670
-3367
-163
-1455
2120
-4986
-3705
935
2124
-5392
-1174
2127
368
-3841
-2346
-6074
-1738
-6071
1720
2135
-6184
2137
2138
-5283
2141
-965
-1841
2076
-1917
2148
2149
-5438
-5219
1118
-5617
1657
2155
-3861
2157
-5215
2159
2160
-3134
2162
902
2164
2193
-5541
-4765
2060
-5237
-1533
1098
-3106
-5567
2462
609
2178
-711
2240
2241
3369
2181
2182
2183
2184
2185
2186
2187
2188
2189
2190
2191
2192
2227
2194
2195
2196
2197
2198
2199
2200
2201
2202
2203
2180
-1508
2205
-1297
1346
1854
-6252
2210
2211
-4114
-6496
2030
2129
2032
2217
1948
2219
-6178
2221
2222
-1278
2224
619
2226
146
-5125
-5561
2170
2171
2172
2173
2174
2175
2176
2177
2238
2179
2242
2243
2244
2245
2246
2247
2248
2249
2250
2251
2252
2253
2254
2255
2256
2257
2258
2259
2260
2261
2262
2263
2264
2265
2266
2267
2268
2269
2270
2271
2272
2273
2274
2275
2276
2277
2278
2279
3273
3274
2282
2283
3333
3334
2286
2287
2288
2289
2351
2352
84
-2721
-275
-616
-4719
-2013
-2723
-5599
-2660
-1398
903
2301
-916
2303
-1429
2480
-2402
-393
2308
-3754
-3775
-3448
2312
206
-726
2315
-2375
1772
2050
2382
3370
290
291
292
293
2323
-6101
2325
2326
2327
2022
2329
-4507
1642
-6274
-6308
2334
2335
-1427
1820
-6148
-864
765
2341
1105
2343
-1338
2345
2346
-2695
2348
-386
2350
-6079
-6536
-5140
1441
1597
-4690
-6212
-318
-3446
-4387
2306
2364
-1324
2366
1290
-4848
-1107
-5171
3363
-5108
-4883
-3349
2375
631
-2120
2378
-637
-2678
-3107
-2177
-1559
1485
2388
-5309
2390
2391
2392
2393
2394
-1747
1629
-3286
-2694
2399
2400
-1664
1427
-3634
-2905
1459
2406
1813
2408
-665
2410
2411
-1632
2413
323
2415
-797
-3908
-5128
1800
1473
-3377
-499
-768
-2777
-5860
1447
2427
-942
2429
1645
-4631
-223
-627
2434
1412
1036
-4390
2438
2499
2810
2439
2440
2441
2442
2443
-843
2384
2385
2386
2387
2448
2389
2450
2451
2452
2453
2454
2395
2396
2397
2398
2459
2460
2401
2402
2403
2404
2405
2466
2407
2468
2409
2470
2471
2412
2473
2414
2475
2416
2417
2418
2419
2420
2421
2422
2423
2424
2425
2426
2487
2428
2489
2430
2431
2432
2433
2494
2435
2436
3240
2498
2500
2501
2502
2503
2504
2505
2506
2507
2508
2509
2510
2511
2512
2513
2514
2515
2516
2517
2518
2519
2520
2521
2522
2523
2524
2525
2526
2527
2528
2529
2530
2531
2532
2533
2534
3210
3211
2537
2538
2539
2540
2541
2542
2543
2544
2545
2546
2547
2548
2549
2550
2551
2552
2553
2554
2555
2556
2557
2558
2559
2560
2561
2562
2563
2564
2565
2566
2567
2568
2569
2570
2571
2572
2573
2574
2575
2576
2577
2578
2579
2580
2581
2582
2583
2584
2585
2586
2587
2588
2589
2590
2591
2592
2593
2594
2595
2596
2597
2598
2599
2600
2601
2602
2603
2604
2605
2606
2607
2608
2609
2610
2611
2612
2613
2614
2615
2616
2617
2618
2619
2620
2621
2622
2623
2624
2625
2626
2627
2628
2629
2630
2631
2632
2633
2634
2635
2636
2637
2638
2639
2640
2641
2642
2643
2644
2645
2646
2647
2648
2649
2650
2651
2652
2653
2654
2655
2656
2657
2658
2659
2660
2661
2662
2663
2664
2665
2666
2667
2668
2669
2670
2671
2672
2673
2674
2675
2676
2677
2678
2679
2680
2681
2682
2683
2684
2685
2686
2687
2688
2689
2690
2691
2692
2693
2694
2695
2696
2697
2698
2699
2700
2701
2702
2703
2704
2705
2706
2707
2708
2709
2710
2711
2712
2713
2714
2715
2716
2717
2718
2719
2720
2721
2722
2723
2724
2725
2726
2727
2728
2729
2730
2731
2732
2733
2734
2735
2736
2737
2738
2739
2740
2741
2742
2743
2744
2745
2746
2747
2748
2749
2750
2751
2752
2753
2754
2755
2756
2757
2758
2759
2760
2761
2762
2763
2764
2765
2766
2767
2768
2769
2770
2771
2772
2773
2774
2775
2776
2777
2778
2779
2780
2781
2782
2783
2784
2785
2786
2787
2788
2789
2790
2791
2792
-6066
2072
2794
-3236
2796
-6170
-5756
-5629
-5089
2801
1986
-5960
2805
-4214
-5785
2808
-4954
-4153
-4216
-5965
-4928
2437
-173
2816
-1435
2818
2819
2820
2821
2822
-3985
-485
22
-5833
2827
2828
878
347
1744
1549
630
2834
278
2836
-2199
2838
2839
2061
2841
-1212
2843
-1779
2535
2536
1030
-2155
-1692
-6570
-4857
-3001
1615
-3410
2855
-1743
2857
-1605
1095
-6273
-3362
2862
-2239
2854
2864
2865
2866
2867
2868
2869
2870
2871
2872
2873
2874
2875
2876
2877
2878
2879
2880
2881
2882
2883
2884
2885
2886
2887
2888
2889
2890
2891
2892
2893
2894
2895
2896
2897
2898
2899
2900
2901
2902
2903
2904
2905
2906
2907
2908
2909
2910
2911
2912
2913
2914
2915
2916
2917
2918
2919
2920
2921
2922
2923
2924
2925
2926
2927
2928
2929
2930
2931
2932
2933
2934
2935
2936
2937
2938
2939
2940
2941
2942
2943
2944
2945
2946
2947
2948
2949
2950
2951
2952
2953
2954
2955
2956
2957
2958
2959
2960
2961
2962
2963
2964
2965
2966
2967
2968
2969
2970
2971
2972
2973
2974
2975
2976
2977
2978
2979
2980
2981
2982
2983
2984
2985
2986
2987
2988
2989
2990
2991
2992
2993
2994
2995
2996
2997
2998
2999
3000
3001
3002
3003
3004
3005
3006
3007
3008
3009
3010
3011
3012
3013
3014
3015
3016
3017
3018
3019
3020
3021
3022
3023
3024
3025
3026
3027
3028
3029
3030
3031
3032
3033
3034
3035
3036
3037
3038
3039
3040
3041
3042
3043
3044
3045
3046
3047
3048
3049
3050
3051
3052
3053
3054
3055
3056
3057
3058
3059
3060
3061
3062
3063
3064
3065
3066
3067
3068
3069
3070
3071
3072
3073
3074
3075
3076
3077
3078
3079
3080
3081
3082
3083
3084
3085
3086
3087
3088
3089
3090
3091
3092
3093
3094
3095
3096
3097
3098
3099
3100
3101
3102
3103
3104
3105
3106
3107
3108
3109
3110
3111
3112
3113
3114
3115
3116
3117
3118
3119
3120
3121
3122
3123
3124
3125
3126
3127
3128
3129
3130
3131
3132
3133
3134
3135
3136
3137
3138
3139
3140
3141
3142
3143
3144
3145
3146
3147
3148
3149
3150
3151
3152
3153
3154
3155
3156
3157
3158
3159
3160
3161
3162
3163
3164
3165
3166
3167
3168
3169
3170
3171
3172
3173
3174
3175
3176
3177
3178
3179
3180
3181
3182
3183
3184
3185
3186
3187
3188
3189
3190
3191
3192
3193
3194
3195
3366
3197
3198
3199
3200
3201
3202
3203
3265
2863
3204
-4726
3206
3351
3208
-1940
2280
2281
2300
897
-4670
-5892
1906
-1783
-2771
3220
1557
3222
-924
-4044
-2532
524
3227
-4923
-1560
-2412
3231
-446
-3259
3234
-1721
-305
-5162
-5953
-1656
2371
-4018
3242
3196
3244
3245
3246
3247
3248
1765
-1821
-230
-6038
3253
3254
-3000
1980
-5425
-4548
502
3260
25
3262
-802
3264
3267
-2113
3269
-5661
3271
-3163
2284
2285
906
-1763
-5368
-4899
-3545
-5698
-5658
-5429
3266
3283
3284
3285
3286
3287
3288
3289
3290
3291
3292
3293
3294
3295
3296
3297
3298
3299
3300
3301
3302
3303
3304
3305
3306
3307
3308
3309
3310
3311
3312
3313
3314
3315
3316
3317
3318
3319
3320
3321
3322
3323
3324
3325
3326
3327
3328
3329
3391
3392
3393
